75 0.49038461538461536 0.2247596153846154 0.1346153846153846 0.09134615384615384
75 0.5793269230769231 0.23677884615384615 0.10096153846153846 0.0733173076923077
75 0.6670673076923077 0.22596153846153846 0.08413461538461539 0.09375
75 0.8449519230769231 0.21754807692307693 0.06009615384615385 0.10096153846153846
75 0.8737980769230769 0.2620192307692308 0.03365384615384615 0.056490384615384616
75 0.9423076923076923 0.19951923076923078 0.11177884615384616 0.24639423076923078
75 0.96875 0.27163461538461536 0.06009615384615385 0.15985576923076922
12 0.2608173076923077 0.3161057692307692 0.06850961538461539 0.23317307692307693
12 0.2620192307692308 0.1466346153846154 0.06490384615384616 0.23918269230769232
12 0.47716346153846156 0.16706730769230768 0.06971153846153846 0.26322115384615385
12 0.7860576923076923 0.19951923076923078 0.10096153846153846 0.3713942307692308
4 0.09975961538461539 0.8040865384615384 0.19951923076923078 0.2764423076923077
64 0.2548076923076923 0.31850961538461536 0.0673076923076923 0.23677884615384615
64 0.25600961538461536 0.14783653846153846 0.0625 0.23677884615384615
64 0.47596153846153844 0.16346153846153846 0.0625 0.25240384615384615
64 0.7920673076923077 0.1971153846153846 0.09134615384615384 0.3641826923076923
83 0.4987980769230769 0.12379807692307693 0.9975961538461539 0.24759615384615385