12 0.5 0.5480769230769231 0.9987980769230769 0.9014423076923077
70 0.36778846153846156 0.3137019230769231 0.125 0.13341346153846154
70 0.5612980769230769 0.6189903846153846 0.20192307692307693 0.24278846153846154
70 0.8918269230769231 0.08533653846153846 0.04447115384615385 0.10336538461538461
59 0.5180288461538461 0.8028846153846154 0.7055288461538461 0.3870192307692308
59 0.8353365384615384 0.5060096153846154 0.32572115384615385 0.15985576923076922
76 0.5192307692307693 0.8016826923076923 0.7055288461538461 0.3942307692307692
76 0.8365384615384616 0.5024038461538461 0.32572115384615385 0.15865384615384615
105 0.5420673076923077 0.4495192307692308 0.9134615384615384 0.7055288461538461
67 0.2824519230769231 0.5480769230769231 0.5649038461538461 0.8942307692307693
67 0.19110576923076922 0.3737980769230769 0.20192307692307693 0.3545673076923077
67 0.2283653846153846 0.3545673076923077 0.0829326923076923 0.17908653846153846
67 0.4495192307692308 0.4206730769230769 0.375 0.4951923076923077
67 0.3401442307692308 0.28365384615384615 0.037259615384615384 0.055288461538461536
67 0.6105769230769231 0.359375 0.12980769230769232 0.19591346153846154
67 0.6706730769230769 0.30288461538461536 0.11658653846153846 0.21634615384615385
67 0.859375 0.3870192307692308 0.27884615384615385 0.48197115384615385
67 0.7524038461538461 0.33413461538461536 0.046875 0.14182692307692307
67 0.8016826923076923 0.2932692307692308 0.040865384615384616 0.078125