75 0.4987980769230769 0.4987980769230769 0.9975961538461539 0.9975961538461539
43 0.0625 0.6045673076923077 0.125 0.15865384615384615
74 0.39663461538461536 0.4987980769230769 0.7908653846153846 0.9975961538461539
33 0.39783653846153844 0.4987980769230769 0.7956730769230769 0.9975961538461539
122 0.3641826923076923 0.6490384615384616 0.5144230769230769 0.7007211538461539
122 0.5300480769230769 0.48677884615384615 0.5288461538461539 0.6069711538461539
64 0.3918269230769231 0.4987980769230769 0.7836538461538461 0.9975961538461539
55 0.3329326923076923 0.5036057692307693 0.15144230769230768 0.16346153846153846
105 0.3112980769230769 0.5673076923076923 0.6225961538461539 0.8629807692307693
105 0.4483173076923077 0.3918269230769231 0.6586538461538461 0.7836538461538461
41 0.0829326923076923 0.6213942307692307 0.0733173076923077 0.1141826923076923