28 0.4855769230769231 0.31490384615384615 0.6177884615384616 0.4362980769230769
121 0.8870192307692307 0.38100961538461536 0.22355769230769232 0.19471153846153846
12 0.9435096153846154 0.296875 0.051682692307692304 0.028846153846153848
18 0.12379807692307693 0.32091346153846156 0.11538461538461539 0.07211538461538461
21 0.5252403846153846 0.37259615384615385 0.32091346153846156 0.1045673076923077
84 0.12259615384615384 0.32211538461538464 0.12620192307692307 0.0829326923076923
84 0.13221153846153846 0.30649038461538464 0.12980769230769232 0.052884615384615384
84 0.8810096153846154 0.3918269230769231 0.23557692307692307 0.15865384615384615
84 0.8882211538461539 0.296875 0.21995192307692307 0.036057692307692304
84 0.8221153846153846 0.31009615384615385 0.06490384615384616 0.03365384615384615
84 0.9014423076923077 0.3125 0.09495192307692307 0.051682692307692304
7 0.42908653846153844 0.265625 0.11177884615384616 0.10096153846153846
7 0.4951923076923077 0.40024038461538464 0.24278846153846154 0.04447115384615385
7 0.5264423076923077 0.3485576923076923 0.28725961538461536 0.05889423076923077
7 0.5348557692307693 0.26322115384615385 0.10336538461538461 0.10336538461538461
7 0.6394230769230769 0.2644230769230769 0.10697115384615384 0.09735576923076923
13 0.10817307692307693 0.33774038461538464 0.020432692307692308 0.008413461538461538