71 0.8569711538461539 0.6622596153846154 0.2848557692307692 0.359375
0 0.41466346153846156 0.3870192307692308 0.18509615384615385 0.07692307692307693
0 0.6117788461538461 0.3942307692307692 0.17427884615384615 0.06610576923076923
19 0.5 0.6129807692307693 0.9987980769230769 0.5913461538461539
19 0.16346153846153846 0.06971153846153846 0.3076923076923077 0.13942307692307693
19 0.8605769230769231 0.06490384615384616 0.2776442307692308 0.12980769230769232
108 0.14423076923076922 0.6502403846153846 0.28846153846153844 0.34615384615384615
108 0.8701923076923077 0.7680288461538461 0.25721153846153844 0.15985576923076922
108 0.8774038461538461 0.6442307692307693 0.24278846153846154 0.109375
108 0.8834134615384616 0.5420673076923077 0.23197115384615385 0.11899038461538461
111 0.15625 0.6430288461538461 0.3125 0.3401442307692308
111 0.03125 0.7259615384615384 0.0625 0.3473557692307692
111 0.15865384615384615 0.07091346153846154 0.31009615384615385 0.14182692307692307
111 0.5132211538461539 0.5348557692307693 0.5204326923076923 0.11057692307692307
111 0.5120192307692307 0.7151442307692307 0.4266826923076923 0.2608173076923077
111 0.8533653846153846 0.6634615384615384 0.29086538461538464 0.35697115384615385
111 0.859375 0.06490384615384616 0.27884615384615385 0.12860576923076922
111 0.9639423076923077 0.8076923076923077 0.06971153846153846 0.1814903846153846
32 0.5588942307692307 0.20432692307692307 0.09615384615384616 0.2668269230769231
32 0.6850961538461539 0.2548076923076923 0.08052884615384616 0.18509615384615385
78 0.4987980769230769 0.6658653846153846 0.9975961538461539 0.38100961538461536
78 0.16466346153846154 0.06971153846153846 0.31009615384615385 0.13942307692307693
78 0.8605769230769231 0.06490384615384616 0.27524038461538464 0.12860576923076922
91 0.5 0.4050480769230769 0.9987980769230769 0.16346153846153846