75 0.5048076923076923 0.43990384615384615 0.8605769230769231 0.5264423076923077
35 0.5300480769230769 0.7367788461538461 0.39302884615384615 0.12740384615384615
107 0.53125 0.7415865384615384 0.3918269230769231 0.13221153846153846
95 0.4795673076923077 0.35336538461538464 0.7836538461538461 0.35336538461538464
95 0.48677884615384615 0.7007211538461539 0.04807692307692308 0.03365384615384615
95 0.5625 0.8221153846153846 0.025240384615384616 0.018028846153846152
95 0.7596153846153846 0.5588942307692307 0.10096153846153846 0.09615384615384616
95 0.7932692307692307 0.4855769230769231 0.037259615384615384 0.028846153846153848
95 0.8257211538461539 0.5048076923076923 0.018028846153846152 0.013221153846153846
95 0.8413461538461539 0.4543269230769231 0.016826923076923076 0.013221153846153846
95 0.8834134615384616 0.546875 0.09975961538461539 0.0625
95 0.859375 0.47836538461538464 0.03485576923076923 0.021634615384615384
95 0.8557692307692307 0.5048076923076923 0.018028846153846152 0.020432692307692308