3 0.4546875 0.509375 0.01875 0.0265625
2 0.43125 0.55703125 0.003125 0.01796875
3 0.4515625 0.5328125 0.01015625 0.02109375
0 0.3328125 0.61015625 0.034375 0.01796875
0 0.215625 0.646875 0.05703125 0.0375
0 0.178125 0.6484375 0.0171875 0.04140625
0 0.146875 0.66796875 0.0453125 0.046875
0 0.046875 0.66640625 0.06953125 0.04609375
0 0.0609375 0.71953125 0.11953125 0.0640625
0 0.47890625 0.60234375 0.0125 0.03046875
0 0.55625 0.60390625 0.1453125 0.2375
0 0.1109375 0.64296875 0.021875 0.0265625
2 0.128125 0.5484375 0.0046875 0.01796875
0 0.65078125 0.57578125 0.03359375 0.03359375