0 0.0796875 0.56875 0.0296875 0.0390625
3 0.0859375 0.51484375 0.01796875 0.025
3 0.13515625 0.47109375 0.0140625 0.028125
3 0.1359375 0.5046875 0.015625 0.03203125
3 0.23359375 0.52109375 0.009375 0.01640625
3 0.228125 0.51015625 0.01328125 0.025
3 0.353125 0.496875 0.025 0.015625
3 0.33828125 0.515625 0.0109375 0.01953125
3 0.20625 0.41875 0.01796875 0.03359375
0 0.321875 0.55390625 0.01171875 0.0125
0 0.30859375 0.553125 0.01640625 0.01640625
0 0.296875 0.55390625 0.009375 0.015625
0 0.28828125 0.55234375 0.01171875 0.01953125
0 0.27265625 0.553125 0.021875 0.02890625
0 0.2421875 0.55859375 0.0140625 0.015625
0 0.51640625 0.509375 0.1984375 0.4