0 0.5953125 0.51328125 0.03046875 0.0625
0 0.559375 0.521875 0.04453125 0.09140625
0 0.6109375 0.52734375 0.0390625 0.071875
0 0.7046875 0.5421875 0.05703125 0.1140625
1 0.7859375 0.54921875 0.08515625 0.096875
2 0.6921875 0.259375 0.01796875 0.05859375
2 0.8484375 0.43125 0.0125 0.04609375
3 0.83515625 0.4328125 0.01015625 0.03046875
2 0.8453125 0.48515625 0.01015625 0.01640625
2 0.0609375 0.0859375 0.0234375 0.0875
2 0.1375 0.20625 0.0125 0.034375
2 0.203125 0.38203125 0.009375 0.009375
1 0.0328125 0.421875 0.01640625 0.02890625
1 0.0125 0.4390625 0.025 0.084375
2 0.103125 0.2984375 0.0171875 0.05546875
1 0.15390625 0.45625 0.0125 0.0875
2 0.99375 0.44921875 0.0125 0.05
0 0.64765625 0.5359375 0.07578125 0.2875
0 0.646875 0.62734375 0.06953125 0.159375
0 0.8859375 0.59921875 0.228125 0.24609375