0 0.0765625 0.5171875 0.153125 0.1125
0 0.3453125 0.48125 0.09453125 0.075
0 0.421875 0.4625 0.0484375 0.06953125
0 0.528125 0.39453125 0.06171875 0.05
0 0.7875 0.49453125 0.12890625 0.15390625
0 0.64921875 0.44296875 0.03125 0.03359375
0 0.690625 0.4359375 0.01328125 0.03359375
0 0.70859375 0.43046875 0.025 0.02890625
0 0.8578125 0.4234375 0.0203125 0.0265625
0 0.96875 0.45234375 0.06171875 0.07890625
0 0.9390625 0.440625 0.0171875 0.0484375
0 0.9296875 0.43984375 0.01171875 0.040625
0 0.91484375 0.425 0.0203125 0.02109375
0 0.9125 0.409375 0.01875 0.01953125
0 0.896875 0.41875 0.0109375 0.015625