0 0.4828125 0.246875 0.00703125 0.01953125
0 0.465625 0.240625 0.021875 0.028125
0 0.4578125 0.2609375 0.02890625 0.04296875
0 0.43203125 0.24921875 0.01796875 0.0234375
0 0.396875 0.24609375 0.0453125 0.034375
0 0.415625 0.28359375 0.0578125 0.075
0 0.2375 0.30546875 0.11640625 0.13203125
0 0.3328125 0.309375 0.11484375 0.1484375
0 0.5328125 0.2390625 0.01640625 0.03359375
0 0.5109375 0.2453125 0.03125 0.05703125
3 0.57109375 0.19453125 0.0109375 0.0125
0 0.63125 0.2703125 0.034375 0.06953125
0 0.5734375 0.31171875 0.10234375 0.1859375
0 0.034375 0.4640625 0.06875 0.4375
1 0.68359375 0.27109375 0.0140625 0.07109375
0 0.90625 0.50703125 0.18671875 0.415625