0 0.0859375 0.4859375 0.171875 0.44140625
0 0.28359375 0.478125 0.13359375 0.13359375
0 0.45 0.465625 0.09609375 0.153125
0 0.5734375 0.465625 0.0859375 0.09296875
0 0.221875 0.44609375 0.0359375 0.034375
0 0.38046875 0.45234375 0.04375 0.0640625
0 0.496875 0.4328125 0.01796875 0.0390625
3 0.421875 0.371875 0.00859375 0.025
3 0.5265625 0.38046875 0.01171875 0.02109375
3 0.5265625 0.39921875 0.0078125 0.0140625
3 0.48515625 0.4015625 0.01640625 0.01796875
3 0.4484375 0.12265625 0.040625 0.02890625
3 0.61875 0.11328125 0.04453125 0.02109375
3 0.5546875 0.19609375 0.16953125 0.1359375
3 0.3875 0.196875 0.16875 0.1265625