3 0.35859375 0.24140625 0.0640625 0.115625
3 0.35625 0.40078125 0.0359375 0.08046875
3 0.45 0.375 0.009375 0.04296875
3 0.53125 0.3703125 0.021875 0.04296875
3 0.5296875 0.4015625 0.01328125 0.0140625
3 0.8984375 0.34765625 0.053125 0.08203125
3 0.9015625 0.40390625 0.0109375 0.0234375
3 0.8390625 0.39140625 0.01640625 0.02890625
3 0.8265625 0.46484375 0.0109375 0.0390625
0 0.62734375 0.46640625 0.02734375 0.0265625
0 0.5890625 0.465625 0.05625 0.04296875
0 0.696875 0.53203125 0.171875 0.1875
0 0.909375 0.65234375 0.175 0.53203125
1 0.80859375 0.46953125 0.00703125 0.02890625