3 0.3984375 0.2265625 0.01015625 0.01640625
2 0.446875 0.09296875 0.0140625 0.03359375
3 0.40625 0.25 0.00859375 0.015625
2 0.43671875 0.27578125 0.009375 0.0140625
2 0.5375 0.26015625 0.009375 0.01640625
2 0.946875 0.103125 0.0140625 0.05390625
2 0.98984375 0.28671875 0.0140625 0.021875
2 0.9765625 0.28515625 0.01328125 0.021875
2 0.9265625 0.09765625 0.0203125 0.05546875
0 0.44765625 0.30078125 0.0140625 0.02109375
0 0.4328125 0.3109375 0.0140625 0.01796875
0 0.47734375 0.31484375 0.0171875 0.02890625
0 0.5015625 0.32421875 0.025 0.03046875
0 0.4625 0.2953125 0.01328125 0.01640625
0 0.421875 0.31484375 0.015625 0.021875
0 0.5484375 0.3359375 0.090625 0.134375