3 0.5671875 0.31328125 0.0078125 0.021875
3 0.51484375 0.3390625 0.0140625 0.009375
3 0.50234375 0.36796875 0.04609375 0.0484375
3 0.4625 0.37265625 0.02890625 0.034375
2 0.371875 0.33671875 0.00390625 0.02109375
2 0.365625 0.33671875 0.003125 0.0140625
3 0.5578125 0.334375 0.01328125 0.009375
0 0.4328125 0.4421875 0.00859375 0.0140625
0 0.42421875 0.44140625 0.009375 0.015625
0 0.41328125 0.44609375 0.01171875 0.02109375
0 0.403125 0.4421875 0.0171875 0.028125
0 0.37734375 0.446875 0.0390625 0.04296875
0 0.340625 0.446875 0.0390625 0.04453125
0 0.296875 0.44921875 0.01953125 0.04453125
0 0.2734375 0.46015625 0.0578125 0.0609375
0 0.21875 0.4640625 0.0578125 0.06796875
0 0.19609375 0.43125 0.046875 0.03359375
0 0.578125 0.45546875 0.028125 0.0390625
0 0.54296875 0.46328125 0.053125 0.0625
0 0.7625 0.484375 0.0609375 0.0984375
0 0.46875 0.47265625 0.08046875 0.13046875
0 0.6796875 0.49921875 0.165625 0.1734375
0 0.121875 0.484375 0.21640625 0.146875
3 0.0140625 0.0765625 0.01953125 0.0140625