0 0.4796875 0.2078125 0.01171875 0.0265625
0 0.471875 0.2125 0.015625 0.03046875
0 0.4640625 0.2171875 0.01875 0.0484375
0 0.45625 0.21484375 0.01953125 0.04453125
0 0.4484375 0.21953125 0.02109375 0.05859375
0 0.43515625 0.22578125 0.0234375 0.065625
0 0.4234375 0.240625 0.0234375 0.071875
0 0.521875 0.2109375 0.01171875 0.028125
0 0.52890625 0.2140625 0.01328125 0.03359375
0 0.534375 0.2125 0.02265625 0.034375
0 0.5484375 0.22578125 0.034375 0.0609375
0 0.5671875 0.234375 0.0234375 0.0609375
0 0.5796875 0.246875 0.04765625 0.0984375
0 0.60546875 0.25703125 0.05 0.115625
0 0.63515625 0.27734375 0.06484375 0.13046875
0 0.2875 0.28671875 0.15 0.22109375
0 0.16953125 0.34140625 0.2171875 0.33046875
0 0.3921875 0.253125 0.07109375 0.103125
0 0.7046875 0.31640625 0.15 0.1875
0 0.0609375 0.4046875 0.12109375 0.42890625
0 0.4921875 0.215625 0.01953125 0.028125