0 0.41171875 0.52890625 0.01875 0.02890625
0 0.346875 0.50546875 0.01875 0.01953125
0 0.365625 0.50703125 0.0203125 0.021875
0 0.3625 0.546875 0.04765625 0.05859375
0 0.4296875 0.54375 0.03984375 0.0609375
0 0.4625 0.54140625 0.02890625 0.040625
3 0.3921875 0.4609375 0.009375 0.0109375
3 0.38125 0.471875 0.00859375 0.0140625
3 0.34375 0.46640625 0.02265625 0.0234375
3 0.346875 0.4796875 0.01171875 0.01953125
3 0.3015625 0.48046875 0.00703125 0.015625
3 0.2921875 0.478125 0.009375 0.01953125
3 0.25078125 0.4703125 0.01484375 0.02109375
3 0.5015625 0.49296875 0.00703125 0.021875
3 0.60078125 0.4484375 0.015625 0.02109375
1 0.5578125 0.53125 0.0125 0.0515625
0 0.115625 0.64765625 0.2296875 0.35703125