0 0.48671875 0.50078125 0.0125 0.0265625
0 0.459375 0.5046875 0.01484375 0.01796875
0 0.4390625 0.50859375 0.0234375 0.025
0 0.459375 0.53125 0.02890625 0.04140625
0 0.4109375 0.52109375 0.03046875 0.0375
0 0.3828125 0.52265625 0.02578125 0.02890625
0 0.36171875 0.528125 0.02578125 0.03046875
0 0.33515625 0.52734375 0.0328125 0.05390625
0 0.2953125 0.5296875 0.0640625 0.08046875
0 0.4375 0.53671875 0.03515625 0.04609375
0 0.51796875 0.52265625 0.0171875 0.025
3 0.52578125 0.48125 0.01328125 0.025
3 0.5515625 0.4890625 0.01171875 0.021875
3 0.6125 0.47109375 0.009375 0.025
3 0.71953125 0.39140625 0.0484375 0.09296875
0 0.671875 0.5453125 0.05546875 0.05