0 0.50390625 0.38515625 0.08359375 0.07109375
0 0.3328125 0.37109375 0.05859375 0.084375
0 0.2453125 0.33828125 0.01328125 0.028125
0 0.2359375 0.340625 0.00859375 0.0375
0 0.215625 0.3390625 0.0375 0.0515625
0 0.2765625 0.36640625 0.07578125 0.10390625
0 0.41328125 0.403125 0.11640625 0.14453125
0 0.80859375 0.59609375 0.38125 0.653125
2 0.328125 0.26796875 0.00546875 0.0234375
2 0.296875 0.2546875 0.00546875 0.021875
2 0.23125 0.2359375 0.00546875 0.02890625
2 0.265625 0.24375 0.0046875 0.028125
3 0.3421875 0.3171875 0.03046875 0.025
3 0.278125 0.2796875 0.02578125 0.04453125
3 0.2484375 0.26953125 0.0328125 0.04609375
3 0.21171875 0.25859375 0.03125 0.04609375