3 0.0359375 0.396875 0.06953125 0.065625
0 0.13515625 0.5875 0.090625 0.0875
0 0.203125 0.5921875 0.04765625 0.0640625
3 0.3171875 0.34296875 0.084375 0.18046875
0 0.321875 0.578125 0.03203125 0.04296875
0 0.35234375 0.5875 0.03359375 0.0390625
0 0.403125 0.565625 0.02421875 0.021875
0 0.38828125 0.5578125 0.01484375 0.02109375
0 0.4171875 0.5875 0.02421875 0.03203125
0 0.4203125 0.553125 0.0171875 0.021875
2 0.4609375 0.521875 0.00703125 0.025
2 0.4984375 0.5375 0.01171875 0.01640625
0 0.4828125 0.6078125 0.0234375 0.0265625
0 0.5078125 0.675 0.09296875 0.1609375
0 0.56796875 0.6484375 0.03671875 0.09453125
0 0.6 0.6515625 0.03046875 0.0625
0 0.621875 0.6625 0.03828125 0.06953125
0 0.65546875 0.678125 0.04140625 0.090625
0 0.6921875 0.68828125 0.03984375 0.09453125
0 0.78125 0.79296875 0.2359375 0.2890625
3 0.85546875 0.57578125 0.02109375 0.021875
3 0.8546875 0.60234375 0.01484375 0.03046875
3 0.578125 0.56171875 0.01953125 0.01796875
3 0.64453125 0.596875 0.0125 0.02109375
0 0.490625 0.55390625 0.0125 0.02109375
3 0.5375 0.565625 0.00859375 0.0125
0 0.43828125 0.553125 0.015625 0.0375
3 0.675 0.590625 0.00703125 0.021875