0 0.43203125 0.43203125 0.0421875 0.053125
0 0.4609375 0.41484375 0.03203125 0.053125
0 0.58359375 0.44375 0.03359375 0.04453125
2 0.5078125 0.27421875 0.00625 0.03046875
2 0.4984375 0.28046875 0.00859375 0.02890625
2 0.5296875 0.334375 0.009375 0.028125
2 0.59609375 0.27890625 0.01015625 0.05390625
2 0.6109375 0.2703125 0.00625 0.03359375
3 0.4265625 0.3046875 0.015625 0.03046875
3 0.41875 0.28828125 0.009375 0.05859375
3 0.60703125 0.3375 0.01640625 0.040625
3 0.11953125 0.35234375 0.01796875 0.0140625
3 0.14453125 0.35234375 0.02265625 0.01640625
3 0.684375 0.32421875 0.01796875 0.03046875
3 0.76953125 0.321875 0.01875 0.02890625
2 0.06484375 0.35390625 0.0109375 0.009375