3 0.56953125 0.3515625 0.05859375 0.0390625
3 0.63828125 0.34765625 0.0390625 0.021875
3 0.67578125 0.37578125 0.01015625 0.01640625
3 0.6765625 0.3953125 0.01171875 0.01796875
3 0.5640625 0.38359375 0.0078125 0.0125
3 0.8140625 0.39765625 0.05546875 0.05390625
0 0.6296875 0.471875 0.025 0.0390625
0 0.38125 0.48125 0.02109375 0.0234375
0 0.3375 0.4765625 0.0140625 0.03359375
0 0.9828125 0.56015625 0.03046875 0.1109375
0 0.57578125 0.49296875 0.0171875 0.028125
0 0.6015625 0.503125 0.0296875 0.028125
2 0.709375 0.30703125 0.01015625 0.01640625