2 0.0875 0.46171875 0.01171875 0.0140625
2 0.1015625 0.46171875 0.01015625 0.01640625
2 0.3109375 0.30859375 0.021875 0.09296875
2 0.509375 0.37421875 0.01171875 0.04296875
2 0.63515625 0.31171875 0.02421875 0.06796875
2 0.7359375 0.3515625 0.01171875 0.05546875
2 0.9046875 0.46953125 0.01328125 0.01953125
2 0.8859375 0.471875 0.0046875 0.01796875
3 0.9078125 0.41484375 0.02578125 0.0109375
3 0.571875 0.359375 0.04921875 0.01953125
3 0.25625 0.22734375 0.084375 0.0265625
2 0.19140625 0.24296875 0.0171875 0.0515625
2 0.21015625 0.23515625 0.01796875 0.0609375
2 0.746875 0.35390625 0.009375 0.05703125
2 0.3109375 0.39765625 0.02109375 0.040625
2 0.3296875 0.28125 0.0078125 0.14140625
0 0.29296875 0.521875 0.028125 0.0390625
0 0.265625 0.528125 0.028125 0.0390625
0 0.353125 0.52421875 0.03125 0.0234375
0 0.659375 0.5203125 0.0203125 0.028125
0 0.5375 0.603125 0.2421875 0.384375
0 0.12109375 0.65703125 0.2421875 0.48203125
0 0.965625 0.8328125 0.06796875 0.3234375