3 0.490625 0.4921875 0.01796875 0.03046875
3 0.7078125 0.478125 0.021875 0.03203125
3 0.4640625 0.45390625 0.01796875 0.0125
3 0.3796875 0.425 0.015625 0.059375
3 0.759375 0.42421875 0.015625 0.009375
3 0.746875 0.43359375 0.015625 0.0125
3 0.7609375 0.440625 0.015625 0.015625
0 0.4109375 0.57265625 0.10625 0.1625
0 0.34609375 0.6109375 0.13359375 0.1875
0 0.171875 0.646875 0.34375 0.40703125
0 0.753125 0.56484375 0.0859375 0.13046875
0 0.6 0.709375 0.37265625 0.45859375
0 0.8953125 0.6375 0.20859375 0.2984375
0 0.0234375 0.78671875 0.0453125 0.265625