3 0.678125 0.50078125 0.0203125 0.02109375
3 0.640625 0.51328125 0.00859375 0.01953125
0 0.53515625 0.55234375 0.015625 0.021875
0 0.55703125 0.546875 0.0109375 0.0234375
0 0.409375 0.55234375 0.06328125 0.0390625
0 0.23515625 0.565625 0.15 0.07890625
0 0.165625 0.553125 0.0515625 0.0234375
0 0.10625 0.55703125 0.065625 0.0390625
0 0.053125 0.54921875 0.071875 0.0359375
0 0.5734375 0.56796875 0.040625 0.05390625
3 0.03203125 0.315625 0.0640625 0.23046875
0 0.62578125 0.553125 0.025 0.02109375
3 0.3015625 0.40703125 0.06953125 0.1265625