1 0.01015625 0.4390625 0.0203125 0.15
1 0.753125 0.421875 0.0140625 0.02109375
1 0.284375 0.409375 0.01484375 0.04609375
1 0.39609375 0.41328125 0.01171875 0.046875
1 0.40859375 0.4046875 0.01015625 0.0390625
0 0.471875 0.59921875 0.246875 0.35859375
0 0.1609375 0.55859375 0.321875 0.3015625
1 0.08046875 0.43671875 0.04921875 0.1
0 0.86953125 0.703125 0.25625 0.5234375
0 0.33046875 0.50625 0.09609375 0.14453125
0 0.378125 0.459375 0.028125 0.0375
0 0.7875 0.5015625 0.10078125 0.14609375
0 0.6765625 0.51015625 0.1546875 0.21796875
0 0.5453125 0.43203125 0.0171875 0.0140625
0 0.53203125 0.403125 0.02578125 0.01796875
0 0.47109375 0.4140625 0.07265625 0.01640625
3 0.36875 0.38828125 0.01640625 0.034375
3 0.3734375 0.31796875 0.01171875 0.03359375
3 0.659375 0.28203125 0.03125 0.0140625
2 0.3203125 0.334375 0.009375 0.046875
2 0.3171875 0.38828125 0.01015625 0.0140625
2 0.303125 0.428125 0.01171875 0.021875
2 0.4234375 0.346875 0.00703125 0.0265625
3 0.70390625 0.36328125 0.01875 0.01796875
2 0.69296875 0.3890625 0.01015625 0.01640625
2 0.721875 0.3546875 0.01015625 0.03046875
2 0.8078125 0.41328125 0.009375 0.021875
2 0.821875 0.41328125 0.01171875 0.021875
0 0.809375 0.4265625 0.0546875 0.028125