3 0.08515625 0.05234375 0.0515625 0.10390625
3 0.40390625 0.31796875 0.0125 0.021875
2 0.609375 0.3640625 0.00703125 0.0140625
0 0.61796875 0.4015625 0.0078125 0.0125
0 0.6375 0.40625 0.02734375 0.0359375
0 0.66875 0.41953125 0.015625 0.03046875
0 0.69375 0.41640625 0.03671875 0.05
0 0.659375 0.4125 0.009375 0.0375
0 0.7609375 0.43046875 0.06015625 0.0640625
0 0.7953125 0.446875 0.05234375 0.05546875
0 0.85390625 0.43984375 0.08359375 0.0984375
0 0.925 0.4671875 0.10625 0.0984375
0 0.9796875 0.50078125 0.03671875 0.065625