0 0.4953125 0.56875 0.0109375 0.0125
0 0.4859375 0.57109375 0.009375 0.0125
0 0.47109375 0.5765625 0.0140625 0.01953125
0 0.459375 0.5859375 0.01640625 0.02109375
0 0.50625 0.571875 0.009375 0.015625
0 0.52421875 0.58671875 0.01328125 0.0234375
0 0.53203125 0.5921875 0.01171875 0.03359375
0 0.3890625 0.596875 0.03671875 0.06796875
0 0.28046875 0.6140625 0.06796875 0.128125
0 0.3421875 0.59765625 0.075 0.09609375
0 0.48359375 0.5828125 0.015625 0.01953125
0 0.50625 0.58671875 0.0140625 0.01953125
0 0.55 0.59609375 0.02890625 0.04453125
0 0.609375 0.60390625 0.0828125 0.12890625
0 0.821875 0.67734375 0.3 0.33203125
0 0.125 0.590625 0.25 0.32890625
0 0.909375 0.80390625 0.18046875 0.384375
3 0.3890625 0.521875 0.0140625 0.0125
3 0.6171875 0.4828125 0.01796875 0.015625
2 0.478125 0.52890625 0.00859375 0.01640625
2 0.4875 0.54453125 0.00859375 0.01640625
2 0.51875 0.53828125 0.009375 0.01640625
0 0.42578125 0.60625 0.06484375 0.0765625