0 0.3109375 0.41171875 0.0734375 0.11640625
0 0.43125 0.4125 0.05625 0.08046875
0 0.2578125 0.41171875 0.03984375 0.08046875
0 0.3671875 0.41015625 0.04453125 0.07109375
0 0.39375 0.41328125 0.01796875 0.02890625
3 0.44921875 0.2125 0.028125 0.02109375
3 0.4328125 0.2546875 0.06875 0.05546875
3 0.525 0.23359375 0.0140625 0.0515625
3 0.50625 0.2984375 0.02578125 0.04296875
3 0.459375 0.365625 0.01015625 0.0125
3 0.459375 0.38046875 0.025 0.02109375
3 0.4390625 0.3671875 0.009375 0.00546875
3 0.4390625 0.37265625 0.01171875 0.00546875