3 0.365625 0.39296875 0.00859375 0.00546875
3 0.37734375 0.36484375 0.021875 0.0109375
3 0.6421875 0.0890625 0.0109375 0.090625
3 0.1 0.34609375 0.03046875 0.065625
2 0.4609375 0.353125 0.003125 0.01640625
2 0.39375 0.35546875 0.003125 0.01796875
2 0.46640625 0.353125 0.00546875 0.02109375
2 0.3984375 0.353125 0.003125 0.01953125
1 0.0359375 0.46875 0.0140625 0.05390625
1 0.025 0.4796875 0.0171875 0.090625
1 0.6953125 0.43046875 0.028125 0.1375
0 0.46640625 0.428125 0.01328125 0.025
0 0.4328125 0.428125 0.00703125 0.0125
0 0.425 0.43125 0.00625 0.01640625
0 0.4046875 0.43046875 0.0109375 0.02109375
0 0.3953125 0.43203125 0.00703125 0.01796875
0 0.3859375 0.434375 0.01484375 0.02109375
0 0.365625 0.44609375 0.034375 0.0515625
0 0.33828125 0.4515625 0.0453125 0.0625
0 0.296875 0.45859375 0.06484375 0.0765625
0 0.0890625 0.4890625 0.121875 0.140625
0 0.196875 0.46875 0.14921875 0.15859375
0 0.415625 0.43203125 0.0171875 0.0265625
0 0.446875 0.4328125 0.028125 0.04609375
0 0.51484375 0.46796875 0.10078125 0.140625
0 0.50625 0.38125 0.0703125 0.109375
2 0.640625 0.20703125 0.0140625 0.06640625