0 0.109375 0.63203125 0.21875 0.415625
3 0.2296875 0.54921875 0.0234375 0.059375
0 0.33125 0.64296875 0.03203125 0.04453125
0 0.3453125 0.63984375 0.01484375 0.03359375
3 0.31875 0.59296875 0.0109375 0.0234375
3 0.315625 0.56953125 0.01171875 0.0140625
0 0.3625 0.63515625 0.01875 0.0234375
0 0.38046875 0.63046875 0.01484375 0.0234375
0 0.396875 0.63203125 0.01171875 0.02109375
0 0.41015625 0.6359375 0.01875 0.02109375
3 0.446875 0.6015625 0.0078125 0.0265625
3 0.565625 0.54765625 0.03359375 0.06953125
3 0.4875 0.57578125 0.0109375 0.02109375
3 0.434375 0.60234375 0.015625 0.0140625
2 0.921875 0.49765625 0.03828125 0.08203125
3 0.85859375 0.4125 0.04453125 0.0515625
3 0.878125 0.35390625 0.06953125 0.046875
3 0.896875 0.321875 0.059375 0.034375
3 0.87109375 0.259375 0.03828125 0.09609375
3 0.8703125 0.08203125 0.0734375 0.1125
0 0.4546875 0.653125 0.0359375 0.05390625
0 0.48203125 0.66640625 0.0328125 0.09609375
0 0.53203125 0.678125 0.10390625 0.153125
2 0.95 0.5 0.01875 0.06953125