2 0.3359375 0.2484375 0.009375 0.03359375
2 0.43515625 0.28515625 0.00859375 0.0265625
2 0.3265625 0.2484375 0.00859375 0.0359375
2 0.390625 0.32578125 0.00703125 0.02109375
2 0.3421875 0.321875 0.009375 0.0140625
3 0.25625 0.25546875 0.01640625 0.0265625
3 0.25 0.3140625 0.0125 0.009375
3 0.25625 0.3265625 0.01484375 0.015625
0 0.378125 0.371875 0.0109375 0.01953125
0 0.3875 0.378125 0.01953125 0.028125
0 0.50625 0.415625 0.0390625 0.0765625
0 0.5359375 0.42578125 0.07734375 0.09140625
0 0.321875 0.38203125 0.01640625 0.03359375
0 0.3109375 0.38203125 0.01875 0.03359375
0 0.2890625 0.390625 0.03515625 0.04296875
0 0.3953125 0.40546875 0.04765625 0.05546875
0 0.58046875 0.43828125 0.0890625 0.1140625
0 0.803125 0.50703125 0.25625 0.21640625
0 0.9375 0.54765625 0.1234375 0.28046875