0 0.0421875 0.52890625 0.084375 0.20390625
0 0.1421875 0.55 0.0921875 0.125
0 0.2328125 0.5484375 0.1453125 0.16796875
0 0.3296875 0.5296875 0.06328125 0.07890625
0 0.375 0.51640625 0.03984375 0.059375
3 0.4140625 0.48359375 0.01875 0.03359375
3 0.47734375 0.4234375 0.03203125 0.053125
2 0.48828125 0.34765625 0.01484375 0.04296875
2 0.490625 0.26953125 0.01484375 0.05
3 0.490625 0.23046875 0.01171875 0.01796875
2 0.42578125 0.40234375 0.01796875 0.05390625
2 0.43828125 0.4046875 0.009375 0.053125
3 0.12578125 0.1046875 0.11015625 0.15859375
3 0.1265625 0.159375 0.1609375 0.1609375
3 0.1953125 0.053125 0.05859375 0.10546875
3 0.4609375 0.49453125 0.028125 0.0375
0 0.49765625 0.5140625 0.025 0.0390625
0 0.515625 0.496875 0.0203125 0.025
0 0.5296875 0.50859375 0.021875 0.03203125
0 0.5515625 0.509375 0.03046875 0.0484375
0 0.60078125 0.5421875 0.103125 0.12109375
3 0.6359375 0.45703125 0.025 0.015625
3 0.678125 0.43203125 0.015625 0.02109375
3 0.6765625 0.4078125 0.01484375 0.01640625
3 0.665625 0.321875 0.03515625 0.01953125
2 0.759375 0.02265625 0.03125 0.0453125