3 0.4625 0.3328125 0.02265625 0.015625
3 0.39375 0.321875 0.03359375 0.025
3 0.515625 0.37265625 0.053125 0.0625
3 0.46484375 0.37421875 0.0359375 0.06796875
3 0.4046875 0.37578125 0.0640625 0.08046875
3 0.48125 0.44296875 0.02734375 0.01796875
3 0.44921875 0.44296875 0.01953125 0.01796875
3 0.425 0.44375 0.0296875 0.021875
3 0.390625 0.446875 0.015625 0.03046875
0 0.45 0.484375 0.0140625 0.01796875
0 0.4375 0.48046875 0.01015625 0.0125
0 0.4046875 0.4828125 0.01171875 0.01796875
0 0.3640625 0.484375 0.03828125 0.04453125
0 0.3109375 0.471875 0.0203125 0.03359375
0 0.5203125 0.4890625 0.03984375 0.05
0 0.4796875 0.496875 0.04140625 0.04609375
0 0.6734375 0.5109375 0.1140625 0.11796875
0 0.425 0.484375 0.01171875 0.01640625