0 0.3671875 0.3984375 0.09453125 0.1125
3 0.5515625 0.3421875 0.03125 0.0359375
3 0.59765625 0.34765625 0.03828125 0.025
3 0.4828125 0.365625 0.015625 0.046875
3 0.5859375 0.39921875 0.015625 0.01640625
3 0.6 0.39921875 0.00703125 0.0109375
0 0.559375 0.42578125 0.009375 0.01953125
0 0.56640625 0.42578125 0.00859375 0.00859375
0 0.57265625 0.421875 0.00703125 0.0140625
0 0.578125 0.42734375 0.0140625 0.025
0 0.5984375 0.43046875 0.009375 0.02109375
0 0.646875 0.44765625 0.02734375 0.04140625
0 0.58671875 0.434375 0.01796875 0.025
0 0.61484375 0.446875 0.03671875 0.046875
0 0.965625 0.6828125 0.065625 0.2125