3 0.6375 0.25703125 0.009375 0.02109375
2 0.575 0.23671875 0.009375 0.021875
2 0.5046875 0.2328125 0.00859375 0.02109375
2 0.4890625 0.25859375 0.00859375 0.01640625
0 0.565625 0.26640625 0.0078125 0.015625
0 0.5921875 0.2953125 0.03125 0.0484375
0 0.5453125 0.2546875 0.01171875 0.01640625
0 0.5234375 0.284375 0.028125 0.04140625
0 0.3921875 0.27734375 0.015625 0.0265625
0 0.37578125 0.278125 0.015625 0.03359375
0 0.35625 0.28515625 0.0203125 0.021875
0 0.33046875 0.2828125 0.01484375 0.0234375
0 0.68125 0.28984375 0.01171875 0.0234375
0 0.696875 0.2921875 0.0109375 0.021875
0 0.73203125 0.29765625 0.02109375 0.02890625
0 0.77890625 0.303125 0.01953125 0.0375
0 0.75703125 0.2953125 0.01875 0.0375
0 0.8078125 0.30234375 0.02734375 0.028125
0 0.8609375 0.30703125 0.04609375 0.04453125
0 0.953125 0.315625 0.0578125 0.05546875
0 0.9890625 0.32421875 0.021875 0.0515625
0 0.296875 0.284375 0.03203125 0.03046875
0 0.2671875 0.28203125 0.046875 0.040625
0 0.1984375 0.284375 0.05078125 0.0484375
0 0.11875 0.278125 0.03046875 0.0484375
0 0.15 0.284375 0.0625 0.0515625
0 0.05 0.284375 0.0828125 0.075
3 0.8171875 0.26875 0.01171875 0.02109375
3 0.49375 0.21953125 0.01484375 0.01640625