0 0.490625 0.57734375 0.01015625 0.0140625
0 0.48125 0.57734375 0.0140625 0.01796875
0 0.46796875 0.57890625 0.0140625 0.01796875
0 0.459375 0.5828125 0.01484375 0.025
0 0.45 0.58671875 0.01484375 0.02109375
0 0.4390625 0.58515625 0.0140625 0.0265625
0 0.425 0.5875 0.02109375 0.034375
0 0.41875 0.58984375 0.01484375 0.034375
0 0.40546875 0.59375 0.02109375 0.034375
0 0.3890625 0.59296875 0.02421875 0.0375
0 0.371875 0.596875 0.01953125 0.0375
0 0.3484375 0.60234375 0.040625 0.059375
0 0.30390625 0.61484375 0.05703125 0.059375
0 0.56875 0.5765625 0.0140625 0.01640625
0 0.55625 0.5765625 0.0125 0.01640625
0 0.5875 0.58359375 0.01953125 0.01796875
0 0.6125 0.5890625 0.02890625 0.02890625
0 0.2421875 0.61640625 0.0765625 0.08203125
0 0.16484375 0.625 0.08359375 0.09453125
0 0.1046875 0.6546875 0.10078125 0.11796875
0 0.678125 0.62421875 0.11015625 0.0890625
0 0.528125 0.64140625 0.08125 0.1359375
0 0.53125 0.56953125 0.02109375 0.00859375
0 0.7734375 0.6484375 0.13125 0.13359375
0 0.0328125 0.66875 0.065625 0.153125