0 0.4859375 0.328125 0.021875 0.02890625
0 0.471875 0.33359375 0.0265625 0.04296875
0 0.4515625 0.33671875 0.028125 0.0515625
0 0.425 0.3421875 0.04609375 0.078125
0 0.384375 0.353125 0.071875 0.109375
0 0.325 0.37421875 0.09765625 0.13046875
0 0.2171875 0.39609375 0.22421875 0.2140625
0 0.51875 0.3296875 0.01640625 0.03359375
0 0.5328125 0.33203125 0.01875 0.04609375
0 0.54296875 0.334375 0.0234375 0.0515625
0 0.5734375 0.340625 0.053125 0.08046875
0 0.6515625 0.3390625 0.140625 0.21640625
0 0.6953125 0.403125 0.1359375 0.1875
0 0.8515625 0.4515625 0.29375 0.43359375
3 0.365625 0.2609375 0.02109375 0.0515625
3 0.57109375 0.29140625 0.01484375 0.03046875