1 0.8109375 0.75625 0.01171875 0.034375
0 0.7921875 0.78359375 0.04609375 0.05546875
0 0.884375 0.76640625 0.09296875 0.08359375
0 0.43125 0.7875 0.0234375 0.0234375
1 0.78359375 0.80234375 0.0265625 0.0515625
1 0.81875 0.778125 0.01875 0.0890625
1 0.91015625 0.76640625 0.01953125 0.0890625
1 0.61328125 0.78515625 0.01875 0.05546875
2 0.4703125 0.68671875 0.0078125 0.028125
2 0.628125 0.6421875 0.0078125 0.03359375
2 0.58359375 0.740625 0.00625 0.01796875
2 0.615625 0.6421875 0.00625 0.03046875
2 0.7484375 0.62109375 0.01171875 0.034375
0 0.37578125 0.796875 0.10234375 0.07890625
0 0.7125 0.76328125 0.13125 0.203125
3 0.71484375 0.65703125 0.0140625 0.028125
3 0.8765625 0.57265625 0.0328125 0.0234375
3 0.765625 0.64609375 0.02890625 0.0140625
3 0.8828125 0.46640625 0.03046875 0.046875
3 0.8859375 0.52421875 0.0328125 0.06796875
3 0.7453125 0.68515625 0.02265625 0.0125