2 0.5484375 0.46171875 0.0078125 0.02890625
2 0.44609375 0.5109375 0.00625 0.0265625
2 0.47578125 0.54609375 0.00703125 0.0140625
2 0.48671875 0.5609375 0.003125 0.01640625
2 0.509375 0.52734375 0.00390625 0.01640625
2 0.50234375 0.54765625 0.00390625 0.0140625
2 0.48203125 0.55625 0.00390625 0.0234375
2 0.509375 0.546875 0.003125 0.0234375
2 0.50234375 0.56640625 0.00390625 0.01953125
2 0.54765625 0.5546875 0.00625 0.01796875
3 0.51796875 0.5546875 0.0046875 0.0140625
3 0.5265625 0.553125 0.00703125 0.0140625
3 0.53828125 0.54609375 0.0046875 0.01796875
0 0.47265625 0.5796875 0.02109375 0.01796875
0 0.58125 0.57109375 0.025 0.025
0 0.6171875 0.57265625 0.03359375 0.0640625
0 0.65859375 0.56484375 0.0546875 0.0625
0 0.71796875 0.5765625 0.07890625 0.07890625
2 0.1578125 0.57265625 0.0078125 0.02109375
2 0.2671875 0.48671875 0.009375 0.03203125
0 0.0875 0.63671875 0.07578125 0.059375
0 0.03359375 0.67421875 0.0671875 0.06640625
3 0.4421875 0.48515625 0.0125 0.0125
3 0.81640625 0.40546875 0.021875 0.03203125