0 0.83046875 0.18515625 0.33671875 0.32109375
0 0.8546875 0.0515625 0.059375 0.04453125
0 0.703125 0.15 0.1296875 0.09609375
0 0.43671875 0.22265625 0.05234375 0.04609375
0 0.4046875 0.22578125 0.02421875 0.046875
0 0.39140625 0.21484375 0.02109375 0.05
0 0.1390625 0.328125 0.0359375 0.08203125
0 0.240625 0.271875 0.00546875 0.025
0 0.253125 0.2734375 0.0171875 0.04296875
0 0.26171875 0.26953125 0.009375 0.04296875
0 0.26875 0.271875 0.01171875 0.02890625
0 0.27109375 0.2703125 0.0140625 0.03359375
2 0.275 0.19765625 0.003125 0.02109375
2 0.2359375 0.2453125 0.00703125 0.01640625
2 0.19609375 0.0125 0.0140625 0.025
2 0.04921875 0.23671875 0.01953125 0.025
2 0.496875 0.11015625 0.0171875 0.02890625
2 0.17421875 0.01640625 0.0109375 0.0328125
3 0.4828125 0.0125 0.0171875 0.01640625
3 0.40390625 0.178125 0.0078125 0.0265625
0 0.3515625 0.29921875 0.1109375 0.1734375
0 0.2078125 0.3265625 0.1046875 0.146875
3 0.06875 0.1921875 0.0328125 0.01796875
2 0.4875 0.1109375 0.01015625 0.0265625
3 0.2328125 0.2171875 0.009375 0.009375