3 0.425 0.4 0.0421875 0.04609375
3 0.4703125 0.39921875 0.00859375 0.015625
0 0.4546875 0.490625 0.02265625 0.05
0 0.2515625 0.46875 0.025 0.0265625
0 0.31875 0.4734375 0.01796875 0.028125
0 0.3 0.47734375 0.0265625 0.040625
0 0.27734375 0.484375 0.0375 0.0515625
0 0.203125 0.48515625 0.0140625 0.0515625
0 0.234375 0.49296875 0.053125 0.05546875
0 0.17578125 0.47265625 0.01015625 0.0140625
0 0.1609375 0.465625 0.021875 0.021875
0 0.1296875 0.490625 0.071875 0.07109375
0 0.0453125 0.51015625 0.090625 0.1625
0 0.415625 0.47734375 0.06328125 0.13203125