0 0.9703125 0.62890625 0.00859375 0.02109375
0 0.96328125 0.63359375 0.01171875 0.025
0 0.9265625 0.63515625 0.01640625 0.02890625
0 0.90234375 0.64453125 0.0546875 0.046875
0 0.85859375 0.646875 0.04453125 0.040625
0 0.8203125 0.6421875 0.0671875 0.046875
0 0.73828125 0.6484375 0.04765625 0.0390625
0 0.7046875 0.628125 0.0546875 0.028125
0 0.690625 0.63671875 0.06328125 0.0484375
0 0.67265625 0.625 0.03125 0.01640625
0 0.54375 0.65078125 0.06484375 0.05546875
0 0.51484375 0.646875 0.0625 0.046875
0 0.31875 0.640625 0.09921875 0.0609375
0 0.24453125 0.63984375 0.04296875 0.0390625
0 0.1546875 0.63515625 0.12890625 0.0765625
0 0.2 0.61484375 0.0609375 0.06796875
0 0.0359375 0.63984375 0.07109375 0.084375
1 0.4828125 0.640625 0.0109375 0.05703125
1 0.4703125 0.63671875 0.01328125 0.053125
1 0.8203125 0.646875 0.0203125 0.08359375
3 0.246875 0.60546875 0.009375 0.01953125
3 0.2890625 0.54375 0.0265625 0.04453125
3 0.521875 0.5515625 0.01640625 0.03359375
3 0.940625 0.34921875 0.08984375 0.1359375
2 0.959375 0.53046875 0.009375 0.028125