0 0.8859375 0.66796875 0.0828125 0.109375
0 0.4203125 0.6125 0.01796875 0.0265625
0 0.4328125 0.62109375 0.0234375 0.03359375
0 0.4078125 0.61953125 0.0203125 0.03203125
0 0.38359375 0.62734375 0.03828125 0.0515625
0 0.5 0.646875 0.11875 0.1875
0 0.5765625 0.621875 0.021875 0.021875
0 0.5953125 0.62109375 0.01875 0.02890625
0 0.28828125 0.6609375 0.128125 0.1484375
3 0.41015625 0.578125 0.02734375 0.0265625
3 0.43203125 0.57890625 0.01875 0.0234375
3 0.2015625 0.44375 0.0140625 0.025
3 0.2109375 0.4828125 0.02734375 0.05546875
2 0.41171875 0.540625 0.00703125 0.0265625
2 0.47265625 0.5375 0.0078125 0.0265625
2 0.415625 0.5390625 0.00703125 0.0234375
3 0.5734375 0.6 0.0109375 0.01953125
3 0.571875 0.565625 0.0078125 0.01953125