1 0.0859375 0.71484375 0.171875 0.56796875
3 0.02578125 0.4203125 0.0515625 0.04609375
0 0.721875 0.6265625 0.0859375 0.1
0 0.55625 0.634375 0.0203125 0.03359375
0 0.49375 0.621875 0.0421875 0.05859375
0 0.70703125 0.61328125 0.09296875 0.13359375
0 0.6578125 0.62421875 0.021875 0.08203125
0 0.6453125 0.62265625 0.02890625 0.065625
0 0.63046875 0.625 0.01640625 0.0609375
0 0.621875 0.61953125 0.01875 0.0625
0 0.6125 0.61640625 0.02421875 0.0625
0 0.51875 0.6296875 0.01796875 0.04140625
0 0.52890625 0.62890625 0.009375 0.0234375
0 0.534375 0.63125 0.009375 0.02890625
0 0.59765625 0.6265625 0.01640625 0.02890625
3 0.234375 0.45078125 0.034375 0.0609375
3 0.2328125 0.48671875 0.01875 0.01640625