2 0.4046875 0.43203125 0.00703125 0.02109375
2 0.3984375 0.434375 0.0046875 0.0234375
2 0.3765625 0.48046875 0.00703125 0.01640625
2 0.34609375 0.45234375 0.0046875 0.01640625
2 0.11953125 0.48984375 0.0078125 0.0234375
3 0.13125 0.48984375 0.0171875 0.01640625
3 0.11953125 0.471875 0.01171875 0.0125
3 0.55 0.478125 0.0109375 0.0234375
3 0.315625 0.4921875 0.01796875 0.0109375
0 0.3828125 0.52421875 0.0171875 0.025
0 0.3671875 0.5359375 0.03359375 0.05703125
0 0.29609375 0.5375 0.01484375 0.01640625
0 0.2796875 0.540625 0.01015625 0.025
0 0.27109375 0.54140625 0.009375 0.025
0 0.228125 0.55 0.021875 0.03359375
0 0.2078125 0.55625 0.01484375 0.03203125
0 0.1703125 0.55859375 0.06171875 0.06953125
0 0.0421875 0.58515625 0.08359375 0.1125
0 0.25078125 0.55390625 0.0421875 0.053125
0 0.33046875 0.5453125 0.06015625 0.103125
0 0.446875 0.54140625 0.125 0.23046875
0 0.0453125 0.8171875 0.090625 0.3625
3 0.5828125 0.39765625 0.015625 0.02109375
2 0.2796875 0.38515625 0.01015625 0.0390625