3 0.175 0.15390625 0.0171875 0.0140625
3 0.19296875 0.14375 0.01328125 0.0140625
2 0.18125 0.10234375 0.01328125 0.0515625
2 0.89296875 0.078125 0.02109375 0.0765625
2 0.9515625 0.07421875 0.0203125 0.07890625
2 0.9203125 0.0765625 0.0203125 0.07890625
2 0.6921875 0.3125 0.00703125 0.01953125
2 0.17109375 0.225 0.01875 0.028125
2 0.1921875 0.22734375 0.0109375 0.0234375
0 0.35859375 0.378125 0.08984375 0.07109375
0 0.49609375 0.37734375 0.05234375 0.06796875
0 0.66640625 0.3765625 0.028125 0.0375
0 0.684375 0.3765625 0.015625 0.03203125
0 0.571875 0.36640625 0.01953125 0.01953125
0 0.58671875 0.36328125 0.0078125 0.01953125