0 0.396875 0.6078125 0.0140625 0.025
0 0.359375 0.6125 0.0171875 0.04296875
0 0.32890625 0.5921875 0.0453125 0.0765625
0 0.28984375 0.61484375 0.07890625 0.0890625
0 0.20546875 0.615625 0.09296875 0.0734375
0 0.08125 0.6265625 0.1625 0.1109375
0 0.4515625 0.6015625 0.01015625 0.01796875
0 0.4359375 0.60703125 0.02421875 0.03359375
0 0.496875 0.6046875 0.01484375 0.025
0 0.5125 0.6046875 0.0140625 0.025
0 0.540625 0.60078125 0.03046875 0.02890625
0 0.565625 0.596875 0.0078125 0.034375
0 0.6703125 0.6140625 0.0765625 0.084375
0 0.7453125 0.63125 0.12734375 0.165625
0 0.8546875 0.675 0.2125 0.2265625
0 0.946875 0.721875 0.10546875 0.2984375
2 0.41875 0.57109375 0.00703125 0.01796875
2 0.6234375 0.53359375 0.0078125 0.0265625
2 0.41171875 0.48515625 0.0046875 0.02890625
2 0.503125 0.5015625 0.0046875 0.02890625
2 0.4984375 0.503125 0.0046875 0.03046875
2 0.415625 0.48203125 0.003125 0.0265625
2 0.578125 0.55859375 0.0078125 0.021875
0 0.021875 0.596875 0.04375 0.059375
0 0.678125 0.56796875 0.0640625 0.0484375