2 0.4859375 0.1484375 0.01796875 0.065625
0 0.56875 0.4296875 0.0078125 0.02109375
0 0.5609375 0.4328125 0.0140625 0.0234375
0 0.5484375 0.4328125 0.01484375 0.03046875
0 0.53671875 0.4421875 0.0328125 0.075
0 0.5078125 0.446875 0.05859375 0.096875
0 0.58671875 0.434375 0.01484375 0.0234375
0 0.603125 0.4296875 0.0109375 0.028125
1 0.6171875 0.45625 0.0296875 0.10703125
0 0.634375 0.43828125 0.028125 0.065625
0 0.6546875 0.44296875 0.0296875 0.06953125
0 0.6953125 0.44140625 0.06875 0.10859375
0 0.946875 0.6015625 0.10625 0.34296875