3 0.5953125 0.43359375 0.009375 0.02109375
3 0.59375 0.4484375 0.0109375 0.01640625
3 0.62421875 0.440625 0.0203125 0.03203125
2 0.534375 0.421875 0.00625 0.028125
2 0.5703125 0.4359375 0.00234375 0.01640625
0 0.440625 0.459375 0.0296875 0.02890625
0 0.39921875 0.45078125 0.040625 0.0515625
0 0.37109375 0.440625 0.02265625 0.0359375
0 0.3140625 0.475 0.13046875 0.14296875
0 0.23125 0.440625 0.08984375 0.0875
0 0.040625 0.415625 0.08125 0.146875
0 0.49453125 0.47421875 0.0609375 0.084375
0 0.58203125 0.4765625 0.0203125 0.02109375