2 0.38125 0.403125 0.00546875 0.0109375
2 0.39296875 0.40078125 0.00625 0.0109375
2 0.39765625 0.384375 0.00625 0.0125
2 0.41640625 0.38515625 0.00625 0.01640625
2 0.41171875 0.290625 0.0109375 0.021875
2 0.459375 0.28984375 0.0109375 0.0234375
2 0.16328125 0.35703125 0.01171875 0.021875
2 0.50625 0.23125 0.01171875 0.034375
0 0.375 0.434375 0.009375 0.0125
0 0.3625 0.43515625 0.01171875 0.028125
0 0.3515625 0.440625 0.02265625 0.04296875
0 0.38828125 0.434375 0.0109375 0.0125
0 0.4125 0.434375 0.01171875 0.01953125
0 0.42265625 0.4359375 0.0078125 0.02109375
0 0.4328125 0.43671875 0.009375 0.01953125
0 0.44375 0.44140625 0.0125 0.0234375
0 0.45625 0.440625 0.0109375 0.0265625
0 0.4625 0.440625 0.01171875 0.03046875
0 0.4734375 0.440625 0.0171875 0.04453125
0 0.4953125 0.4453125 0.0421875 0.0609375
0 0.6046875 0.45546875 0.14453125 0.18046875
0 0.06796875 0.5171875 0.1359375 0.24140625
1 0.253125 0.42890625 0.00703125 0.025
3 0.2703125 0.3609375 0.021875 0.01953125