0 0.28125 0.86953125 0.1640625 0.25703125
0 0.3640625 0.840625 0.0203125 0.07109375
0 0.4203125 0.85859375 0.05234375 0.07890625
0 0.4578125 0.85546875 0.02265625 0.06953125
0 0.4828125 0.8515625 0.02734375 0.078125
0 0.5140625 0.8515625 0.06171875 0.09609375
0 0.540625 0.865625 0.06796875 0.0984375
0 0.5921875 0.88046875 0.103125 0.1390625
0 0.71875 0.88359375 0.22421875 0.22890625
0 0.89375 0.88046875 0.209375 0.23203125
3 0.46953125 0.759375 0.0140625 0.025
3 0.478125 0.7671875 0.01640625 0.0140625