0 0.43125 0.4125 0.01328125 0.01796875
0 0.43359375 0.4140625 0.0140625 0.028125
0 0.43984375 0.41796875 0.01640625 0.03046875
0 0.465625 0.428125 0.03203125 0.0484375
0 0.48984375 0.4390625 0.02890625 0.0625
0 0.4015625 0.40859375 0.0140625 0.0234375
0 0.3828125 0.40703125 0.0171875 0.015625
0 0.36875 0.40625 0.01875 0.01796875
0 0.3515625 0.4125 0.0171875 0.02109375
0 0.34375 0.4109375 0.0171875 0.01796875
0 0.3203125 0.42109375 0.03203125 0.05390625
0 0.309375 0.4265625 0.02890625 0.05
0 0.3 0.4328125 0.01953125 0.04140625
0 0.2234375 0.4390625 0.0796875 0.0890625
0 0.5328125 0.4421875 0.0828125 0.1140625
0 0.77421875 0.5421875 0.26171875 0.303125
0 0.95390625 0.4734375 0.0921875 0.1625
1 0.0984375 0.434375 0.015625 0.0640625
3 0.0953125 0.16015625 0.0203125 0.04609375
3 0.09609375 0.1984375 0.021875 0.05546875
3 0.090625 0.23671875 0.0328125 0.03046875
3 0.10546875 0.290625 0.0375 0.025
3 0.5265625 0.3578125 0.01171875 0.04296875
3 0.503125 0.315625 0.01328125 0.04609375
3 0.50078125 0.3640625 0.01171875 0.040625
2 0.09375 0.33828125 0.02578125 0.03046875
2 0.6484375 0.32421875 0.02890625 0.04609375
2 0.4640625 0.08984375 0.01171875 0.07109375
2 0.4375 0.08984375 0.0203125 0.0765625
2 0.203125 0.03125 0.01875 0.0625
2 0.16875 0.03125 0.015625 0.0625
2 0.1859375 0.0296875 0.02265625 0.05859375
2 0.45390625 0.08515625 0.0140625 0.06640625
0 0.36484375 0.421875 0.0296875 0.034375
0 0.34609375 0.428125 0.0171875 0.025
0 0.271875 0.4390625 0.0296875 0.05546875
0 0.275 0.4296875 0.0390625 0.0640625
0 0.3796875 0.421875 0.00859375 0.025
0 0.3890625 0.4171875 0.0140625 0.0234375