0 0.328125 0.43515625 0.0203125 0.03359375
0 0.30625 0.44453125 0.015625 0.040625
0 0.296875 0.446875 0.0171875 0.046875
0 0.2734375 0.44765625 0.0390625 0.06640625
0 0.265625 0.4578125 0.028125 0.06953125
0 0.23125 0.45625 0.0546875 0.09296875
0 0.1828125 0.48125 0.09609375 0.109375
0 0.41171875 0.4265625 0.01484375 0.0265625
0 0.4296875 0.43671875 0.025 0.040625
0 0.46875 0.4453125 0.06796875 0.1015625
0 0.521875 0.471875 0.11171875 0.12890625
0 0.66875 0.540625 0.26328125 0.2890625
0 0.88828125 0.56015625 0.221875 0.58359375
0 0.359375 0.425 0.02578125 0.03046875
0 0.3921875 0.4328125 0.028125 0.04453125
3 0.125 0.37265625 0.02109375 0.0265625
3 0.528125 0.3359375 0.01640625 0.0265625