0 0.0390625 0.5390625 0.07734375 0.19140625
0 0.984375 0.63671875 0.03125 0.10703125
0 0.3734375 0.5265625 0.06015625 0.084375
0 0.24375 0.54296875 0.0828125 0.078125
0 0.80234375 0.55078125 0.1265625 0.11796875
0 0.70390625 0.5359375 0.0625 0.07109375
0 0.5234375 0.51640625 0.02578125 0.04296875
0 0.55546875 0.5078125 0.01484375 0.0359375
0 0.540625 0.5125 0.01484375 0.0265625
0 0.6734375 0.521875 0.04140625 0.06796875
0 0.646875 0.521875 0.03046875 0.0515625
0 0.5 0.50703125 0.0109375 0.01640625
0 0.4875 0.51328125 0.0109375 0.0140625
0 0.303125 0.5390625 0.04609375 0.0515625
0 0.41875 0.51328125 0.0078125 0.025
0 0.1421875 0.54296875 0.0171875 0.09609375