2 0.4390625 0.20390625 0.01875 0.06796875
2 0.3890625 0.40234375 0.0078125 0.01953125
2 0.3109375 0.39375 0.0109375 0.01640625
2 0.3796875 0.42578125 0.00625 0.01640625
2 0.3359375 0.4234375 0.0078125 0.0125
2 0.421875 0.20390625 0.01171875 0.053125
2 0.05859375 0.0625 0.01171875 0.084375
2 0.0109375 0.046875 0.01328125 0.090625
2 0.0328125 0.05 0.02421875 0.09609375
2 0.80078125 0.3 0.02890625 0.05
2 0.84921875 0.290625 0.0359375 0.0640625
3 0.290625 0.3921875 0.0203125 0.0109375
3 0.5578125 0.35625 0.028125 0.01953125
3 0.5609375 0.2390625 0.01875 0.03046875
3 0.56875 0.31484375 0.015625 0.028125
0 0.34296875 0.4609375 0.02109375 0.03046875
0 0.3234375 0.46171875 0.01171875 0.02109375
0 0.3078125 0.46796875 0.0171875 0.0375
0 0.2921875 0.465625 0.0109375 0.0265625
0 0.275 0.465625 0.0140625 0.0265625
0 0.1875 0.48203125 0.0328125 0.05546875
0 0.4 0.4578125 0.01875 0.0265625
0 0.4109375 0.46171875 0.01484375 0.0359375
0 0.2296875 0.47109375 0.03984375 0.05
0 0.1421875 0.4984375 0.084375 0.08359375
0 0.43828125 0.46875 0.0359375 0.059375
0 0.25625 0.4734375 0.015625 0.0375
3 0.40546875 0.428125 0.0078125 0.0140625
0 0.803125 0.58125 0.334375 0.265625
3 0.79375 0.40234375 0.0296875 0.01640625
1 0.0703125 0.48203125 0.02265625 0.090625
1 0.465625 0.46171875 0.01171875 0.04296875
0 0.36640625 0.45859375 0.01171875 0.0140625