2 0.4390625 0.1140625 0.01640625 0.0625
2 0.4234375 0.12109375 0.009375 0.0515625
2 0.1984375 0.246875 0.04453125 0.04296875
2 0.2703125 0.28359375 0.03046875 0.03359375
3 0.21796875 0.19609375 0.03984375 0.0265625
3 0.134375 0.265625 0.01796875 0.04140625
3 0.13046875 0.2328125 0.021875 0.02109375
0 0.603125 0.35078125 0.01875 0.0359375
0 0.5890625 0.346875 0.01015625 0.02890625
0 0.5046875 0.3953125 0.115625 0.15390625
0 0.0109375 0.41328125 0.021875 0.0859375
0 0.20234375 0.37421875 0.0390625 0.0734375
0 0.334375 0.521875 0.18515625 0.378125
0 0.35390625 0.421875 0.14453125 0.340625
1 0.2421875 0.41171875 0.028125 0.16953125
1 0.17734375 0.4015625 0.02734375 0.1125
1 0.1203125 0.4296875 0.06015625 0.21953125
0 0.090625 0.37734375 0.0375 0.0609375
1 0.025 0.37890625 0.0234375 0.07890625
1 0.396875 0.36640625 0.01171875 0.05390625
1 0.971875 0.3703125 0.0109375 0.11640625
1 0.9828125 0.35859375 0.01484375 0.09609375