3 0.5421875 0.384375 0.02734375 0.05859375
3 0.89765625 0.32421875 0.0234375 0.0484375
3 0.8625 0.47421875 0.02734375 0.04296875
3 0.85703125 0.39765625 0.0109375 0.01640625
0 0.75625 0.48359375 0.0109375 0.01640625
0 0.7703125 0.48671875 0.0109375 0.0140625
0 0.76171875 0.496875 0.0109375 0.0140625
0 0.740625 0.4890625 0.01328125 0.0234375
0 0.7265625 0.48515625 0.0125 0.021875
0 0.72421875 0.4984375 0.01484375 0.01953125
0 0.7109375 0.5015625 0.01875 0.0140625
0 0.7734375 0.4984375 0.01484375 0.01953125
0 0.63125 0.55 0.0234375 0.0625
0 0.6125 0.54375 0.0203125 0.0515625
0 0.590625 0.52265625 0.01875 0.01953125
0 0.6203125 0.56640625 0.0203125 0.05859375
0 0.5890625 0.5765625 0.0640625 0.09140625
0 0.4859375 0.553125 0.03828125 0.04609375
0 0.4359375 0.56484375 0.0671875 0.0484375
0 0.23125 0.584375 0.11640625 0.090625
0 0.0828125 0.57890625 0.153125 0.12109375
0 0.2828125 0.68984375 0.290625 0.265625
0 0.5359375 0.60390625 0.1 0.11953125
0 0.08359375 0.846875 0.165625 0.2984375
0 0.7828125 0.75078125 0.43046875 0.49296875
0 0.96640625 0.66015625 0.0625 0.178125