3 0.43984375 0.46328125 0.02109375 0.05
0 0.521875 0.53046875 0.059375 0.05859375
0 0.39296875 0.534375 0.0203125 0.05546875
0 0.27890625 0.525 0.02421875 0.02109375
0 0.2546875 0.546875 0.03359375 0.046875
0 0.06875 0.53203125 0.1375 0.18203125
0 0.3625 0.5484375 0.0640625 0.084375
0 0.315625 0.61953125 0.12890625 0.19453125
1 0.1953125 0.55078125 0.01875 0.06640625
0 0.0546875 0.59296875 0.10859375 0.1625
3 0.5703125 0.15859375 0.04375 0.0640625
3 0.26953125 0.471875 0.01171875 0.0140625
0 0.3078125 0.52109375 0.034375 0.01796875