3 0.76328125 0.4140625 0.03125 0.05859375
3 0.43671875 0.45546875 0.02890625 0.01640625
0 0.46328125 0.534375 0.02578125 0.0390625
0 0.4875 0.5421875 0.03984375 0.0375
0 0.496875 0.58984375 0.0640625 0.10390625
0 0.584375 0.565625 0.04296875 0.05703125
0 0.7046875 0.55 0.02265625 0.0265625
0 0.65625 0.54296875 0.03671875 0.0265625
0 0.803125 0.56875 0.03046875 0.0375
0 0.865625 0.5734375 0.05390625 0.04453125
0 0.91875 0.57734375 0.08359375 0.03046875
0 0.7640625 0.615625 0.1796875 0.18203125
0 0.1171875 0.53203125 0.0515625 0.0515625
0 0.1125 0.51015625 0.05859375 0.046875
0 0.55 0.61015625 0.125 0.190625
1 0.83359375 0.56328125 0.025 0.071875
1 0.915625 0.571875 0.01953125 0.04140625
2 0.54140625 0.28203125 0.0109375 0.07109375
2 0.64765625 0.296875 0.01484375 0.0640625
2 0.3578125 0.3609375 0.015625 0.0609375
2 0.76953125 0.47109375 0.01484375 0.03359375
0 0.96875 0.56015625 0.04609375 0.02890625
0 0.97578125 0.57265625 0.046875 0.05390625
0 0.296875 0.64765625 0.409375 0.384375
0 0.8671875 0.73828125 0.26484375 0.31953125
1 0.440625 0.32421875 0.01484375 0.0234375
1 0.9203125 0.3359375 0.0109375 0.028125