2 0.4625 0.41015625 0.00703125 0.03046875
2 0.4734375 0.4140625 0.0078125 0.0234375
2 0.459375 0.503125 0.0046875 0.01953125
2 0.434375 0.5046875 0.00390625 0.01953125
2 0.4078125 0.4890625 0.00703125 0.028125
2 0.51484375 0.50390625 0.00390625 0.01640625
2 0.3765625 0.4890625 0.00859375 0.028125
2 0.3640625 0.49296875 0.009375 0.021875
2 0.2359375 0.371875 0.00859375 0.040625
2 0.16875 0.37734375 0.00859375 0.0359375
2 0.028125 0.39765625 0.0109375 0.040625
2 0.015625 0.4765625 0.0125 0.0234375
0 0.06875 0.571875 0.13671875 0.18046875
0 0.1484375 0.5671875 0.02734375 0.0640625
0 0.2109375 0.5765625 0.0984375 0.103125
0 0.39296875 0.57421875 0.0171875 0.03359375
0 0.38046875 0.5734375 0.0203125 0.0375
0 0.4046875 0.5703125 0.0109375 0.02109375
0 0.42109375 0.5734375 0.01171875 0.04140625
0 0.46875 0.5984375 0.09921875 0.165625
0 0.6703125 0.63046875 0.18984375 0.27109375
0 0.5734375 0.609375 0.0171875 0.05
0 0.5765625 0.57734375 0.01953125 0.06953125
0 0.75703125 0.5984375 0.0265625 0.09609375
1 0.175 0.5515625 0.01484375 0.0375
2 0.1390625 0.509375 0.009375 0.0140625
3 0.371875 0.434375 0.01953125 0.01640625
2 0.3796875 0.459375 0.0171875 0.009375
2 0.36640625 0.4625 0.015625 0.02109375