2 0.5375 0.43125 0.00390625 0.01953125
2 0.5328125 0.434375 0.00546875 0.01953125
2 0.484375 0.459375 0.00625 0.0140625
3 0.578125 0.4625 0.01484375 0.009375
3 0.56875 0.49765625 0.0078125 0.0265625
3 0.578125 0.49140625 0.00859375 0.0140625
2 0.5953125 0.4625 0.00625 0.01796875
2 0.59140625 0.4984375 0.0078125 0.0125
2 0.54921875 0.49453125 0.00390625 0.0125
1 0.5546875 0.52734375 0.00625 0.0265625
1 0.584375 0.5296875 0.00625 0.0375
1 0.58671875 0.54453125 0.00703125 0.03359375
1 0.5703125 0.528125 0.00546875 0.03046875
1 0.575 0.53515625 0.0078125 0.04609375
0 0.5375 0.52109375 0.015625 0.034375
0 0.4671875 0.52734375 0.0171875 0.03203125
0 0.4546875 0.5453125 0.0171875 0.046875
0 0.42734375 0.54921875 0.05625 0.07890625
0 0.6296875 0.5515625 0.0765625 0.1640625
0 0.728125 0.57421875 0.203125 0.2765625
0 0.4015625 0.56796875 0.07109375 0.09140625
0 0.2859375 0.5828125 0.16796875 0.19296875
0 0.125 0.56640625 0.24765625 0.44296875
0 0.8859375 0.478125 0.22578125 0.8640625
3 0.38125 0.4515625 0.01171875 0.06640625
0 0.50546875 0.55390625 0.075 0.11796875