3 0.8171875 0.53046875 0.0546875 0.078125
3 0.825 0.4375 0.0265625 0.0375
3 0.6046875 0.67421875 0.015625 0.034375
0 0.28046875 0.765625 0.12421875 0.10546875
0 0.88203125 0.73125 0.234375 0.234375
0 0.71015625 0.76875 0.1375 0.14609375
0 0.3484375 0.7375 0.07265625 0.1140625
0 0.39375 0.7421875 0.0484375 0.06796875
0 0.40859375 0.7296875 0.046875 0.090625
0 0.44375 0.7296875 0.03828125 0.05703125
0 0.628125 0.74609375 0.08125 0.11953125
0 0.5859375 0.74453125 0.0265625 0.071875
0 0.565625 0.74765625 0.03359375 0.065625
0 0.546875 0.7359375 0.025 0.04453125
0 0.5359375 0.73125 0.015625 0.040625
0 0.46875 0.72578125 0.02109375 0.04609375
0 0.50078125 0.734375 0.01328125 0.0265625
0 0.515625 0.728125 0.0125 0.03359375
2 0.48671875 0.6859375 0.01015625 0.028125
2 0.5328125 0.68359375 0.0078125 0.028125
3 0.5765625 0.67421875 0.01328125 0.015625
3 0.5515625 0.703125 0.00703125 0.02109375