2 0.4734375 0.2953125 0.01015625 0.028125
2 0.59765625 0.2875 0.00546875 0.028125
2 0.6046875 0.28359375 0.00859375 0.02109375
2 0.5921875 0.2875 0.00546875 0.028125
2 0.3046875 0.26875 0.00703125 0.03359375
0 0.334375 0.37109375 0.03046875 0.0609375
0 0.2859375 0.38828125 0.02734375 0.03359375
0 0.16484375 0.39765625 0.1546875 0.11953125
0 0.3859375 0.37578125 0.0828125 0.125
0 0.590625 0.37109375 0.01171875 0.02109375
0 0.5796875 0.37109375 0.01015625 0.025
0 0.6203125 0.39375 0.071875 0.1015625
0 0.4859375 0.44296875 0.1921875 0.2625
0 0.771875 0.37265625 0.24921875 0.32109375
0 0.0734375 0.478125 0.146875 0.33359375