3 0.34609375 0.5390625 0.01953125 0.0125
3 0.2625 0.50859375 0.01328125 0.0109375
3 0.26640625 0.515625 0.01484375 0.0125
2 0.61171875 0.5015625 0.01796875 0.028125
0 0.3921875 0.559375 0.0125 0.0234375
0 0.3828125 0.559375 0.0125 0.025
0 0.36484375 0.553125 0.02734375 0.0234375
0 0.3125 0.5640625 0.0265625 0.02890625
0 0.278125 0.57734375 0.053125 0.0609375
0 0.3515625 0.59921875 0.07421875 0.10703125
0 0.165625 0.5546875 0.16484375 0.2015625
0 0.053125 0.57890625 0.10546875 0.125
0 0.4296875 0.5765625 0.06015625 0.090625
0 0.703125 0.590625 0.0703125 0.08359375
0 0.93125 0.5671875 0.03671875 0.0484375
0 0.9640625 0.584375 0.06875 0.09140625
0 0.828125 0.68359375 0.25078125 0.3765625
1 0.021875 0.58671875 0.0234375 0.128125
1 0.5046875 0.56171875 0.0109375 0.028125
1 0.5125 0.5734375 0.0140625 0.05859375
1 0.49375 0.5640625 0.01328125 0.03203125
1 0.4859375 0.565625 0.01328125 0.04140625
1 0.478125 0.59453125 0.01328125 0.08046875
1 0.5359375 0.58203125 0.0203125 0.0734375
1 0.6546875 0.5828125 0.01875 0.065625
1 0.6140625 0.58828125 0.021875 0.10390625
1 0.6 0.57265625 0.01328125 0.065625
1 0.465625 0.590625 0.02109375 0.05859375