3 0.43671875 0.43359375 0.0265625 0.05703125
2 0.0609375 0.48046875 0.0140625 0.0234375
2 0.05 0.478125 0.009375 0.01796875
2 0.1765625 0.43515625 0.00625 0.025
2 0.26328125 0.409375 0.009375 0.03359375
3 0.32109375 0.52109375 0.01171875 0.01796875
1 0.353125 0.55703125 0.01171875 0.046875
0 0.28515625 0.55625 0.01328125 0.0234375
0 0.2640625 0.55078125 0.01875 0.0265625
0 0.246875 0.559375 0.0109375 0.03359375
0 0.1890625 0.55078125 0.02890625 0.0375
0 0.1546875 0.5609375 0.0453125 0.0515625
0 0.221875 0.5640625 0.0453125 0.06796875