0 0.0625 0.47421875 0.12421875 0.08203125
0 0.5203125 0.38828125 0.0109375 0.01953125
0 0.5109375 0.39375 0.01484375 0.01953125
0 0.50703125 0.4015625 0.0171875 0.01953125
0 0.49375 0.4125 0.01875 0.03359375
0 0.4875 0.41484375 0.015625 0.04140625
0 0.465625 0.41796875 0.0359375 0.05703125
0 0.52734375 0.384375 0.009375 0.015625
0 0.5484375 0.384375 0.00859375 0.015625
0 0.4421875 0.43046875 0.0359375 0.0625
0 0.5734375 0.4015625 0.015625 0.0265625
0 0.578125 0.403125 0.01875 0.03046875
0 0.5875 0.40234375 0.02109375 0.03203125
0 0.60390625 0.415625 0.03828125 0.05859375
0 0.61796875 0.4265625 0.04921875 0.0625
0 0.6734375 0.403125 0.059375 0.0375
0 0.671875 0.39609375 0.0578125 0.03046875
0 0.640625 0.4 0.0140625 0.028125
0 0.00859375 0.50625 0.0171875 0.059375
0 0.94296875 0.446875 0.1109375 0.1109375
3 0.134375 0.2625 0.04921875 0.03203125
3 0.796875 0.2046875 0.04921875 0.0375
3 0.1203125 0.18203125 0.0171875 0.03359375
3 0.10625 0.20859375 0.0359375 0.0265625
3 0.8734375 0.23046875 0.021875 0.0484375
3 0.89375 0.17734375 0.0328125 0.0390625
3 0.68203125 0.29453125 0.0171875 0.0109375
3 0.621875 0.346875 0.00859375 0.015625
3 0.61171875 0.3640625 0.009375 0.00703125
2 0.54453125 0.2203125 0.0125 0.046875
2 0.4265625 0.1546875 0.0140625 0.0625
2 0.5140625 0.340625 0.00625 0.015625
2 0.10625 0.328125 0.028125 0.04140625
2 0.14296875 0.32734375 0.01171875 0.0390625
2 0.678125 0.3421875 0.0109375 0.025
2 0.6875 0.340625 0.0140625 0.025
2 0.5328125 0.221875 0.0125 0.04453125
2 0.51875 0.3421875 0.00625 0.01640625
2 0.5625 0.33828125 0.00390625 0.01640625
2 0.5671875 0.3375 0.00546875 0.015625
2 0.4140625 0.16015625 0.0140625 0.05390625
2 0.43671875 0.16015625 0.009375 0.0625
2 0.340625 0.3609375 0.021875 0.03203125
3 0.353125 0.315625 0.02421875 0.0125
2 0.796875 0.3 0.021875 0.04140625
2 0.8234375 0.29765625 0.02421875 0.04140625
1 0.76796875 0.459375 0.028125 0.14609375
0 0.4109375 0.446875 0.0546875 0.06953125
0 0.5546875 0.48203125 0.1046875 0.14296875