1 0.21796875 0.53671875 0.015625 0.05546875
1 0.20703125 0.53984375 0.0125 0.053125
1 0.1609375 0.55 0.0171875 0.08046875
1 0.14921875 0.54921875 0.01015625 0.0640625
1 0.11796875 0.57265625 0.015625 0.08046875
1 0.08515625 0.58203125 0.0203125 0.0875
1 0.0359375 0.603125 0.0234375 0.1125
1 0.01015625 0.60703125 0.0203125 0.1015625
0 0.4578125 0.47578125 0.0265625 0.03359375
0 0.49375 0.4640625 0.0375 0.0640625
3 0.471875 0.421875 0.01484375 0.0125
2 0.35625 0.484375 0.00859375 0.021875
2 0.48515625 0.40234375 0.00859375 0.0265625
1 0.634375 0.43671875 0.021875 0.103125
0 0.78125 0.60390625 0.36171875 0.36640625
1 0.96640625 0.465625 0.0640625 0.325