0 0.17578125 0.428125 0.1 0.08046875
1 0.24140625 0.40625 0.01328125 0.0515625
1 0.26875 0.403125 0.0109375 0.053125
2 0.3609375 0.29296875 0.00703125 0.02890625
0 0.38125 0.384375 0.015625 0.025
0 0.37109375 0.38671875 0.015625 0.02109375
0 0.3609375 0.3875 0.01640625 0.0234375
0 0.34375 0.38671875 0.01640625 0.02890625
0 0.33671875 0.38671875 0.021875 0.02890625
0 0.321875 0.384375 0.02421875 0.034375
0 0.30625 0.384375 0.03515625 0.0390625
0 0.4109375 0.41171875 0.03984375 0.0625
2 0.446875 0.31171875 0.00625 0.025
2 0.209375 0.28828125 0.00625 0.03359375