3 0.8484375 0.34453125 0.01953125 0.02109375
3 0.8671875 0.37265625 0.05703125 0.02890625
3 0.8359375 0.4234375 0.04765625 0.0875
3 0.7359375 0.48359375 0.0078125 0.0390625
3 0.3140625 0.48046875 0.0203125 0.015625
2 0.565625 0.546875 0.00390625 0.0140625
0 0.5328125 0.59609375 0.01640625 0.01640625
0 0.51953125 0.5984375 0.0140625 0.01796875
0 0.50234375 0.59921875 0.0203125 0.021875
0 0.55625 0.59453125 0.015625 0.03203125
0 0.565625 0.590625 0.01015625 0.0390625
0 0.57265625 0.58828125 0.01328125 0.04609375
0 0.590625 0.5890625 0.04296875 0.05859375
0 0.484375 0.6015625 0.00546875 0.0265625
0 0.4734375 0.59453125 0.015625 0.0375
0 0.4625 0.5890625 0.01875 0.0484375
0 0.43515625 0.5953125 0.04765625 0.0515625
0 0.95625 0.559375 0.0578125 0.06640625
0 0.81875 0.6203125 0.23515625 0.2375
0 0.95625 0.64765625 0.08671875 0.24453125
0 0.30625 0.6234375 0.09296875 0.18046875
2 0.5109375 0.54453125 0.01171875 0.02109375
0 0.1359375 0.5890625 0.271875 0.26640625