0 0.446875 0.56953125 0.009375 0.01796875
0 0.4359375 0.565625 0.0109375 0.025
0 0.4109375 0.56796875 0.01953125 0.02109375
0 0.384375 0.578125 0.01953125 0.04453125
0 0.4203125 0.57578125 0.01796875 0.025
0 0.51328125 0.571875 0.01015625 0.01796875
0 0.525 0.571875 0.00703125 0.01640625
0 0.53203125 0.57734375 0.00703125 0.02109375
0 0.53984375 0.57890625 0.00703125 0.01640625
0 0.6 0.603125 0.034375 0.0625
0 0.64375 0.6 0.0609375 0.07890625
0 0.3296875 0.5890625 0.053125 0.06796875
0 0.24765625 0.59375 0.1046875 0.109375
0 0.87109375 0.6609375 0.25546875 0.284375
1 0.7265625 0.63984375 0.0296875 0.1875
1 0.690625 0.64296875 0.03828125 0.17890625
2 0.5 0.52109375 0.00703125 0.0140625
0 0.3609375 0.571875 0.04140625 0.08046875