2 0.56640625 0.340625 0.01640625 0.0640625
2 0.6421875 0.3984375 0.0140625 0.04296875
2 0.7984375 0.49140625 0.0140625 0.021875
2 0.2875 0.4046875 0.0234375 0.0515625
2 0.3265625 0.38359375 0.0140625 0.05859375
2 0.5875 0.35 0.0125 0.0625
3 0.325 0.515625 0.0171875 0.046875
3 0.428125 0.553125 0.0171875 0.021875
3 0.47890625 0.51328125 0.01015625 0.01640625
3 0.53359375 0.51171875 0.0078125 0.01796875
3 0.71484375 0.403125 0.06015625 0.02109375
0 0.0578125 0.66875 0.07734375 0.0640625
0 0.6609375 0.58359375 0.07109375 0.04609375
0 0.29921875 0.59375 0.01953125 0.03359375
0 0.615625 0.615625 0.14609375 0.08203125
0 0.5046875 0.56953125 0.01015625 0.009375
0 0.934375 0.5734375 0.1265625 0.109375
0 0.35625 0.58125 0.0234375 0.0390625