3 0.3484375 0.14609375 0.03984375 0.090625
3 0.76875 0.453125 0.02890625 0.021875
3 0.60390625 0.50625 0.0203125 0.0140625
3 0.5703125 0.51171875 0.01328125 0.00859375
3 0.5765625 0.496875 0.015625 0.0125
3 0.5328125 0.521875 0.01171875 0.0140625
0 0.515625 0.59140625 0.03984375 0.06796875
0 0.7796875 0.5921875 0.0984375 0.07890625
0 0.825 0.603125 0.12265625 0.0625
0 0.9203125 0.61171875 0.115625 0.07890625
0 0.5578125 0.609375 0.04765625 0.07109375
0 0.44921875 0.68125 0.15390625 0.221875
0 0.9875 0.60625 0.02265625 0.078125