2 0.246875 0.40234375 0.00703125 0.021875
2 0.4125 0.3984375 0.00625 0.021875
2 0.253125 0.403125 0.00546875 0.0265625
3 0.44375 0.40859375 0.02109375 0.0125
3 0.3640625 0.45625 0.0125 0.009375
0 0.32890625 0.4875 0.01328125 0.025
0 0.3046875 0.50390625 0.04140625 0.08359375
0 0.36875 0.4890625 0.01953125 0.0265625
0 0.390625 0.49140625 0.03203125 0.0484375
0 0.34765625 0.490625 0.025 0.046875
0 0.16875 0.51328125 0.04375 0.071875
0 0.12265625 0.52109375 0.08125 0.090625
0 0.059375 0.5359375 0.07734375 0.1234375
0 0.0265625 0.58125 0.053125 0.253125
0 0.265625 0.5359375 0.09765625 0.13203125
0 0.46640625 0.5140625 0.12109375 0.1859375
0 0.9625 0.52890625 0.071875 0.1984375
0 0.7875 0.5234375 0.29453125 0.309375
0 0.03125 0.54296875 0.06171875 0.15