1 0.42109375 0.39765625 0.0203125 0.09296875
1 0.3453125 0.38828125 0.0078125 0.05703125
1 0.3609375 0.40546875 0.02109375 0.0890625
2 0.1765625 0.3015625 0.003125 0.015625
2 0.1828125 0.30390625 0.00390625 0.0140625
2 0.09375 0.30546875 0.0046875 0.0140625
2 0.0890625 0.30859375 0.00390625 0.015625
3 0.265625 0.2625 0.01875 0.0375
0 0.6703125 0.3890625 0.10078125 0.10390625
0 0.51875 0.38515625 0.1359375 0.134375
0 0.0484375 0.384375 0.01328125 0.0140625
0 0.26015625 0.3875 0.06015625 0.05546875
0 0.3015625 0.43984375 0.09921875 0.115625
0 0.1609375 0.56328125 0.2609375 0.39453125
0 0.003125 0.421875 0.00625 0.053125
0 0.01171875 0.41171875 0.0234375 0.0484375
0 0.01640625 0.403125 0.0328125 0.05
0 0.02734375 0.39765625 0.034375 0.05