0 0.72578125 0.5734375 0.2046875 0.215625
0 0.6171875 0.503125 0.05390625 0.05390625
0 0.48359375 0.48671875 0.0421875 0.059375
0 0.5515625 0.4859375 0.025 0.034375
0 0.51875 0.4796875 0.02734375 0.04296875
0 0.4984375 0.46015625 0.02265625 0.0234375
0 0.4625 0.4703125 0.0171875 0.0375
0 0.453125 0.46328125 0.0109375 0.0375
0 0.225 0.42890625 0.125 0.05859375
0 0.3046875 0.440625 0.04453125 0.0390625
0 0.3796875 0.45 0.01328125 0.02109375
0 0.3625 0.4484375 0.0109375 0.01953125
0 0.409375 0.45234375 0.0171875 0.01640625