2 0.42109375 0.415625 0.009375 0.01796875
2 0.4859375 0.403125 0.00859375 0.01640625
3 0.74765625 0.25703125 0.0359375 0.146875
3 0.41484375 0.41328125 0.009375 0.01796875
3 0.3984375 0.42421875 0.00859375 0.01796875
3 0.5375 0.4140625 0.009375 0.0125
3 0.49609375 0.403125 0.00703125 0.02109375
0 0.42265625 0.4640625 0.0484375 0.08203125
0 0.534375 0.47265625 0.04609375 0.09296875
0 0.5453125 0.48671875 0.034375 0.10390625
0 0.61875 0.48203125 0.1453125 0.19296875
0 0.2328125 0.4703125 0.08515625 0.14296875
0 0.72734375 0.5359375 0.21015625 0.25390625
0 0.4703125 0.484375 0.084375 0.1390625
0 0.3421875 0.47578125 0.12578125 0.18046875
0 0.1703125 0.49375 0.18515625 0.1765625
0 0.878125 0.6234375 0.2421875 0.540625
0 0.27421875 0.46484375 0.05 0.10859375