2 0.4015625 0.35859375 0.00703125 0.01640625
2 0.375 0.36640625 0.00703125 0.01640625
2 0.32890625 0.3578125 0.00546875 0.01796875
3 0.08046875 0.3953125 0.01875 0.03046875
0 0.17734375 0.44140625 0.0421875 0.05
0 0.221875 0.4328125 0.03046875 0.04296875
0 0.3359375 0.42109375 0.0125 0.025
0 0.375 0.421875 0.01953125 0.04296875
0 0.390625 0.41640625 0.01015625 0.02109375
0 0.4234375 0.4140625 0.01875 0.05546875
0 0.80390625 0.40390625 0.01953125 0.01640625
0 0.29765625 0.4671875 0.08671875 0.11796875
0 0.36171875 0.43984375 0.03828125 0.05390625
0 0.5015625 0.484375 0.17421875 0.28046875
0 0.56875 0.41875 0.021875 0.05390625
0 0.025 0.4546875 0.04453125 0.05546875
0 0.2671875 0.421875 0.0171875 0.03046875