2 0.446875 0.33828125 0.00859375 0.015625
2 0.4828125 0.33671875 0.00859375 0.015625
2 0.47734375 0.34140625 0.00703125 0.015625
2 0.475 0.35 0.00703125 0.0140625
2 0.47265625 0.35390625 0.00390625 0.015625
2 0.4171875 0.33828125 0.0078125 0.0125
2 0.40234375 0.33125 0.0078125 0.0125
0 0.409375 0.37421875 0.0078125 0.0125
0 0.41953125 0.37734375 0.01171875 0.02109375
0 0.46640625 0.371875 0.00703125 0.01796875
0 0.47421875 0.37265625 0.00859375 0.0125
0 0.48125 0.378125 0.0046875 0.0265625
0 0.5375 0.37734375 0.01015625 0.02109375
0 0.03125 0.38203125 0.040625 0.05859375
0 0.27890625 0.37578125 0.02578125 0.028125
0 0.36796875 0.365625 0.01953125 0.028125
0 0.39453125 0.3875 0.0375 0.046875
0 0.446875 0.38984375 0.04765625 0.071875
0 0.49765625 0.38359375 0.02734375 0.0390625
0 0.5265625 0.371875 0.0078125 0.015625
0 0.5484375 0.3828125 0.02265625 0.05390625
0 0.5296875 0.3890625 0.01015625 0.01796875
0 0.54921875 0.40390625 0.01484375 0.053125
0 0.1578125 0.38203125 0.221875 0.33203125
3 0.253125 0.303125 0.04609375 0.08203125
0 0.3015625 0.371875 0.015625 0.025