2 0.34375 0.2890625 0.02109375 0.0234375
2 0.59453125 0.3 0.01875 0.0234375
2 0.8328125 0.31171875 0.0203125 0.0140625
2 0.95 0.31796875 0.02109375 0.01640625
2 0.7140625 0.30390625 0.0203125 0.01796875
2 0.4703125 0.29375 0.0203125 0.01796875
2 0.2140625 0.27890625 0.021875 0.02109375
2 0.05 0.2703125 0.021875 0.01796875
3 0.584375 0.4703125 0.01796875 0.0265625
3 0.45 0.43671875 0.01796875 0.02109375
3 0.3875 0.43359375 0.0109375 0.0140625
3 0.3875 0.46171875 0.01015625 0.0140625
3 0.375 0.459375 0.01015625 0.0125
3 0.265625 0.43359375 0.025 0.04296875
3 0.1046875 0.43359375 0.0265625 0.04296875
0 0.37109375 0.5015625 0.0328125 0.0515625
0 0.459375 0.51796875 0.0546875 0.084375
0 0.4875 0.49140625 0.01484375 0.0265625
0 0.56015625 0.5140625 0.034375 0.059375
0 0.8734375 0.5609375 0.15234375 0.1375
0 0.9703125 0.5578125 0.05703125 0.11953125
2 0.29296875 0.44765625 0.01171875 0.0140625
2 0.3203125 0.44921875 0.009375 0.02109375
3 0.0546875 0.31484375 0.08359375 0.03359375
3 0.2140625 0.32421875 0.08515625 0.04296875
3 0.3421875 0.3296875 0.07890625 0.03203125
3 0.4640625 0.33828125 0.078125 0.04296875
3 0.59140625 0.34921875 0.06953125 0.03203125
3 0.709375 0.35078125 0.07109375 0.03359375
3 0.82734375 0.35390625 0.065625 0.0359375
3 0.93984375 0.3578125 0.075 0.02890625
3 0.4734375 0.228125 0.2703125 0.075
3 0.4734375 0.175 0.146875 0.0359375