0 0.4671875 0.684375 0.05625 0.215625
0 0.1171875 0.69453125 0.234375 0.290625
0 0.34609375 0.734375 0.26171875 0.39453125
2 0.3359375 0.48359375 0.0125 0.04296875
2 0.3203125 0.478125 0.00859375 0.01640625
3 0.2109375 0.528125 0.01796875 0.03359375
3 0.2125 0.5015625 0.025 0.015625
2 0.26796875 0.46484375 0.00859375 0.028125
3 0.53046875 0.503125 0.02734375 0.053125
3 0.465625 0.55546875 0.02734375 0.015625
3 0.478125 0.58359375 0.01171875 0.0265625
3 0.50625 0.603125 0.015625 0.03203125
0 0.0109375 0.5765625 0.021875 0.1234375
3 0.53515625 0.60859375 0.0140625 0.01953125
3 0.51875 0.6125 0.01171875 0.03203125
3 0.1671875 0.52421875 0.0234375 0.03203125
2 0.4234375 0.5578125 0.015625 0.021875
2 0.2078125 0.453125 0.0125 0.04609375
2 0.25703125 0.528125 0.01015625 0.03203125
2 0.26484375 0.53046875 0.0078125 0.0265625