0 0.2765625 0.42109375 0.04765625 0.05390625
0 0.371875 0.415625 0.025 0.03046875
0 0.40625 0.4171875 0.01953125 0.03359375
0 0.4203125 0.421875 0.01328125 0.03359375
0 0.5296875 0.43125 0.03203125 0.046875
0 0.46484375 0.46015625 0.109375 0.175
0 0.59375 0.45546875 0.08046875 0.09609375
0 0.92265625 0.60625 0.153125 0.38046875
2 0.003125 0.2046875 0.00546875 0.10546875
2 0.0234375 0.20859375 0.015625 0.0609375
2 0.39765625 0.0921875 0.01953125 0.08203125
2 0.5390625 0.1171875 0.01953125 0.084375
3 0.4265625 0.11015625 0.02890625 0.0515625
3 0.6390625 0.20078125 0.06171875 0.034375
2 0.7828125 0.2984375 0.01171875 0.06796875
3 0.75859375 0.34296875 0.01171875 0.03046875