2 0.3140625 0.378125 0.00703125 0.0265625
2 0.4203125 0.346875 0.00859375 0.0359375
2 0.41015625 0.35 0.00859375 0.0359375
2 0.30859375 0.43671875 0.00703125 0.01796875
2 0.21015625 0.384375 0.00859375 0.03203125
2 0.221875 0.26015625 0.0140625 0.05390625
2 0.21640625 0.48359375 0.00859375 0.028125
0 0.1953125 0.49921875 0.01875 0.04453125
0 0.16875 0.5015625 0.02421875 0.0484375
0 0.14375 0.5046875 0.03984375 0.0484375
0 0.10625 0.509375 0.05390625 0.046875
0 0.375 0.48359375 0.01640625 0.02109375
0 0.390625 0.4828125 0.0140625 0.01953125
0 0.40390625 0.48125 0.0125 0.01640625
0 0.415625 0.4875 0.0125 0.02109375
0 0.4265625 0.49140625 0.0140625 0.021875
0 0.4359375 0.496875 0.015625 0.01640625
0 0.48984375 0.5015625 0.0140625 0.03046875
0 0.4953125 0.50390625 0.0140625 0.03203125
0 0.5140625 0.50625 0.01875 0.04296875
0 0.5296875 0.50703125 0.0296875 0.0484375
0 0.77578125 0.56171875 0.15078125 0.1390625
0 0.5640625 0.51171875 0.06171875 0.08046875
0 0.45625 0.4953125 0.0265625 0.03203125
0 0.2484375 0.5 0.10859375 0.07890625
0 0.0296875 0.5140625 0.059375 0.08203125
0 0.9078125 0.59765625 0.1828125 0.20859375
2 0.31875 0.43671875 0.009375 0.01796875
2 0.23125 0.38359375 0.021875 0.0375
0 0.3078125 0.478125 0.01328125 0.021875
0 0.321875 0.47421875 0.0140625 0.021875
2 0.58046875 0.4546875 0.009375 0.021875