2 0.628125 0.315625 0.0125 0.05390625
2 0.3671875 0.190625 0.01328125 0.05546875
2 0.8296875 0.13515625 0.03671875 0.159375
2 0.7953125 0.146875 0.02421875 0.134375
2 0.8796875 0.1921875 0.028125 0.1140625
2 0.8671875 0.315625 0.06328125 0.14140625
2 0.865625 0.42890625 0.06953125 0.0890625
3 0.8625 0.50703125 0.06796875 0.07109375
3 0.3671875 0.27265625 0.028125 0.0609375
3 0.421875 0.2703125 0.0328125 0.0515625
3 0.25 0.17890625 0.0234375 0.04296875
3 0.4984375 0.29375 0.015625 0.021875
2 0.21875 0.184375 0.01640625 0.0625
2 0.4171875 0.38984375 0.00390625 0.01640625
2 0.76328125 0.30703125 0.01328125 0.03046875
2 0.76875 0.28515625 0.01484375 0.0359375
0 0.6734375 0.4203125 0.04453125 0.021875
0 0.7015625 0.42109375 0.05078125 0.03046875
0 0.7828125 0.446875 0.10859375 0.090625
0 0.9328125 0.434375 0.0625 0.04453125
0 0.98359375 0.43203125 0.03203125 0.034375
0 0.384375 0.44296875 0.0515625 0.078125
0 0.2296875 0.446875 0.0203125 0.04140625
0 0.1671875 0.45 0.05625 0.04296875
0 0.0296875 0.496875 0.05859375 0.12890625
0 0.2984375 0.459375 0.12578125 0.1625
0 0.5 0.49296875 0.16484375 0.24453125
2 0.8015625 0.29296875 0.02265625 0.05390625
2 0.734375 0.359375 0.01171875 0.0234375
0 0.9609375 0.44453125 0.025 0.028125