3 0.09375 0.46796875 0.02734375 0.040625
3 0.79609375 0.290625 0.09375 0.16953125
3 0.7875 0.4484375 0.07265625 0.14140625
3 0.6875 0.4578125 0.01953125 0.021875
3 0.6828125 0.49921875 0.02421875 0.0640625
3 0.68046875 0.54921875 0.01953125 0.05390625
3 0.67734375 0.584375 0.01875 0.0375
0 0.18125 0.5921875 0.05390625 0.040625
3 0.22421875 0.5828125 0.00859375 0.02109375
0 0.0453125 0.57578125 0.0484375 0.040625
0 0.00703125 0.5546875 0.0140625 0.02109375
0 0.0046875 0.5859375 0.009375 0.04375
0 0.93125 0.6671875 0.021875 0.028125
0 0.89375 0.659375 0.02109375 0.01796875
0 0.8609375 0.65234375 0.0203125 0.01640625
0 0.803125 0.65234375 0.04609375 0.02890625
0 0.703125 0.62890625 0.01875 0.01953125
0 0.728125 0.646875 0.03359375 0.03359375
0 0.58828125 0.63203125 0.059375 0.04609375
3 0.53125 0.56640625 0.0125 0.01640625
0 0.3546875 0.68984375 0.39453125 0.26640625