0 0.45703125 0.50234375 0.01171875 0.025
0 0.44765625 0.51484375 0.02109375 0.02890625
0 0.43828125 0.525 0.0140625 0.02890625
0 0.42265625 0.53203125 0.0265625 0.0375
0 0.46875 0.4609375 0.009375 0.01640625
0 0.47890625 0.45703125 0.009375 0.01640625
0 0.5046875 0.50234375 0.01015625 0.02109375
0 0.50625 0.5125 0.01171875 0.02109375
0 0.4890625 0.5046875 0.01015625 0.025
0 0.48828125 0.51484375 0.01171875 0.01640625
0 0.47421875 0.50078125 0.01171875 0.02109375
0 0.36953125 0.553125 0.04375 0.06796875
0 0.52265625 0.53515625 0.01484375 0.03359375
0 0.490625 0.52109375 0.01640625 0.025
0 0.534375 0.54453125 0.03359375 0.046875
0 0.54921875 0.5171875 0.021875 0.0265625
0 0.784375 0.575 0.08359375 0.09296875
0 0.61875 0.59140625 0.1 0.14296875
0 0.8875 0.78984375 0.225 0.4203125