0 0.5078125 0.37734375 0.0125 0.01640625
0 0.5234375 0.37734375 0.01484375 0.01640625
0 0.5328125 0.38515625 0.01796875 0.01953125
0 0.5484375 0.38359375 0.021875 0.02890625
0 0.55390625 0.39140625 0.02421875 0.04140625
0 0.578125 0.4015625 0.04609375 0.065625
0 0.6171875 0.425 0.05703125 0.115625
0 0.74609375 0.490625 0.1453125 0.203125
0 0.4828125 0.38359375 0.0125 0.01953125
0 0.49375 0.38046875 0.0109375 0.0140625
0 0.475 0.384375 0.01640625 0.021875
0 0.46328125 0.390625 0.01484375 0.0140625
0 0.44375 0.38984375 0.02109375 0.04140625
0 0.265625 0.4078125 0.0203125 0.0625
0 0.3296875 0.40546875 0.05390625 0.07890625
0 0.41484375 0.421875 0.07734375 0.096875
0 0.88515625 0.5296875 0.22578125 0.5890625
3 0.6640625 0.246875 0.02421875 0.04296875
3 0.3984375 0.275 0.0234375 0.021875
3 0.35 0.27890625 0.01796875 0.0140625
3 0.20625 0.2453125 0.0203125 0.03359375
2 0.5140625 0.34140625 0.0078125 0.0234375
2 0.4484375 0.36875 0.00703125 0.021875