2 0.33125 0.4546875 0.00625 0.01953125
2 0.3421875 0.45234375 0.0078125 0.0140625
0 0.3203125 0.525 0.01328125 0.0265625
0 0.2859375 0.5421875 0.05703125 0.09453125
0 0.20546875 0.575 0.11640625 0.15390625
0 0.1265625 0.546875 0.03984375 0.05390625
0 0.078125 0.546875 0.0390625 0.04140625
0 0.01953125 0.55 0.02890625 0.0375
0 0.334375 0.52890625 0.0140625 0.0359375
0 0.365625 0.54453125 0.0546875 0.0875
0 0.5203125 0.559375 0.14453125 0.1640625
1 0.6390625 0.565625 0.06171875 0.2375
1 0.7078125 0.58046875 0.10390625 0.27109375