2 0.28046875 0.18828125 0.009375 0.065625
2 0.725 0.16328125 0.0171875 0.0859375
2 0.265625 0.18828125 0.01875 0.065625
2 0.2953125 0.1890625 0.01875 0.06796875
2 0.70546875 0.1609375 0.01875 0.08203125
2 0.74375 0.15625 0.015625 0.078125
2 0.809375 0.43046875 0.02265625 0.040625
2 0.00625 0.3640625 0.0125 0.0375
3 0.0390625 0.29453125 0.02265625 0.02109375
3 0.0125 0.2734375 0.0234375 0.0265625
3 0.79765625 0.30625 0.034375 0.09140625
3 0.53671875 0.4609375 0.01328125 0.03046875
1 0.1640625 0.50546875 0.021875 0.09609375
1 0.1828125 0.5125 0.01171875 0.06796875
1 0.36796875 0.503125 0.01875 0.109375
1 0.353125 0.5265625 0.0171875 0.0640625
0 0.0828125 0.4890625 0.02890625 0.0484375
0 0.3140625 0.4984375 0.0421875 0.0640625
0 0.4453125 0.484375 0.01484375 0.02109375
0 0.43203125 0.48125 0.01484375 0.0234375
0 0.421875 0.484375 0.0171875 0.034375
0 0.5328125 0.50078125 0.015625 0.0484375
0 0.5515625 0.50703125 0.034375 0.065625
0 0.49140625 0.4890625 0.078125 0.0640625
0 0.2640625 0.50078125 0.0828125 0.09140625
0 0.590625 0.52734375 0.0703125 0.103125
0 0.9828125 0.59609375 0.0328125 0.0609375
3 0.98359375 0.41171875 0.015625 0.0265625