0 0.0875 0.72890625 0.05 0.05
0 0.153125 0.721875 0.07109375 0.059375
0 0.48125 0.690625 0.02109375 0.034375
0 0.52890625 0.67421875 0.01953125 0.015625
0 0.4265625 0.73671875 0.10859375 0.153125
0 0.7953125 0.671875 0.11015625 0.0625
1 0.5921875 0.684375 0.01484375 0.06640625
1 0.65 0.675 0.0109375 0.04453125
1 0.7234375 0.66953125 0.01328125 0.07890625
1 0.9 0.65390625 0.01484375 0.0640625
1 0.57265625 0.67578125 0.0109375 0.05859375
1 0.565625 0.67578125 0.00703125 0.0640625
1 0.6859375 0.72421875 0.04140625 0.1765625
1 0.734375 0.67421875 0.01171875 0.05859375
1 0.8515625 0.659375 0.0109375 0.059375
1 0.86015625 0.659375 0.01875 0.0609375
1 0.865625 0.65859375 0.01171875 0.0625
1 0.8765625 0.65625 0.01171875 0.0640625
1 0.8859375 0.65859375 0.009375 0.059375
1 0.934375 0.653125 0.0171875 0.05546875
3 0.309375 0.57265625 0.040625 0.021875
3 0.496875 0.5765625 0.04375 0.01953125
3 0.54375 0.603125 0.0125 0.0140625
3 0.6359375 0.578125 0.0078125 0.02109375
3 0.6421875 0.596875 0.01015625 0.0140625
3 0.678125 0.56015625 0.0125 0.015625
3 0.6796875 0.5875 0.02421875 0.04140625
3 0.88125 0.51796875 0.025 0.02109375
3 0.88203125 0.553125 0.0328125 0.053125
3 0.2546875 0.5609375 0.0171875 0.04453125
2 0.36484375 0.5578125 0.00859375 0.0265625
2 0.45625 0.56015625 0.00859375 0.03046875
2 0.2484375 0.6515625 0.00859375 0.021875
2 0.3578125 0.55859375 0.0046875 0.025
2 0.3734375 0.5546875 0.00703125 0.02890625
2 0.45 0.56171875 0.00625 0.03046875
2 0.46328125 0.56171875 0.00703125 0.03046875
2 0.5921875 0.60078125 0.01171875 0.0234375
0 0.978125 0.6609375 0.03984375 0.046875
2 0.45703125 0.559375 0.00625 0.028125