0 0.04609375 0.72734375 0.0921875 0.196875
0 0.1328125 0.7296875 0.125 0.140625
1 0.159375 0.64375 0.01015625 0.04609375
1 0.3078125 0.65703125 0.0109375 0.05546875
1 0.2484375 0.6515625 0.009375 0.0359375
1 0.25546875 0.65703125 0.00703125 0.03046875
1 0.284375 0.6703125 0.01484375 0.065625
1 0.2703125 0.65390625 0.0140625 0.05859375
2 0.2953125 0.60234375 0.01484375 0.02109375
0 0.2234375 0.709375 0.09375 0.10859375
0 0.5953125 0.68984375 0.05078125 0.115625
0 0.703125 0.703125 0.0578125 0.0890625
0 0.86328125 0.81796875 0.271875 0.35703125
2 0.7625 0.6125 0.01484375 0.01953125
2 0.6125 0.51875 0.00625 0.0265625
2 0.628125 0.51953125 0.00625 0.028125
2 0.6203125 0.5171875 0.0078125 0.034375
3 0.690625 0.515625 0.0125 0.021875
3 0.7875 0.54140625 0.02265625 0.01640625
3 0.81875 0.578125 0.015625 0.0265625
0 0.44296875 0.6859375 0.28203125 0.57109375