2 0.515625 0.30703125 0.01015625 0.0484375
2 0.23984375 0.328125 0.00703125 0.0375
2 0.2515625 0.3359375 0.009375 0.0359375
2 0.2296875 0.33203125 0.01015625 0.0375
2 0.503125 0.309375 0.0078125 0.0390625
2 0.52578125 0.309375 0.01015625 0.04609375
2 0.1078125 0.46328125 0.01171875 0.025
2 0.6421875 0.475 0.01328125 0.01640625
2 0.7796875 0.4484375 0.02109375 0.02890625
2 0.79921875 0.45234375 0.01171875 0.025
3 0.125 0.4421875 0.0140625 0.01953125
3 0.75 0.3703125 0.0234375 0.0390625
3 0.7828125 0.34921875 0.0203125 0.00859375
3 0.7734375 0.3703125 0.009375 0.025
0 0.45546875 0.5375 0.01171875 0.0265625
0 0.4625 0.5359375 0.01171875 0.03203125
0 0.475 0.5359375 0.0171875 0.04609375
0 0.49453125 0.55078125 0.0421875 0.0640625
0 0.4265625 0.5375 0.01796875 0.040625
0 0.3703125 0.55859375 0.10625 0.1234375
0 0.2875 0.5421875 0.06171875 0.0734375
0 0.3203125 0.528125 0.025 0.0390625
0 0.0828125 0.58359375 0.16484375 0.16953125
0 0.03203125 0.62578125 0.05859375 0.121875
0 0.628125 0.609375 0.115625 0.159375
0 0.8125 0.62890625 0.315625 0.3359375
0 0.9265625 0.80703125 0.1421875 0.33359375
1 0.5421875 0.54375 0.01171875 0.04296875
2 0.43671875 0.47734375 0.009375 0.0140625
2 0.390625 0.47734375 0.00625 0.01796875