2 0.32578125 0.35703125 0.01015625 0.04609375
2 0.48125 0.39765625 0.009375 0.0375
2 0.6953125 0.45703125 0.0078125 0.0265625
2 0.4890625 0.4015625 0.00546875 0.028125
2 0.47265625 0.40078125 0.0078125 0.03203125
2 0.4328125 0.4640625 0.00546875 0.021875
2 0.70234375 0.459375 0.00546875 0.025
2 0.8109375 0.5109375 0.015625 0.03046875
2 0.68984375 0.459375 0.00703125 0.025
2 0.33125 0.475 0.01171875 0.04140625
2 0.484375 0.52734375 0.00546875 0.009375
1 0.7875 0.61328125 0.01640625 0.09140625
1 0.784375 0.6078125 0.01171875 0.078125
1 0.8109375 0.609375 0.01328125 0.08359375
1 0.8453125 0.590625 0.01015625 0.034375
1 0.83671875 0.596875 0.01015625 0.0390625
1 0.82734375 0.60390625 0.01015625 0.05859375
1 0.72265625 0.59140625 0.009375 0.0515625
1 0.728125 0.590625 0.009375 0.053125
1 0.7375 0.58828125 0.01015625 0.05
1 0.76328125 0.5921875 0.01171875 0.0515625
1 0.7765625 0.59453125 0.01015625 0.05703125
1 0.79921875 0.57734375 0.01015625 0.021875
1 0.7140625 0.5921875 0.01171875 0.046875
1 0.75 0.60625 0.01875 0.0859375
1 0.79765625 0.61171875 0.02421875 0.1
2 0.6046875 0.53671875 0.0046875 0.009375
0 0.5953125 0.5578125 0.028125 0.0234375
0 0.5328125 0.5484375 0.0328125 0.0359375
0 0.5515625 0.55078125 0.06484375 0.0390625
0 0.5125 0.56015625 0.01640625 0.01796875
0 0.490625 0.565625 0.02890625 0.0390625
0 0.4609375 0.58046875 0.03671875 0.1125
0 0.40625 0.60234375 0.1078125 0.1734375
3 0.3390625 0.453125 0.015625 0.0390625
3 0.3390625 0.42109375 0.00625 0.0125
3 0.82421875 0.5078125 0.01640625 0.01796875
3 0.95 0.50078125 0.01640625 0.01640625
2 0.9375 0.54375 0.01796875 0.021875
3 0.3328125 0.43046875 0.0125 0.0125
0 0.18359375 0.6921875 0.3671875 0.425
0 0.90078125 0.69375 0.19453125 0.2765625
0 0.61484375 0.7796875 0.43828125 0.4375
3 0.3234375 0.46484375 0.01015625 0.0234375
1 0.35 0.55546875 0.00859375 0.0375