0 0.39375 0.66171875 0.40390625 0.490625
0 0.04375 0.58046875 0.08671875 0.14453125
0 0.6328125 0.56796875 0.17890625 0.2109375
0 0.56328125 0.48828125 0.090625 0.11953125
0 0.253125 0.521875 0.0984375 0.1390625
2 0.32578125 0.340625 0.0078125 0.0359375
2 0.465625 0.321875 0.009375 0.0390625
2 0.334375 0.34296875 0.0078125 0.0515625
2 0.3171875 0.3453125 0.00546875 0.0515625
2 0.45703125 0.3171875 0.0078125 0.0484375
2 0.4765625 0.321875 0.0078125 0.04296875
3 0.509375 0.325 0.0515625 0.021875
3 0.57578125 0.359375 0.02421875 0.0125
3 0.48984375 0.41015625 0.0078125 0.021875
1 0.7390625 0.496875 0.0125 0.06796875
1 0.72734375 0.496875 0.0109375 0.08203125