2 0.375 0.028125 0.021875 0.05625
2 0.58125 0.45 0.00625 0.03046875
2 0.475 0.4546875 0.01015625 0.02109375
2 0.428125 0.45234375 0.00703125 0.0265625
2 0.66484375 0.43515625 0.009375 0.028125
3 0.81875 0.45390625 0.01328125 0.03046875
3 0.440625 0.46875 0.01171875 0.00859375
3 0.44140625 0.478125 0.01484375 0.0140625
2 0.56796875 0.48203125 0.00625 0.0140625
2 0.5171875 0.484375 0.00703125 0.01640625
0 0.475 0.52890625 0.01875 0.03359375
0 0.434375 0.54453125 0.015625 0.0359375
0 0.621875 0.53046875 0.04296875 0.084375
0 0.6703125 0.5390625 0.01796875 0.0359375
0 0.6953125 0.5359375 0.03984375 0.05546875
0 0.41484375 0.55 0.0359375 0.05
0 0.7515625 0.5359375 0.071875 0.0875
3 0.67265625 0.39609375 0.0109375 0.01796875
0 0.5609375 0.59296875 0.15078125 0.2125