3 0.7765625 0.140625 0.0859375 0.1515625
3 0.69765625 0.2484375 0.03203125 0.01953125
2 0.25625 0.103125 0.0203125 0.06796875
2 0.55703125 0.14296875 0.0109375 0.05703125
2 0.2078125 0.365625 0.01484375 0.028125
2 0.7 0.3296875 0.01640625 0.0265625
2 0.2359375 0.10859375 0.01484375 0.07109375
2 0.271875 0.115625 0.01640625 0.06796875
2 0.546875 0.14296875 0.0109375 0.05390625
2 0.57109375 0.14765625 0.0078125 0.05703125
0 0.225 0.44375 0.025 0.10703125
0 0.34453125 0.44375 0.1078125 0.1484375
2 0.4234375 0.378125 0.00703125 0.015625
0 0.5375 0.5234375 0.2859375 0.4609375
0 0.8765625 0.421875 0.24453125 0.17890625