3 0.5015625 0.334375 0.02734375 0.01640625
3 0.5625 0.31171875 0.025 0.0234375
3 0.2546875 0.33984375 0.02890625 0.01640625
3 0.228125 0.32890625 0.01640625 0.028125
3 0.2296875 0.3671875 0.01484375 0.009375
3 0.4640625 0.378125 0.01953125 0.0125
2 0.28125 0.3328125 0.0109375 0.034375
2 0.465625 0.3296875 0.0078125 0.02890625
2 0.45703125 0.38046875 0.009375 0.01953125
2 0.43671875 0.38359375 0.009375 0.0140625
2 0.41875 0.38359375 0.009375 0.01640625
2 0.3890625 0.39453125 0.00859375 0.01953125
3 0.95 0.16015625 0.03828125 0.0890625
0 0.4578125 0.409375 0.01875 0.03359375
0 0.4765625 0.42734375 0.0203125 0.0265625
0 0.421875 0.3984375 0.015625 0.0140625
0 0.43125 0.403125 0.01640625 0.0125
0 0.446875 0.40859375 0.015625 0.015625
0 0.40546875 0.40859375 0.01171875 0.01953125
0 0.3890625 0.428125 0.0203125 0.02109375
0 0.37578125 0.40234375 0.01640625 0.01640625
0 0.3609375 0.41015625 0.015625 0.0234375
0 0.30234375 0.434375 0.02890625 0.028125
0 0.1515625 0.46015625 0.03828125 0.05390625
0 0.10625 0.453125 0.06953125 0.075
0 0.359375 0.4296875 0.01953125 0.0234375
0 0.41484375 0.4171875 0.01640625 0.02109375
0 0.4015625 0.43125 0.0109375 0.0234375
0 0.68515625 0.43671875 0.0640625 0.06953125
0 0.51875 0.42734375 0.015625 0.01953125
0 0.340625 0.4375 0.03125 0.03359375
0 0.4375 0.43125 0.03046875 0.0375
0 0.6140625 0.4375 0.08203125 0.10546875
0 0.03984375 0.46953125 0.078125 0.1140625
0 0.9265625 0.50234375 0.1453125 0.21796875
1 0.7609375 0.409375 0.02109375 0.04453125
1 0.73359375 0.40625 0.0125 0.0359375
1 0.56875 0.42421875 0.0046875 0.03046875
1 0.5625 0.42265625 0.00546875 0.03046875
1 0.55 0.4296875 0.00859375 0.0484375
3 0.540625 0.403125 0.01171875 0.03359375
0 0.2890625 0.434375 0.02265625 0.03046875
1 0.27421875 0.43828125 0.0046875 0.0375
1 0.26796875 0.43984375 0.00546875 0.040625
1 0.14921875 0.428125 0.00546875 0.02109375
1 0.14375 0.4296875 0.0078125 0.02109375
0 0.74375 0.4640625 0.10078125 0.078125