0 0.43125 0.57265625 0.04375 0.053125
0 0.39140625 0.56328125 0.034375 0.0390625
0 0.3390625 0.55078125 0.0171875 0.03046875
0 0.3203125 0.553125 0.0171875 0.03046875
0 0.2140625 0.55859375 0.03828125 0.04296875
0 0.14921875 0.56484375 0.08828125 0.078125
0 0.29375 0.546875 0.02421875 0.03359375
0 0.0421875 0.540625 0.065625 0.046875
0 0.0109375 0.55859375 0.021875 0.0390625
0 0.09140625 0.54296875 0.03515625 0.05
0 0.36171875 0.54609375 0.0203125 0.03046875
3 0.6125 0.48984375 0.01171875 0.046875
0 0.57734375 0.5796875 0.0796875 0.071875