3 0.2265625 0.13671875 0.01640625 0.03046875
3 0.25 0.13125 0.0171875 0.0265625
3 0.56875 0.19140625 0.03125 0.078125
3 0.453125 0.2359375 0.01328125 0.0265625
3 0.3609375 0.22578125 0.0234375 0.00859375
3 0.2203125 0.234375 0.009375 0.00703125
2 0.39609375 0.2515625 0.00703125 0.02109375
2 0.2609375 0.23515625 0.00546875 0.0125
2 0.1875 0.23125 0.00625 0.00859375
0 0.05625 0.403125 0.1125 0.3234375
0 0.1859375 0.271875 0.01640625 0.01796875
0 0.209375 0.26796875 0.009375 0.0140625
0 0.2015625 0.2734375 0.0125 0.015625
0 0.2234375 0.265625 0.0125 0.009375
0 0.2171875 0.27578125 0.0171875 0.01640625
0 0.2546875 0.265625 0.009375 0.01640625
0 0.26796875 0.271875 0.0109375 0.01796875
0 0.23828125 0.2703125 0.0171875 0.0125
0 0.23125 0.28828125 0.01328125 0.02109375
0 0.2453125 0.3015625 0.03203125 0.05546875
0 0.340625 0.26015625 0.009375 0.01796875
0 0.3328125 0.271875 0.01953125 0.02890625
0 0.309375 0.2609375 0.0234375 0.034375
0 0.3140625 0.30078125 0.04375 0.06796875
0 0.0953125 0.32109375 0.12734375 0.140625
0 0.20546875 0.315625 0.06484375 0.0765625
0 0.27421875 0.321875 0.06484375 0.090625
0 0.38671875 0.353125 0.11484375 0.19296875
3 0.834375 0.28046875 0.05625 0.0734375