3 0.46953125 0.346875 0.01484375 0.0265625
3 0.4828125 0.3859375 0.02265625 0.01640625
3 0.8265625 0.44765625 0.02890625 0.05390625
3 0.975 0.42265625 0.01875 0.02109375
0 0.7078125 0.5625 0.0390625 0.04296875
0 0.7421875 0.5546875 0.0234375 0.05546875
0 0.7734375 0.55390625 0.0453125 0.059375
0 0.6390625 0.5640625 0.00546875 0.02890625
0 0.621875 0.55625 0.02265625 0.06953125
0 0.6515625 0.5640625 0.0234375 0.02890625
0 0.578125 0.5953125 0.109375 0.175
0 0.378125 0.57578125 0.08125 0.10390625
0 0.28671875 0.565625 0.0546875 0.1109375
0 0.946875 0.5234375 0.03984375 0.028125
0 0.96640625 0.56015625 0.06328125 0.146875