2 0.38515625 0.42734375 0.00625 0.02109375
0 0.38125 0.46875 0.01953125 0.0234375
0 0.365625 0.50078125 0.021875 0.0359375
0 0.25859375 0.50703125 0.0359375 0.0625
0 0.21796875 0.50234375 0.0625 0.0890625
0 0.325 0.5 0.06875 0.084375
0 0.4140625 0.51171875 0.078125 0.11640625
0 0.48125 0.50234375 0.01640625 0.046875
0 0.5125 0.503125 0.05546875 0.09609375
0 0.6734375 0.5625 0.21796875 0.25390625
1 0.8296875 0.51484375 0.0359375 0.16640625
3 0.9421875 0.44296875 0.01953125 0.040625
0 0.01640625 0.6953125 0.0328125 0.1984375
0 0.1546875 0.5203125 0.09921875 0.1