0 0.0203125 0.8265625 0.03828125 0.2375
0 0.2890625 0.73828125 0.07890625 0.1140625
0 0.47734375 0.771875 0.04375 0.075
0 0.4296875 0.753125 0.03828125 0.05546875
0 0.40625 0.728125 0.01875 0.03203125
0 0.509375 0.76484375 0.0296875 0.0515625
0 0.47890625 0.72734375 0.01875 0.0234375
0 0.4671875 0.721875 0.0203125 0.0234375
0 0.453125 0.72109375 0.01640625 0.021875
0 0.4421875 0.715625 0.01796875 0.01640625
0 0.3859375 0.7140625 0.01875 0.03203125
0 0.3625 0.69765625 0.01328125 0.0234375
0 0.33203125 0.70625 0.01484375 0.0265625
0 0.4234375 0.7125 0.01484375 0.01953125
0 0.41484375 0.70625 0.01328125 0.01640625
0 0.4015625 0.7015625 0.01484375 0.021875
3 0.88515625 0.7203125 0.03515625 0.0609375
3 0.8875 0.76953125 0.0234375 0.034375