0 0.06328125 0.45859375 0.01171875 0.02109375
0 0.053125 0.4625 0.02265625 0.0640625
0 0.034375 0.453125 0.04453125 0.10390625
0 0.0296875 0.4578125 0.0296875 0.07890625
0 0.015625 0.4578125 0.03125 0.1125
0 0.0828125 0.46015625 0.02265625 0.0390625
0 0.0953125 0.4625 0.02265625 0.04296875
0 0.1265625 0.459375 0.05859375 0.0875
0 0.1640625 0.4921875 0.1015625 0.115625
0 0.0140625 0.6109375 0.028125 0.23125
3 0.1875 0.38671875 0.0203125 0.03203125
3 0.1875 0.4109375 0.015625 0.0125
3 0.1421875 0.4 0.01328125 0.025