0 0.515625 0.49765625 0.02578125 0.025
0 0.4875 0.50234375 0.01484375 0.0234375
0 0.47734375 0.503125 0.0125 0.0265625
0 0.43515625 0.50703125 0.0203125 0.0515625
0 0.465625 0.503125 0.02890625 0.03046875
0 0.56328125 0.496875 0.0078125 0.02109375
0 0.5703125 0.4953125 0.01484375 0.02890625
0 0.578125 0.49921875 0.0140625 0.02890625
0 0.696875 0.53203125 0.11875 0.1375
0 0.609375 0.4890625 0.05 0.08046875
0 0.40859375 0.509375 0.046875 0.0625
0 0.3125 0.534375 0.1046875 0.096875
0 0.540625 0.49453125 0.01015625 0.01640625
0 0.8625 0.56796875 0.2734375 0.38359375