0 0.0265625 0.3890625 0.053125 0.090625
0 0.8625 0.6484375 0.2734375 0.38359375
0 0.053125 0.3703125 0.01953125 0.03359375
0 0.0796875 0.39296875 0.0546875 0.0625
0 0.07734375 0.37109375 0.015625 0.015625
0 0.1375 0.3890625 0.01953125 0.04296875
0 0.178125 0.39296875 0.040625 0.04296875
0 0.39375 0.415625 0.01484375 0.03359375
0 0.45 0.4265625 0.03359375 0.040625
0 0.3625 0.415625 0.021875 0.03046875
0 0.415625 0.4234375 0.04140625 0.0625
0 0.5140625 0.44140625 0.01796875 0.07109375
1 0.6703125 0.459375 0.0140625 0.08046875
1 0.7265625 0.459375 0.00859375 0.0625
1 0.7140625 0.465625 0.01328125 0.075
1 0.940625 0.459375 0.0203125 0.025
1 0.89375 0.45703125 0.01640625 0.0484375
1 0.65546875 0.44140625 0.01796875 0.065625
1 0.6421875 0.434375 0.009375 0.03359375
1 0.5484375 0.43359375 0.0125 0.0484375
1 0.5375 0.428125 0.01328125 0.053125
1 0.52890625 0.4296875 0.01015625 0.04453125
1 0.5 0.4265625 0.0078125 0.03203125
1 0.4921875 0.425 0.0078125 0.03203125
1 0.48359375 0.42265625 0.01015625 0.03359375
1 0.47109375 0.415625 0.0078125 0.0359375
2 0.26875 0.12734375 0.01484375 0.06796875
2 0.4234375 0.34296875 0.00390625 0.02890625
3 0.2671875 0.234375 0.04453125 0.03203125
3 0.88046875 0.18359375 0.03515625 0.09296875
3 0.9046875 0.27421875 0.0390625 0.021875
3 0.85546875 0.27421875 0.02578125 0.025
3 0.8703125 0.296875 0.028125 0.034375
3 0.87578125 0.32109375 0.03046875 0.02109375
2 0.88125 0.37109375 0.01875 0.03203125
2 0.9015625 0.371875 0.0203125 0.0390625
2 0.85234375 0.07109375 0.021875 0.08359375
2 0.8203125 0.078125 0.021875 0.08203125
1 0.90703125 0.45703125 0.0265625 0.04453125