0 0.0140625 0.3953125 0.028125 0.053125
0 0.4421875 0.42734375 0.059375 0.08359375
0 0.57734375 0.46015625 0.02890625 0.05859375
0 0.3484375 0.3953125 0.03046875 0.05859375
0 0.203125 0.371875 0.0171875 0.028125
0 0.25859375 0.38125 0.04296875 0.025
0 0.39375 0.4078125 0.02578125 0.04140625
0 0.5109375 0.47578125 0.12109375 0.15859375
0 0.625 0.46953125 0.0875 0.090625
1 0.740625 0.465625 0.01484375 0.06640625
1 0.76328125 0.446875 0.0203125 0.0390625
1 0.784375 0.4671875 0.01328125 0.06640625
1 0.7984375 0.45625 0.01171875 0.0390625
3 0.73671875 0.27421875 0.0234375 0.05546875
2 0.45546875 0.32421875 0.0046875 0.021875
2 0.45 0.32578125 0.00546875 0.025
0 0.05 0.3984375 0.08359375 0.06796875