2 0.3390625 0.4140625 0.009375 0.01640625
2 0.36953125 0.41953125 0.0125 0.01796875
2 0.340625 0.4421875 0.009375 0.009375
2 0.35625 0.4453125 0.0078125 0.01640625
3 0.615625 0.31796875 0.021875 0.04296875
3 0.60546875 0.38359375 0.021875 0.0625
0 0.4734375 0.51875 0.0546875 0.08046875
0 0.51171875 0.534375 0.08203125 0.10390625
0 0.2609375 0.46015625 0.03359375 0.03359375
0 0.33125 0.471875 0.0171875 0.021875
0 0.3671875 0.475 0.01171875 0.01640625
0 0.39296875 0.48984375 0.02578125 0.03359375
0 0.59921875 0.57890625 0.178125 0.17890625