0 0.234375 0.4171875 0.025 0.0375
0 0.225 0.428125 0.0203125 0.02890625
0 0.203125 0.43125 0.0265625 0.03046875
0 0.178125 0.43203125 0.02578125 0.0390625
0 0.1390625 0.428125 0.0421875 0.04296875
0 0.3640625 0.4171875 0.00859375 0.01640625
0 0.51640625 0.4390625 0.02265625 0.0625
0 0.775 0.421875 0.05234375 0.046875
0 0.10390625 0.4390625 0.04296875 0.0390625
0 0.1546875 0.43515625 0.0375 0.0390625
0 0.4421875 0.478125 0.15625 0.25546875
0 0.6109375 0.4625 0.13671875 0.171875
0 0.87265625 0.58671875 0.2546875 0.5015625
0 0.040625 0.41328125 0.009375 0.028125
0 0.05625 0.428125 0.0140625 0.0375
1 0.009375 0.4265625 0.009375 0.04453125
1 0.07109375 0.4234375 0.00703125 0.02890625
2 0.31875 0.365625 0.01328125 0.04609375
2 0.234375 0.340625 0.00859375 0.0359375
2 0.328125 0.29296875 0.0140625 0.059375
2 0.3328125 0.36640625 0.0140625 0.04453125
2 0.3421875 0.3078125 0.00859375 0.03359375
2 0.31640625 0.30078125 0.0078125 0.04453125
2 0.465625 0.29765625 0.00859375 0.03203125
2 0.565625 0.365625 0.00546875 0.025
2 0.7390625 0.3203125 0.01328125 0.05
3 0.1359375 0.37421875 0.01875 0.01796875
3 0.525 0.32890625 0.02578125 0.0140625
3 0.56328125 0.31328125 0.009375 0.025
3 0.63984375 0.36953125 0.01328125 0.025
3 0.740625 0.2828125 0.01796875 0.021875
3 0.82890625 0.28515625 0.03046875 0.075
3 0.90078125 0.32265625 0.0265625 0.0140625
3 0.871875 0.32109375 0.0125 0.028125
3 0.884375 0.3546875 0.02421875 0.0234375
3 0.3796875 0.38203125 0.01328125 0.015625
3 0.3453125 0.41015625 0.00703125 0.021875
1 0.81328125 0.428125 0.02578125 0.04609375