3 0.446875 0.3671875 0.0234375 0.01640625
3 0.546875 0.353125 0.0234375 0.02109375
3 0.565625 0.35390625 0.0109375 0.021875
3 0.58203125 0.35234375 0.02109375 0.028125
3 0.60390625 0.353125 0.01875 0.0265625
0 0.3765625 0.47578125 0.134375 0.18203125
0 0.54453125 0.4484375 0.07734375 0.096875
0 0.8796875 0.5625 0.2359375 0.434375
0 0.83125 0.46015625 0.11484375 0.1265625
0 0.49140625 0.42421875 0.04296875 0.065625
0 0.4625 0.4234375 0.0171875 0.04296875
0 0.4453125 0.421875 0.01328125 0.021875
0 0.11953125 0.4234375 0.0515625 0.03359375
0 0.1828125 0.4203125 0.04765625 0.02890625
0 0.153125 0.41640625 0.02890625 0.03359375