0 0.4765625 0.571875 0.07578125 0.1
3 0.53203125 0.509375 0.009375 0.02109375
3 0.11171875 0.4078125 0.159375 0.2
3 0.440625 0.415625 0.0421875 0.0640625
3 0.484375 0.40703125 0.04453125 0.06796875
3 0.53515625 0.3953125 0.05859375 0.075
3 0.634375 0.37421875 0.07578125 0.07890625
3 0.7234375 0.3609375 0.0875 0.0890625
3 0.84296875 0.33828125 0.10390625 0.084375
3 0.5953125 0.4578125 0.0234375 0.025
3 0.621875 0.45546875 0.02578125 0.025
3 0.6625 0.4484375 0.0328125 0.03046875
3 0.309375 0.559375 0.00703125 0.01640625
0 0.55859375 0.54296875 0.01015625 0.02109375