2 0.17109375 0.0515625 0.0765625 0.05703125
2 0.45234375 0.028125 0.09453125 0.05390625
2 0.90703125 0.33828125 0.028125 0.05
2 0.1234375 0.43046875 0.01875 0.04140625
2 0.184375 0.559375 0.0171875 0.02109375
2 0.21953125 0.403125 0.0328125 0.0875
3 0.2859375 0.45546875 0.034375 0.05546875
3 0.2109375 0.4703125 0.03671875 0.08046875
3 0.459375 0.49609375 0.02265625 0.04453125
3 0.678125 0.48359375 0.01953125 0.04609375
3 0.421875 0.49453125 0.00859375 0.028125
0 0.790625 0.52265625 0.0609375 0.075
0 0.86953125 0.52109375 0.1171875 0.1109375
0 0.7453125 0.5265625 0.03203125 0.04140625
3 0.4859375 0.41328125 0.05390625 0.07109375
3 0.5515625 0.40234375 0.0546875 0.06640625