1 0.0421875 0.4234375 0.01875 0.090625
1 0.00546875 0.415625 0.0109375 0.09609375
1 0.21171875 0.43046875 0.01015625 0.078125
1 0.18984375 0.40234375 0.00859375 0.01640625
1 0.5578125 0.43984375 0.00859375 0.040625
1 0.521875 0.434375 0.0109375 0.05
1 0.5328125 0.43671875 0.01171875 0.04609375
1 0.27265625 0.41484375 0.01015625 0.04140625
2 0.346875 0.3125 0.00859375 0.028125
2 0.5578125 0.39609375 0.01015625 0.0125
2 0.2609375 0.2890625 0.0078125 0.02890625
2 0.4734375 0.3265625 0.00546875 0.01953125
2 0.271875 0.3765625 0.00703125 0.009375
2 0.4203125 0.371875 0.0046875 0.0125
2 0.38671875 0.38046875 0.003125 0.00703125
2 0.6390625 0.3921875 0.0140625 0.01796875
3 0.234375 0.340625 0.01171875 0.0359375
3 0.2828125 0.34296875 0.01484375 0.0125
3 0.2484375 0.33515625 0.015625 0.00859375
3 0.5578125 0.3609375 0.0078125 0.00859375
3 0.553125 0.33671875 0.0125 0.009375
1 0.25703125 0.428125 0.009375 0.059375
0 0.17421875 0.41953125 0.05078125 0.04296875
0 0.146875 0.42109375 0.021875 0.05
0 0.2296875 0.41953125 0.0234375 0.028125
0 0.3453125 0.40859375 0.00703125 0.01796875
0 0.340625 0.39609375 0.01015625 0.0125
0 0.3375 0.41328125 0.015625 0.021875
0 0.3625 0.40625 0.0125 0.0125
0 0.375 0.41484375 0.01875 0.0265625
0 0.38828125 0.40390625 0.00859375 0.0125
0 0.371875 0.396875 0.0078125 0.0125
0 0.359375 0.39140625 0.0046875 0.009375
0 0.3640625 0.3890625 0.00625 0.0109375
0 0.365625 0.38515625 0.0046875 0.00859375
0 0.3515625 0.40234375 0.00859375 0.0109375
0 0.35390625 0.39609375 0.00859375 0.0125
0 0.4265625 0.415625 0.01328125 0.025
0 0.4796875 0.42421875 0.0140625 0.03203125
0 0.48359375 0.43203125 0.01484375 0.03203125
0 0.62109375 0.4578125 0.05078125 0.065625
0 0.759375 0.478125 0.12265625 0.10546875
0 0.6890625 0.45 0.10546875 0.1140625
0 0.440625 0.421875 0.01015625 0.0234375
0 0.36875 0.384375 0.0046875 0.00859375
0 0.378125 0.39375 0.00703125 0.0109375
0 0.384375 0.396875 0.00703125 0.009375
0 0.4984375 0.434375 0.03125 0.03359375
0 0.45703125 0.4328125 0.0390625 0.053125
0 0.35703125 0.421875 0.02421875 0.0375
0 0.31875 0.41875 0.0265625 0.040625
0 0.8796875 0.50546875 0.171875 0.14453125
2 0.246875 0.35703125 0.0140625 0.01796875
0 0.41484375 0.4203125 0.02265625 0.034375
2 0.5734375 0.409375 0.00546875 0.0109375