3 0.728125 0.13671875 0.07734375 0.034375
3 0.68984375 0.19609375 0.059375 0.0375
1 0.5609375 0.51015625 0.025 0.1234375
1 0.5296875 0.509375 0.01640625 0.071875
0 0.2375 0.5625 0.1265625 0.171875
0 0.3640625 0.5140625 0.0234375 0.040625
0 0.3171875 0.521875 0.03828125 0.065625
0 0.12421875 0.5328125 0.05234375 0.0625
0 0.5421875 0.5046875 0.08203125 0.05
0 0.825 0.5046875 0.0671875 0.04296875
0 0.915625 0.503125 0.078125 0.06953125
2 0.3421875 0.440625 0.0046875 0.021875
0 0.30625 0.44375 0.0078125 0.01640625