0 0.0875 0.6359375 0.17421875 0.4890625
0 0.85078125 0.6296875 0.29765625 0.3234375
0 0.1703125 0.5875 0.11328125 0.259375
0 0.2125 0.534375 0.0984375 0.171875
0 0.26328125 0.52578125 0.03125 0.075
0 0.290625 0.5171875 0.025 0.05
0 0.6421875 0.58828125 0.14296875 0.15
0 0.55859375 0.5640625 0.10703125 0.140625
0 0.490625 0.56171875 0.05078125 0.08359375
0 0.45625 0.55859375 0.0359375 0.0625
0 0.43515625 0.54765625 0.03984375 0.0625
0 0.4078125 0.5375 0.04296875 0.0484375
0 0.38125 0.53515625 0.0265625 0.0375
0 0.365625 0.53046875 0.02109375 0.03046875
0 0.3421875 0.5234375 0.0421875 0.04140625