0 0.35625 0.4890625 0.04453125 0.0859375
0 0.325 0.51171875 0.04296875 0.05859375
0 0.534375 0.51015625 0.02109375 0.0515625
0 0.47890625 0.5265625 0.10546875 0.19296875
0 0.7453125 0.5609375 0.1953125 0.22890625
0 0.86484375 0.51640625 0.08671875 0.09453125
0 0.92734375 0.5265625 0.07109375 0.12890625
0 0.04140625 0.51640625 0.078125 0.065625
0 0.009375 0.540625 0.01796875 0.05859375
2 0.0671875 0.39140625 0.0234375 0.0359375
2 0.3296875 0.23828125 0.01640625 0.059375
2 0.50703125 0.3046875 0.01015625 0.04609375
2 0.61875 0.440625 0.01875 0.025
2 0.78359375 0.3828125 0.034375 0.04609375
2 0.3140625 0.2421875 0.0171875 0.05859375
2 0.496875 0.3078125 0.0109375 0.04296875
2 0.3828125 0.4421875 0.00546875 0.01640625
2 0.378125 0.4421875 0.00625 0.01953125
2 0.25078125 0.43671875 0.0140625 0.01640625
2 0.4140625 0.45 0.00390625 0.01953125
2 0.4171875 0.45 0.00546875 0.01640625
3 0.0890625 0.3578125 0.03984375 0.025
3 0.07265625 0.3 0.02890625 0.015625
3 0.08046875 0.278125 0.015625 0.025
3 0.61640625 0.384375 0.0140625 0.0125
3 0.60625 0.40703125 0.02421875 0.015625