0 0.4625 0.496875 0.0140625 0.0265625
0 0.4046875 0.496875 0.0140625 0.0375
0 0.38984375 0.496875 0.0140625 0.0390625
0 0.3734375 0.496875 0.01875 0.04453125
0 0.3703125 0.503125 0.01796875 0.0390625
0 0.35 0.4984375 0.03046875 0.05
0 0.3328125 0.503125 0.03515625 0.05390625
0 0.553125 0.50078125 0.01015625 0.021875
0 0.565625 0.515625 0.021875 0.04453125
0 0.5890625 0.521875 0.03984375 0.05703125
0 0.50625 0.528125 0.09765625 0.15546875
0 0.309375 0.51328125 0.0453125 0.053125
0 0.41875 0.496875 0.021875 0.0375
1 0.21015625 0.509375 0.01640625 0.08359375
1 0.70390625 0.5296875 0.01796875 0.1109375
0 0.8046875 0.55859375 0.19375 0.1984375
0 0.91328125 0.60625 0.16953125 0.33203125
2 0.2859375 0.24609375 0.01484375 0.05546875
2 0.30078125 0.24140625 0.009375 0.05859375
2 0.5703125 0.2984375 0.00625 0.040625
2 0.5578125 0.296875 0.009375 0.03203125
3 0.053125 0.2671875 0.02109375 0.02109375
3 0.5671875 0.4609375 0.009375 0.021875
3 0.65078125 0.3984375 0.0140625 0.015625
2 0.653125 0.44609375 0.0171875 0.025
3 0.640625 0.41484375 0.021875 0.01796875
2 0.8640625 0.421875 0.01796875 0.03359375
2 0.203125 0.42734375 0.0140625 0.02109375
2 0.84296875 0.421875 0.01796875 0.03046875