0 0.084375 0.5234375 0.16875 0.14375
0 0.1875 0.51640625 0.05859375 0.0875
0 0.234375 0.50859375 0.059375 0.07109375
0 0.26875 0.50390625 0.02578125 0.053125
0 0.36484375 0.496875 0.04140625 0.0515625
0 0.3921875 0.4890625 0.02109375 0.03203125
0 0.4078125 0.4859375 0.0171875 0.03046875
0 0.42734375 0.4859375 0.02109375 0.0265625
0 0.51171875 0.48125 0.009375 0.02109375
0 0.53984375 0.478125 0.0140625 0.0234375
0 0.5546875 0.47890625 0.01640625 0.028125
0 0.571875 0.48125 0.00703125 0.02109375
0 0.5234375 0.48984375 0.02109375 0.0359375
0 0.4921875 0.4921875 0.03984375 0.04140625
0 0.4734375 0.484375 0.01328125 0.0234375
0 0.4578125 0.48203125 0.0046875 0.0140625
0 0.45703125 0.484375 0.0078125 0.0125
2 0.82734375 0.3234375 0.02265625 0.0625
2 0.8515625 0.32578125 0.03359375 0.05859375
3 0.8328125 0.1875 0.04375 0.0375
3 0.78671875 0.16640625 0.0140625 0.02890625
3 0.571875 0.43203125 0.009375 0.015625
3 0.821875 0.49609375 0.0140625 0.0375
3 0.82265625 0.44765625 0.01875 0.0234375
0 0.309375 0.5 0.07421875 0.09453125