0 0.02421875 0.3828125 0.0484375 0.15390625
0 0.27890625 0.39375 0.03359375 0.08359375
0 0.20625 0.3875 0.01953125 0.1
1 0.303125 0.37265625 0.01328125 0.065625
1 0.296875 0.371875 0.01171875 0.05546875
1 0.6375 0.39609375 0.01796875 0.09140625
0 0.5046875 0.38046875 0.025 0.0484375
0 0.490625 0.38046875 0.00703125 0.028125
0 0.5734375 0.378125 0.01875 0.034375
0 0.5765625 0.3875 0.02109375 0.040625
0 0.5828125 0.390625 0.01953125 0.040625
0 0.590625 0.390625 0.0203125 0.059375
0 0.6203125 0.3953125 0.05390625 0.0765625
0 0.7109375 0.3921875 0.09921875 0.21640625
0 0.071875 0.61328125 0.14140625 0.215625
0 0.865625 0.41875 0.26875 0.540625
0 0.3703125 0.41171875 0.1390625 0.146875
0 0.53359375 0.4 0.06328125 0.0875
0 0.478125 0.38515625 0.028125 0.0390625
2 0.2546875 0.18046875 0.01015625 0.0515625
2 0.6765625 0.115625 0.0140625 0.05703125
2 0.659375 0.115625 0.01796875 0.059375
2 0.75703125 0.1734375 0.01328125 0.05
2 0.70859375 0.01640625 0.0203125 0.0328125
3 0.240625 0.06015625 0.02265625 0.07109375
3 0.2328125 0.21484375 0.0234375 0.015625
3 0.24375 0.24921875 0.02734375 0.01953125