3 0.27265625 0.3296875 0.021875 0.0515625
3 0.26875 0.371875 0.01328125 0.0265625
3 0.6859375 0.41875 0.01640625 0.01953125
0 0.5453125 0.5015625 0.0125 0.03359375
0 0.553125 0.50703125 0.01484375 0.0265625
0 0.5671875 0.5046875 0.01875 0.0359375
0 0.578125 0.51484375 0.021875 0.0515625
0 0.5890625 0.52109375 0.0203125 0.05859375
0 0.63046875 0.51328125 0.084375 0.140625
0 0.65625 0.5328125 0.08984375 0.14609375
0 0.8125 0.559375 0.2640625 0.31640625
0 0.52890625 0.5015625 0.01484375 0.01953125
0 0.50625 0.4953125 0.0078125 0.021875
0 0.51015625 0.49765625 0.0078125 0.021875
0 0.4953125 0.4953125 0.0078125 0.021875
0 0.490625 0.496875 0.00703125 0.0234375
0 0.4828125 0.49375 0.0109375 0.01953125
0 0.475 0.490625 0.0125 0.03203125
0 0.471875 0.49375 0.0125 0.02890625
0 0.4625 0.496875 0.01328125 0.02890625
0 0.459375 0.49296875 0.0125 0.03203125
0 0.4484375 0.49765625 0.01328125 0.0359375
0 0.4296875 0.49375 0.02734375 0.04296875
0 0.4125 0.49765625 0.02578125 0.04609375
0 0.39140625 0.496875 0.0296875 0.06796875
0 0.3421875 0.49921875 0.05703125 0.096875
0 0.3078125 0.50859375 0.065625 0.1015625
0 0.2234375 0.50859375 0.153125 0.159375
0 0.37421875 0.503125 0.02890625 0.10703125
1 0.4203125 0.5 0.0109375 0.05546875
0 0.51875 0.496875 0.01484375 0.02890625
0 0.9703125 0.7390625 0.05859375 0.29609375