2 0.40390625 0.39609375 0.00703125 0.015625
2 0.503125 0.396875 0.00703125 0.01640625
0 0.0609375 0.52421875 0.12109375 0.140625
0 0.15859375 0.515625 0.08671875 0.090625
0 0.215625 0.503125 0.0671875 0.0859375
0 0.259375 0.490625 0.03828125 0.065625
0 0.2890625 0.4921875 0.025 0.0625
0 0.309375 0.4875 0.01640625 0.04296875
0 0.3265625 0.4859375 0.0203125 0.04296875
0 0.340625 0.48125 0.0171875 0.04296875
0 0.35859375 0.48359375 0.01953125 0.028125
0 0.37109375 0.4796875 0.0125 0.0234375
0 0.4578125 0.51875 0.07734375 0.11640625
0 0.5828125 0.540625 0.1859375 0.24296875
0 0.94375 0.5734375 0.11171875 0.22890625
0 0.7171875 0.525 0.13515625 0.209375
0 0.415625 0.46953125 0.01484375 0.01640625
0 0.403125 0.4640625 0.01640625 0.01953125