0 0.4109375 0.5390625 0.0265625 0.03203125
0 0.38828125 0.553125 0.02421875 0.0390625
0 0.459375 0.55546875 0.021875 0.0390625
0 0.3546875 0.565625 0.04765625 0.06640625
0 0.3203125 0.54609375 0.03359375 0.040625
0 0.2609375 0.5859375 0.13046875 0.15390625
0 0.10859375 0.55 0.14609375 0.1765625
0 0.034375 0.55234375 0.03125 0.09609375
0 0.0125 0.5625 0.025 0.084375
0 0.4796875 0.55 0.01796875 0.028125
0 0.509375 0.5640625 0.03203125 0.0515625
0 0.53125 0.56875 0.0203125 0.05703125
0 0.5546875 0.58828125 0.05546875 0.09609375
0 0.63828125 0.63125 0.16875 0.203125