0 0.87421875 0.740625 0.24921875 0.38359375
0 0.5 0.6640625 0.19765625 0.3015625
0 0.33125 0.6375 0.14296875 0.225
0 0.028125 0.62421875 0.04375 0.05546875
1 0.1578125 0.61484375 0.00859375 0.084375
1 0.17734375 0.6046875 0.015625 0.065625
2 0.2140625 0.4796875 0.01171875 0.04453125
2 0.3796875 0.52421875 0.00703125 0.0359375
2 0.4953125 0.45078125 0.00703125 0.034375
2 0.6421875 0.46875 0.0078125 0.040625
2 0.9046875 0.41953125 0.01171875 0.04453125
2 0.3765625 0.415625 0.0109375 0.0359375
2 0.3921875 0.4125 0.01171875 0.04140625
2 0.634375 0.46875 0.0109375 0.040625
2 0.1984375 0.5328125 0.0125 0.01953125
2 0.215625 0.53203125 0.009375 0.0234375
2 0.9375 0.534375 0.01484375 0.02109375
3 0.921875 0.34921875 0.0328125 0.06796875
2 0.69375 0.509375 0.0109375 0.059375
3 0.1984375 0.4703125 0.01953125 0.01953125
3 0.19375 0.44921875 0.0234375 0.01953125