2 0.3484375 0.31796875 0.00546875 0.02109375
2 0.49921875 0.32421875 0.00546875 0.02109375
2 0.5421875 0.359375 0.00546875 0.01796875
2 0.5328125 0.35859375 0.00703125 0.01640625
3 0.8328125 0.27109375 0.03359375 0.06953125
3 0.734375 0.321875 0.01484375 0.04609375
0 0.45703125 0.3859375 0.0171875 0.0140625
0 0.4484375 0.396875 0.01875 0.025
0 0.4328125 0.40234375 0.0171875 0.03046875
0 0.41875 0.40859375 0.02421875 0.04296875
0 0.4 0.409375 0.0265625 0.04140625
0 0.375 0.41796875 0.040625 0.05859375
0 0.64296875 0.3953125 0.04609375 0.0375
0 0.6671875 0.396875 0.01484375 0.03359375
0 0.2421875 0.428125 0.0625 0.09296875
0 0.1890625 0.44453125 0.09375 0.134375
0 0.4890625 0.396875 0.01640625 0.025
0 0.5421875 0.4109375 0.03671875 0.05859375
0 0.32265625 0.4265625 0.06953125 0.1015625
0 0.0734375 0.384375 0.14609375 0.39609375
0 0.9890625 0.49609375 0.01875 0.1015625
3 0.975 0.334375 0.0171875 0.046875
3 0.990625 0.2375 0.01484375 0.09296875