2 0.525 0.378125 0.00546875 0.021875
2 0.5328125 0.378125 0.00546875 0.0234375
1 0.8640625 0.50390625 0.02421875 0.125
1 0.8953125 0.509375 0.02265625 0.1234375
0 0.03984375 0.52265625 0.0796875 0.32890625
0 0.1734375 0.53046875 0.16171875 0.16953125
0 0.10546875 0.53203125 0.0609375 0.121875
0 0.29140625 0.50546875 0.08515625 0.10703125
0 0.3453125 0.503125 0.03984375 0.07890625
0 0.3671875 0.496875 0.015625 0.046875
0 0.2515625 0.48984375 0.02421875 0.03359375
0 0.3984375 0.50703125 0.06953125 0.084375
0 0.4359375 0.49453125 0.03125 0.046875
0 0.49140625 0.49296875 0.025 0.0359375
0 0.54140625 0.4875 0.02109375 0.0265625
0 0.71171875 0.52421875 0.09375 0.09609375
0 0.65859375 0.51171875 0.053125 0.0765625
0 0.63046875 0.50546875 0.0390625 0.0640625
0 0.61875 0.496875 0.05390625 0.078125
0 0.5109375 0.4875 0.01875 0.03046875
0 0.5296875 0.48671875 0.0109375 0.025