3 0.3203125 0.45625 0.01171875 0.025
3 0.546875 0.36875 0.01484375 0.04609375
3 0.6828125 0.3265625 0.0265625 0.04453125
3 0.6875 0.275 0.021875 0.02890625
3 0.6875 0.23671875 0.0109375 0.02109375
0 0.5703125 0.5015625 0.0421875 0.16640625
1 0.70078125 0.5109375 0.0609375 0.25859375
0 0.353125 0.51171875 0.0171875 0.06640625
0 0.325 0.49609375 0.02890625 0.0375
0 0.059375 0.52578125 0.08515625 0.07890625
0 0.12421875 0.52578125 0.05 0.0625
0 0.0109375 0.53671875 0.021875 0.075
1 0.6375 0.471875 0.0109375 0.05859375