0 0.12265625 0.43671875 0.1578125 0.053125
0 0.4125 0.459375 0.096875 0.08359375
0 0.4453125 0.44140625 0.034375 0.034375
0 0.4890625 0.44375 0.021875 0.03359375
0 0.546875 0.45546875 0.06796875 0.071875
0 0.71640625 0.43515625 0.021875 0.04296875
0 0.734375 0.4328125 0.02734375 0.04296875
0 0.7640625 0.43515625 0.03359375 0.0625
0 0.7890625 0.434375 0.0484375 0.0765625
0 0.64296875 0.49765625 0.16875 0.2609375
0 0.83125 0.446875 0.08515625 0.08359375
0 0.2328125 0.43125 0.0390625 0.03203125
0 0.2859375 0.43203125 0.0578125 0.0390625
3 0.4875 0.315625 0.04296875 0.08046875
3 0.525 0.378125 0.01328125 0.0265625
3 0.15625 0.38828125 0.034375 0.053125
0 0.3609375 0.4359375 0.01953125 0.0234375
3 0.375 0.371875 0.05 0.040625
0 0.01875 0.41640625 0.03671875 0.04609375