0 0.12890625 0.5546875 0.2578125 0.25546875
0 0.334375 0.48984375 0.0296875 0.0375
0 0.390625 0.478125 0.01640625 0.021875
0 0.4171875 0.4765625 0.015625 0.03359375
0 0.56640625 0.459375 0.03359375 0.04609375
0 0.74296875 0.44375 0.0671875 0.0515625
0 0.590625 0.4484375 0.01328125 0.01953125
0 0.4515625 0.47890625 0.0671875 0.08203125
0 0.528125 0.475 0.0578125 0.07109375
0 0.6234375 0.45625 0.0296875 0.04296875
3 0.340625 0.27890625 0.0203125 0.03359375
3 0.496875 0.35546875 0.025 0.0109375
3 0.834375 0.3125 0.0421875 0.0765625
2 0.615625 0.30078125 0.0109375 0.0390625
2 0.709375 0.3703125 0.00859375 0.03359375
2 0.496875 0.3921875 0.00703125 0.02890625
0 0.3671875 0.48359375 0.03828125 0.046875
0 0.4765625 0.45703125 0.01171875 0.01953125