3 0.5890625 0.34453125 0.02109375 0.0109375
3 0.5140625 0.340625 0.0171875 0.009375
3 0.525 0.3671875 0.03671875 0.0375
3 0.57890625 0.3703125 0.0421875 0.04296875
3 0.47265625 0.42578125 0.02109375 0.015625
3 0.44375 0.4328125 0.0125 0.015625
3 0.621875 0.41875 0.00546875 0.03359375
0 0.5671875 0.4515625 0.0109375 0.025
0 0.5734375 0.45390625 0.00859375 0.0265625
0 0.5578125 0.46171875 0.01484375 0.053125
0 0.5875 0.45703125 0.0234375 0.0390625
0 0.6015625 0.459375 0.015625 0.046875
0 0.61875 0.465625 0.03515625 0.0625
0 0.7140625 0.47109375 0.0375 0.06796875
0 0.528125 0.4828125 0.06953125 0.096875
0 0.6609375 0.490625 0.08359375 0.103125
0 0.83359375 0.5 0.134375 0.11953125