3 0.4828125 0.45 0.01953125 0.01640625
3 0.47421875 0.396875 0.05546875 0.03359375
3 0.384375 0.46015625 0.00859375 0.01953125
3 0.4046875 0.40078125 0.05390625 0.0265625
3 0.5453125 0.46171875 0.0140625 0.02109375
3 0.51484375 0.4203125 0.01171875 0.028125
3 0.58359375 0.5015625 0.00703125 0.0125
0 0.67578125 0.52890625 0.05859375 0.0484375
0 0.8109375 0.54609375 0.15078125 0.1015625
0 0.43125 0.47421875 0.0140625 0.02109375
0 0.33828125 0.49140625 0.0234375 0.028125
0 0.409375 0.47578125 0.01796875 0.028125
0 0.39375 0.4796875 0.0171875 0.0359375
0 0.37578125 0.4875 0.0296875 0.03046875
0 0.3515625 0.49765625 0.02578125 0.0265625
0 0.30234375 0.4984375 0.0484375 0.0234375
0 0.26328125 0.50234375 0.0265625 0.034375
0 0.2 0.4984375 0.1015625 0.06953125
0 0.103125 0.621875 0.20625 0.47109375
0 0.4875 0.50859375 0.03046875 0.046875