0 0.403125 0.61953125 0.01328125 0.034375
0 0.38671875 0.625 0.0203125 0.04296875
0 0.3625 0.640625 0.02265625 0.05546875
0 0.33671875 0.6390625 0.0421875 0.07890625
0 0.3296875 0.65078125 0.0328125 0.07890625
0 0.29453125 0.65859375 0.0609375 0.10390625
0 0.23359375 0.6796875 0.128125 0.13203125
0 0.4421875 0.621875 0.0171875 0.0484375
0 0.45 0.63515625 0.0171875 0.04453125
0 0.475 0.63046875 0.03984375 0.071875
0 0.5390625 0.66171875 0.08359375 0.10546875
2 0.396875 0.5703125 0.009375 0.01640625
2 0.4390625 0.57421875 0.009375 0.01640625
0 0.4171875 0.6140625 0.0125 0.02890625