3 0.7875 0.11328125 0.025 0.028125
0 0.109375 0.1984375 0.025 0.03046875
0 0.08203125 0.20625 0.03671875 0.04296875
0 0.3828125 0.221875 0.01640625 0.01640625
0 0.4140625 0.21875 0.01015625 0.0234375
0 0.4390625 0.203125 0.015625 0.00859375
0 0.5375 0.225 0.009375 0.03203125
0 0.5453125 0.22578125 0.01484375 0.03359375
0 0.55 0.23125 0.01875 0.03046875
0 0.57109375 0.23671875 0.0265625 0.04140625
0 0.6 0.240625 0.04453125 0.0640625
0 0.61171875 0.24765625 0.04765625 0.071875
0 0.6234375 0.265625 0.03671875 0.075
0 0.6859375 0.26328125 0.11484375 0.140625
0 0.74453125 0.2859375 0.14140625 0.159375
0 0.82890625 0.3578125 0.2140625 0.20703125
0 0.278125 0.20859375 0.025 0.02890625
0 0.434375 0.24453125 0.0484375 0.075
0 0.50625 0.2296875 0.0171875 0.01953125
0 0.1765625 0.203125 0.04375 0.0390625
0 0.03125 0.196875 0.0625 0.065625
0 0.9375 0.409375 0.12421875 0.284375
0 0.3 0.209375 0.0203125 0.021875
0 0.24921875 0.20703125 0.0171875 0.021875
0 0.55859375 0.2328125 0.01640625 0.0375
3 0.0765625 0.02109375 0.02421875 0.03359375
0 0.12890625 0.2 0.02109375 0.0265625