2 0.5453125 0.33125 0.009375 0.03359375
2 0.45 0.37421875 0.009375 0.0265625
2 0.5390625 0.3296875 0.00625 0.03046875
2 0.2421875 0.29453125 0.009375 0.0265625
2 0.23125 0.2921875 0.01171875 0.03046875
3 0.1921875 0.29453125 0.04609375 0.0265625
3 0.65234375 0.32734375 0.02421875 0.021875
3 0.6609375 0.35234375 0.0171875 0.01953125
3 0.5703125 0.3390625 0.0328125 0.01796875
3 0.4625 0.371875 0.009375 0.0265625
3 0.45 0.39140625 0.01171875 0.01953125
3 0.3625 0.37109375 0.01484375 0.028125
0 0.3375 0.43203125 0.0125 0.03359375
0 0.3265625 0.4265625 0.01875 0.0375
0 0.4734375 0.43671875 0.02578125 0.0515625
0 0.5375 0.440625 0.0171875 0.04140625
0 0.5671875 0.4578125 0.059375 0.075
0 0.609375 0.459375 0.025 0.05546875
0 0.6375 0.4609375 0.0484375 0.08203125
0 0.68515625 0.4703125 0.0828125 0.109375
0 0.73359375 0.49140625 0.0984375 0.109375
0 0.3078125 0.428125 0.03359375 0.04296875
0 0.4 0.471875 0.0734375 0.090625
0 0.50390625 0.48671875 0.084375 0.11953125
0 0.8359375 0.50703125 0.1671875 0.140625
0 0.01796875 0.43984375 0.0359375 0.10546875