3 0.4796875 0.46171875 0.01015625 0.021875
3 0.4125 0.45546875 0.01796875 0.01640625
3 0.38046875 0.45703125 0.01484375 0.01796875
3 0.39140625 0.459375 0.00625 0.0125
3 0.48671875 0.45625 0.00703125 0.01953125
0 0.41328125 0.496875 0.0140625 0.01953125
0 0.425 0.490625 0.0140625 0.01953125
0 0.19453125 0.5125 0.0375 0.0265625
0 0.06484375 0.5265625 0.03828125 0.028125
0 0.134375 0.53515625 0.10546875 0.1
0 0.3015625 0.51953125 0.0515625 0.065625
0 0.2515625 0.51875 0.04296875 0.0484375
0 0.35 0.50703125 0.02734375 0.0375
0 0.4453125 0.521875 0.05625 0.08203125
3 0.5015625 0.50390625 0.0109375 0.0265625
3 0.5578125 0.503125 0.0109375 0.015625