2 0.375 0.67421875 0.01328125 0.0265625
2 0.37265625 0.72578125 0.01484375 0.02109375
0 0.153125 0.74921875 0.02421875 0.04453125
0 0.26875 0.71875 0.009375 0.02109375
0 0.2734375 0.721875 0.01484375 0.028125
0 0.28125 0.73046875 0.01953125 0.03046875
0 0.29296875 0.7421875 0.02109375 0.034375
0 0.3015625 0.74765625 0.025 0.04140625
0 0.30859375 0.7625 0.02890625 0.04140625
0 0.32109375 0.775 0.03046875 0.03046875
0 0.221875 0.715625 0.01953125 0.02890625
0 0.2578125 0.71171875 0.015625 0.02109375
0 0.21015625 0.759375 0.03203125 0.04453125
0 0.33125 0.7890625 0.03671875 0.0375
0 0.1078125 0.803125 0.09375 0.12890625
0 0.55 0.76796875 0.1703125 0.14453125
1 0.7234375 0.6671875 0.0171875 0.04453125
0 0.8203125 0.78046875 0.359375 0.3