3 0.3484375 0.359375 0.04609375 0.02109375
2 0.41484375 0.35234375 0.0078125 0.0359375
2 0.70234375 0.3375 0.009375 0.0359375
2 0.25546875 0.4515625 0.0125 0.021875
2 0.8109375 0.44921875 0.0078125 0.021875
3 0.7390625 0.34765625 0.0421875 0.01953125
3 0.7890625 0.384375 0.02421875 0.0140625
3 0.271875 0.34609375 0.01484375 0.0140625
2 0.046875 0.40625 0.01328125 0.03359375
2 0.69453125 0.340625 0.0078125 0.0390625
2 0.325 0.45390625 0.00703125 0.0265625
0 0.33203125 0.54453125 0.0515625 0.1140625
0 0.5390625 0.521875 0.0453125 0.075
0 0.575 0.51484375 0.03359375 0.05703125
0 0.590625 0.509375 0.01640625 0.04609375
0 0.6078125 0.5140625 0.028125 0.04453125
0 0.6296875 0.51640625 0.0296875 0.0359375
0 0.64921875 0.51953125 0.028125 0.04140625
0 0.69375 0.53515625 0.09140625 0.10703125
0 0.98984375 0.4546875 0.01875 0.0484375
0 0.96171875 0.4734375 0.05078125 0.0359375
0 0.9703125 0.503125 0.05625 0.05546875
0 0.8421875 0.6140625 0.3140625 0.29453125
0 0.4390625 0.60859375 0.2109375 0.3375
1 0.0953125 0.53046875 0.021875 0.13046875
1 0.06796875 0.52890625 0.02421875 0.1390625
2 0.79921875 0.4515625 0.009375 0.021875
3 0.73125 0.3796875 0.01796875 0.0484375