2 0.290625 0.31171875 0.009375 0.0359375
2 0.475 0.33515625 0.009375 0.03359375
2 0.4828125 0.3375 0.0078125 0.0265625
2 0.8140625 0.259375 0.01484375 0.05390625
2 0.675 0.05 0.01796875 0.0859375
2 0.6625 0.04296875 0.01171875 0.07890625
2 0.3953125 0.43046875 0.0078125 0.01640625
3 0.2859375 0.35234375 0.01015625 0.0125
3 0.4109375 0.34609375 0.0109375 0.025
3 0.4015625 0.38359375 0.0171875 0.0140625
3 0.4109375 0.4078125 0.01015625 0.01953125
3 0.34609375 0.4015625 0.01015625 0.03203125
3 0.3375 0.359375 0.0171875 0.0109375
3 0.69375 0.41171875 0.01875 0.0140625
3 0.684375 0.4390625 0.009375 0.01796875
3 0.690625 0.36640625 0.00859375 0.0390625
0 0.56875 0.49609375 0.02421875 0.03203125
0 0.8640625 0.4859375 0.0828125 0.0265625
0 0.4953125 0.5015625 0.146875 0.22109375
0 0.2703125 0.47265625 0.1 0.05
0 0.1703125 0.45859375 0.08828125 0.02890625
0 0.046875 0.73359375 0.09296875 0.34609375
0 0.2828125 0.53828125 0.06328125 0.153125
0 0.2828125 0.47734375 0.04921875 0.1734375