2 0.1390625 0.2625 0.01171875 0.059375
2 0.11015625 0.025 0.0453125 0.046875
2 0.76875 0.35078125 0.0109375 0.05
2 0.75625 0.340625 0.01171875 0.05703125
2 0.78671875 0.4046875 0.025 0.025
2 0.12109375 0.4203125 0.01875 0.034375
2 0.1484375 0.41796875 0.0109375 0.0265625
2 0.41875 0.428125 0.0046875 0.01796875
2 0.47265625 0.428125 0.0046875 0.01640625
0 0.4734375 0.45703125 0.0109375 0.00546875
0 0.490625 0.48828125 0.028125 0.0390625
0 0.94609375 0.5625 0.1078125 0.21875
0 0.45859375 0.496875 0.02109375 0.0484375
1 0.31875 0.49453125 0.01640625 0.05859375
1 0.303125 0.49140625 0.0078125 0.03046875
1 0.5109375 0.478125 0.00390625 0.0140625
1 0.5203125 0.47890625 0.0046875 0.01640625
0 0.39765625 0.559375 0.17265625 0.2984375
1 0.33515625 0.484375 0.0078125 0.03359375
0 0.2625 0.52265625 0.078125 0.09609375
3 0.140625 0.32734375 0.034375 0.021875
3 0.12734375 0.36484375 0.02421875 0.01796875
3 0.52109375 0.4203125 0.009375 0.0125
3 0.5234375 0.43359375 0.0109375 0.0109375