2 0.734375 0.27421875 0.00859375 0.0109375
3 0.5625 0.2390625 0.00625 0.028125
3 0.74765625 0.271875 0.0140625 0.0109375
3 0.76640625 0.275 0.00625 0.01953125
0 0.6578125 0.32734375 0.0265625 0.05
0 0.6484375 0.334375 0.0234375 0.053125
0 0.72734375 0.3125 0.0140625 0.025
0 0.7328125 0.3171875 0.0109375 0.03046875
0 0.740625 0.321875 0.01484375 0.04296875
0 0.7515625 0.32265625 0.0125 0.05703125
0 0.771875 0.3296875 0.04453125 0.0734375
0 0.709375 0.3125 0.01171875 0.02109375
0 0.6265625 0.34453125 0.046875 0.059375
0 0.7015625 0.3203125 0.02109375 0.0265625
0 0.8046875 0.35 0.084375 0.09296875
0 0.5328125 0.39296875 0.115625 0.140625
0 0.49453125 0.31171875 0.02578125 0.01640625
1 0.340625 0.359375 0.01640625 0.03359375