2 0.5328125 0.43984375 0.0046875 0.0140625
0 0.5125 0.47734375 0.0078125 0.02890625
2 0.57421875 0.403125 0.00546875 0.0234375
2 0.6265625 0.4 0.00546875 0.0234375
0 0.5 0.49453125 0.02265625 0.0625
0 0.484375 0.49765625 0.0359375 0.06953125
0 0.61875 0.4890625 0.04296875 0.0609375
0 0.728125 0.49921875 0.02578125 0.05546875
0 0.7734375 0.50625 0.08671875 0.0984375
0 0.8328125 0.5234375 0.0953125 0.10390625
0 0.90390625 0.5328125 0.0953125 0.12890625
0 0.4640625 0.50859375 0.03515625 0.10703125
0 0.38984375 0.5078125 0.15234375 0.18046875
0 0.228125 0.590625 0.30859375 0.3015625
0 0.55390625 0.48671875 0.0796875 0.1609375
0 0.671875 0.503125 0.08203125 0.10859375
0 0.9421875 0.609375 0.115625 0.3390625