0 0.4796875 0.40390625 0.009375 0.0234375
0 0.46328125 0.4140625 0.0171875 0.0375
0 0.4515625 0.41484375 0.01171875 0.03046875
0 0.434375 0.41875 0.0375 0.05703125
0 0.41875 0.4328125 0.01640625 0.0609375
0 0.534375 0.40078125 0.009375 0.02109375
0 0.5515625 0.4125 0.01953125 0.034375
0 0.55234375 0.421875 0.0109375 0.03046875
0 0.5625 0.421875 0.01484375 0.040625
0 0.5875 0.41484375 0.0484375 0.0875
0 0.596875 0.4390625 0.02734375 0.0859375
0 0.634375 0.44140625 0.08203125 0.1125
0 0.721875 0.465625 0.15546875 0.22109375
0 0.48515625 0.403125 0.01328125 0.02109375
0 0.4984375 0.403125 0.01796875 0.0234375
0 0.521875 0.40703125 0.02109375 0.03359375
1 0.3234375 0.4921875 0.10703125 0.3890625
1 0.153125 0.51484375 0.1 0.3859375
1 0.98046875 0.3515625 0.0390625 0.06796875
0 0.86640625 0.52109375 0.26640625 0.3265625
0 0.9671875 0.69921875 0.06484375 0.1984375
0 0.428125 0.4265625 0.0203125 0.053125