3 0.4125 0.16875 0.13046875 0.07890625
0 0.05234375 0.50859375 0.10234375 0.1234375
1 0.75 0.46484375 0.0875 0.27890625
1 0.6828125 0.44921875 0.0484375 0.1984375
0 0.3125 0.4671875 0.025 0.11640625
0 0.2515625 0.4703125 0.078125 0.0875
0 0.375 0.453125 0.04765625 0.0734375
0 0.5046875 0.45234375 0.05078125 0.08046875
0 0.340625 0.45234375 0.0265625 0.046875
2 0.31328125 0.359375 0.00859375 0.0234375
2 0.446875 0.35390625 0.01328125 0.021875
3 0.27578125 0.36953125 0.025 0.01640625
3 0.49453125 0.36015625 0.0125 0.0140625
3 0.4671875 0.36953125 0.015625 0.009375
1 0.6171875 0.45859375 0.03046875 0.1265625
1 0.16484375 0.43671875 0.025 0.090625
2 0.5328125 0.36015625 0.01328125 0.028125
2 0.0453125 0.440625 0.00859375 0.0234375
2 0.2421875 0.39765625 0.0078125 0.0265625
2 0.4796875 0.4 0.0109375 0.02109375
2 0.42265625 0.39921875 0.0046875 0.0265625