2 0.16328125 0.31328125 0.0171875 0.078125
2 0.6296875 0.515625 0.009375 0.03359375
2 0.534375 0.509375 0.009375 0.03359375
2 0.5296875 0.54765625 0.009375 0.0265625
2 0.546875 0.5453125 0.0078125 0.0265625
2 0.584375 0.55234375 0.00625 0.02109375
2 0.16875 0.4078125 0.01875 0.053125
2 0.1296875 0.396875 0.0328125 0.0515625
3 0.6828125 0.51484375 0.0140625 0.021875
3 0.50234375 0.5484375 0.00859375 0.01953125
3 0.68671875 0.5421875 0.00859375 0.00859375
3 0.33125 0.44453125 0.01875 0.040625
1 0.26640625 0.6046875 0.03203125 0.159375
1 0.28359375 0.6046875 0.02109375 0.140625
1 0.390625 0.590625 0.01953125 0.065625
0 0.6765625 0.6171875 0.08671875 0.06953125
0 0.50859375 0.5875 0.0140625 0.034375
0 0.52421875 0.5921875 0.0296875 0.06796875
0 0.5625 0.6140625 0.09609375 0.15546875
0 0.8984375 0.6625 0.19765625 0.17109375