0 0.30703125 0.59453125 0.02734375 0.04609375
0 0.34609375 0.59296875 0.05625 0.0515625
0 0.3921875 0.6125 0.040625 0.059375
0 0.240625 0.590625 0.05 0.0609375
2 0.2671875 0.44296875 0.009375 0.03203125
2 0.2765625 0.4453125 0.00703125 0.03203125
2 0.2609375 0.44453125 0.01171875 0.03046875
3 0.42421875 0.490625 0.0328125 0.0234375
2 0.4015625 0.4890625 0.0109375 0.025
3 0.4734375 0.51015625 0.01640625 0.02109375
2 0.10703125 0.50390625 0.0203125 0.025
3 0.15 0.43203125 0.05234375 0.028125
3 0.4703125 0.5515625 0.01171875 0.028125
3 0.5359375 0.5609375 0.01640625 0.02109375
0 0.5390625 0.459375 0.01328125 0.00859375
3 0.5390625 0.47734375 0.015625 0.0234375
3 0.5375 0.496875 0.0140625 0.02109375
3 0.5375 0.540625 0.01171875 0.02109375
1 0.4546875 0.6015625 0.00859375 0.01953125
0 0.5296875 0.64609375 0.07265625 0.1
0 0.58515625 0.67421875 0.1140625 0.1359375
0 0.73203125 0.74609375 0.26328125 0.23203125