0 0.3671875 0.48203125 0.02890625 0.02890625
0 0.3328125 0.49140625 0.0203125 0.034375
0 0.31640625 0.49375 0.02578125 0.0359375
0 0.28125 0.49453125 0.04765625 0.0640625
0 0.24921875 0.503125 0.03984375 0.06953125
0 0.2 0.49921875 0.06640625 0.1015625
0 0.1125 0.51328125 0.13984375 0.13203125
0 0.45546875 0.47734375 0.01875 0.02890625
0 0.465625 0.48359375 0.0140625 0.034375
0 0.496875 0.4875 0.01953125 0.06640625
0 0.5296875 0.50546875 0.06015625 0.084375
0 0.5796875 0.534375 0.0765625 0.121875
0 0.6890625 0.5671875 0.19375 0.19609375
2 0.3609375 0.3875 0.01484375 0.0359375
2 0.4359375 0.39453125 0.0125 0.04296875
0 0.4078125 0.4890625 0.046875 0.065625
0 0.484375 0.48515625 0.0125 0.053125
0 0.4765625 0.4890625 0.0109375 0.04140625