2 0.3421875 0.0125 0.02421875 0.0234375
2 0.18203125 0.2171875 0.0140625 0.0234375
2 0.1234375 0.25703125 0.00703125 0.02109375
2 0.125 0.28203125 0.00703125 0.01640625
2 0.80625 0.23828125 0.015625 0.0234375
2 0.2046875 0.2203125 0.009375 0.02109375
3 0.196875 0.18828125 0.0296875 0.01796875
3 0.79375 0.2109375 0.025 0.01953125
3 0.415625 0.25546875 0.00859375 0.01953125
3 0.26875 0.26796875 0.0109375 0.01953125
0 0.1875 0.29453125 0.0203125 0.0484375
0 0.2109375 0.303125 0.02421875 0.04296875
0 0.3078125 0.31875 0.06875 0.071875
0 0.75234375 0.3671875 0.24375 0.171875
3 0.6203125 0.26796875 0.015625 0.028125
1 0.59453125 0.41015625 0.071875 0.23046875