2 0.1375 0.42265625 0.01953125 0.0359375
2 0.5203125 0.434375 0.01015625 0.028125
2 0.4671875 0.4890625 0.00703125 0.0125
2 0.446875 0.509375 0.0046875 0.0125
2 0.3484375 0.50546875 0.00859375 0.02109375
0 0.1984375 0.59609375 0.1921875 0.25546875
0 0.4203125 0.5484375 0.040625 0.06796875
0 0.3703125 0.5546875 0.0328125 0.0484375
0 0.3 0.56015625 0.0296875 0.0515625
0 0.3484375 0.55390625 0.01875 0.046875
1 0.81875 0.521875 0.02890625 0.13203125
1 0.7890625 0.53515625 0.034375 0.125
1 0.5609375 0.53125 0.009375 0.0484375
1 0.584375 0.53359375 0.0140625 0.05
1 0.5984375 0.53515625 0.0125 0.0484375
1 0.6328125 0.53671875 0.01640625 0.05703125
3 0.5171875 0.4 0.01875 0.034375