2 0.3796875 0.434375 0.00546875 0.0265625
2 0.31328125 0.4921875 0.0078125 0.0375
2 0.553125 0.44765625 0.0078125 0.0265625
2 0.384375 0.434375 0.00703125 0.0265625
2 0.64375 0.5109375 0.01171875 0.01640625
2 0.3078125 0.5140625 0.0140625 0.01796875
2 0.2671875 0.4265625 0.0078125 0.025
3 0.16015625 0.43671875 0.021875 0.0375
3 0.25625 0.421875 0.0046875 0.0265625
3 0.340625 0.44921875 0.03046875 0.01640625
3 0.6015625 0.4625 0.0125 0.0140625
3 0.63984375 0.47265625 0.01171875 0.01796875
3 0.7046875 0.4203125 0.02109375 0.01640625
3 0.24921875 0.46875 0.01015625 0.0140625
0 0.59140625 0.55546875 0.02421875 0.06796875
0 0.57421875 0.56796875 0.0359375 0.1015625
0 0.31875 0.5703125 0.05234375 0.059375
0 0.4953125 0.61015625 0.1625 0.2640625
0 0.8046875 0.63828125 0.33828125 0.34453125
0 0.0203125 0.703125 0.040625 0.1515625
0 0.9546875 0.59296875 0.090625 0.1984375