3 0.465625 0.2578125 0.02890625 0.034375
3 0.4078125 0.246875 0.08671875 0.0765625
3 0.3234375 0.2546875 0.07578125 0.0875
3 0.0390625 0.20546875 0.07734375 0.1015625
0 0.5125 0.390625 0.0140625 0.02109375
0 0.48828125 0.38828125 0.0109375 0.01640625
0 0.49765625 0.39609375 0.0140625 0.01953125
0 0.471875 0.38828125 0.00859375 0.01640625
0 0.4609375 0.3984375 0.015625 0.02109375
0 0.475 0.40625 0.01875 0.0234375
0 0.453125 0.38203125 0.009375 0.0125
0 0.4390625 0.378125 0.01171875 0.0109375
0 0.42734375 0.384375 0.0109375 0.015625
0 0.4125 0.3859375 0.01328125 0.0125
0 0.390625 0.3828125 0.009375 0.015625
0 0.3734375 0.384375 0.01171875 0.0109375
0 0.3546875 0.38671875 0.01328125 0.01953125
0 0.38125 0.3921875 0.0203125 0.0234375
0 0.41953125 0.40625 0.02578125 0.034375
0 0.33125 0.384375 0.01953125 0.015625
0 0.3078125 0.38203125 0.01640625 0.0125
0 0.2875 0.390625 0.01953125 0.02109375
0 0.27265625 0.3890625 0.01796875 0.0359375
0 0.340625 0.396875 0.02265625 0.028125
0 0.30625 0.409375 0.04140625 0.04609375
0 0.065625 0.378125 0.0203125 0.02109375
0 0.0375 0.378125 0.02421875 0.02109375
0 0.01640625 0.378125 0.03125 0.01953125
0 0.096875 0.39765625 0.06484375 0.08359375
0 0.203125 0.43515625 0.1671875 0.2015625
3 0.2234375 0.3265625 0.01171875 0.02890625
3 0.525 0.37265625 0.015625 0.02109375
0 0.7015625 0.39375 0.021875 0.0109375
0 0.7046875 0.40078125 0.01953125 0.01640625
0 0.73984375 0.40859375 0.05 0.028125