2 0.103125 0.02890625 0.02265625 0.05703125
2 0.4921875 0.1 0.015625 0.05703125
2 0.396875 0.28984375 0.00703125 0.01953125
2 0.340625 0.3140625 0.00859375 0.02109375
2 0.3125 0.31953125 0.00703125 0.0234375
2 0.27578125 0.2875 0.00625 0.0234375
2 0.478125 0.09921875 0.0140625 0.05546875
2 0.12890625 0.03671875 0.0234375 0.0734375
2 0.1046875 0.14140625 0.02890625 0.059375
2 0.15390625 0.140625 0.02734375 0.06640625
3 0.2453125 0.29140625 0.0203125 0.0109375
3 0.4125 0.28671875 0.01640625 0.00859375
3 0.43515625 0.31875 0.009375 0.0125
3 0.53828125 0.13203125 0.07265625 0.028125
2 0.834375 0.096875 0.02890625 0.0984375
2 0.84609375 0.1875 0.01796875 0.03203125
2 0.8921875 0.1859375 0.03515625 0.05546875
3 0.8953125 0.0796875 0.05859375 0.02890625
0 0.3171875 0.3546875 0.0265625 0.04296875
0 0.309375 0.36640625 0.02421875 0.053125
0 0.271875 0.3609375 0.06328125 0.128125
0 0.0984375 0.3859375 0.04140625 0.05703125
0 0.1953125 0.36171875 0.0265625 0.05390625
0 0.4078125 0.34609375 0.02734375 0.0484375
0 0.3640625 0.37734375 0.09140625 0.1515625
1 0.55 0.35078125 0.0109375 0.059375
0 0.51953125 0.346875 0.02265625 0.03359375
3 0.6015625 0.2234375 0.02421875 0.015625
0 0.9734375 0.48828125 0.05234375 0.23203125
0 0.89296875 0.4203125 0.2140625 0.271875
0 0.665625 0.44140625 0.27890625 0.3375