0 0.50625 0.403125 0.0125 0.028125
0 0.5203125 0.4046875 0.01796875 0.0375
0 0.5421875 0.4109375 0.0265625 0.065625
0 0.57578125 0.42578125 0.06015625 0.090625
1 0.62265625 0.4578125 0.0546875 0.15859375
0 0.340625 0.446875 0.0953125 0.13203125
0 0.4609375 0.40078125 0.0125 0.0234375
0 0.44375 0.40546875 0.0234375 0.04609375
0 0.42734375 0.4140625 0.025 0.05546875
0 0.4140625 0.42578125 0.0203125 0.0515625
0 0.3953125 0.4375 0.028125 0.06953125
3 0.1984375 0.234375 0.04765625 0.04140625
2 0.215625 0.2890625 0.02265625 0.05546875
2 0.18046875 0.29375 0.0203125 0.03203125
2 0.18828125 0.0375 0.01875 0.075
2 0.7609375 0.27109375 0.01796875 0.06796875
2 0.7890625 0.26640625 0.01953125 0.0625
3 0.7453125 0.22734375 0.03828125 0.0375
2 0.47890625 0.353125 0.0078125 0.015625
2 0.503125 0.353125 0.0078125 0.0125
2 0.4953125 0.365625 0.00859375 0.0140625
2 0.48359375 0.37265625 0.0078125 0.0140625
0 0.46953125 0.39375 0.0078125 0.01796875