3 0.66015625 0.34296875 0.0234375 0.0125
3 0.5015625 0.340625 0.01484375 0.01796875
3 0.46484375 0.38125 0.01484375 0.01953125
3 0.50234375 0.365625 0.01953125 0.02109375
2 0.4890625 0.396875 0.00703125 0.0234375
2 0.55390625 0.365625 0.00703125 0.01640625
2 0.6546875 0.3609375 0.009375 0.01953125
0 0.590625 0.390625 0.01171875 0.0265625
0 0.57890625 0.38203125 0.0125 0.0140625
0 0.57890625 0.3921875 0.0140625 0.0140625
0 0.56640625 0.3734375 0.0109375 0.0140625
0 0.56875 0.38203125 0.01328125 0.0109375
0 0.56875 0.3921875 0.00859375 0.01640625
0 0.56015625 0.3875 0.015625 0.01953125
0 0.5484375 0.3890625 0.015625 0.021875
0 0.5328125 0.40703125 0.015625 0.01640625
0 0.5328125 0.425 0.0125 0.01953125
0 0.5640625 0.46328125 0.0828125 0.14609375
0 0.478125 0.459375 0.01640625 0.046875
0 0.4671875 0.465625 0.021875 0.046875
0 0.3375 0.48203125 0.11484375 0.13046875
0 0.24765625 0.51796875 0.14609375 0.15546875
0 0.0984375 0.48359375 0.1953125 0.409375
0 0.7625 0.5375 0.42421875 0.490625
0 0.9328125 0.5 0.1328125 0.18359375
0 0.44765625 0.46484375 0.03515625 0.10703125
0 0.446875 0.49453125 0.0328125 0.09140625