0 0.31875 0.559375 0.071875 0.05546875
0 0.409375 0.57109375 0.04765625 0.06796875
0 0.475 0.56484375 0.04609375 0.075
0 0.584375 0.59296875 0.05859375 0.0734375
0 0.5546875 0.571875 0.0203125 0.025
0 0.44609375 0.56953125 0.01796875 0.025
3 0.825 0.34765625 0.03671875 0.09609375
2 0.6359375 0.37265625 0.00859375 0.03359375
2 0.7 0.4609375 0.01015625 0.0359375
2 0.5890625 0.38984375 0.00625 0.03046875
2 0.5953125 0.390625 0.00859375 0.034375
2 0.409375 0.43984375 0.00625 0.0265625
2 0.4140625 0.44140625 0.00703125 0.028125
2 0.62578125 0.50234375 0.00703125 0.0265625
2 0.7328125 0.4828125 0.0140625 0.03046875
3 0.66875 0.390625 0.06015625 0.021875
2 0.634375 0.525 0.009375 0.01640625
3 0.3734375 0.478125 0.01171875 0.05
3 0.3578125 0.5015625 0.0078125 0.015625
3 0.534375 0.54453125 0.01171875 0.021875
0 0.0203125 0.54765625 0.040625 0.0765625
0 0.9859375 0.53203125 0.02734375 0.0625