0 0.09375 0.353125 0.07109375 0.02890625
0 0.16875 0.3546875 0.0859375 0.04140625
0 0.2234375 0.3546875 0.040625 0.03359375
0 0.2890625 0.36796875 0.0234375 0.01640625
0 0.36875 0.365625 0.034375 0.01953125
0 0.45 0.375 0.01328125 0.0140625
0 0.378125 0.4265625 0.08828125 0.1109375
0 0.50234375 0.40546875 0.04453125 0.08203125
0 0.5578125 0.409375 0.0265625 0.040625
0 0.6078125 0.415625 0.0359375 0.0484375
0 0.7203125 0.44140625 0.08203125 0.1
0 0.5390625 0.396875 0.02109375 0.03203125
0 0.5796875 0.40546875 0.01953125 0.03046875
0 0.5296875 0.39609375 0.009375 0.015625
3 0.571875 0.32265625 0.0296875 0.0359375
3 0.5984375 0.32734375 0.02421875 0.03359375
3 0.45390625 0.340625 0.02265625 0.021875
3 0.42109375 0.3375 0.02109375 0.01640625
3 0.3984375 0.334375 0.0265625 0.01953125
3 0.375 0.3328125 0.01640625 0.01640625
3 0.7390625 0.38984375 0.021875 0.02890625
3 0.5765625 0.365625 0.01484375 0.0140625