3 0.3921875 0.403125 0.075 0.075
3 0.4953125 0.45234375 0.06875 0.0640625
3 0.56875 0.4890625 0.0703125 0.0875
3 0.365625 0.503125 0.01171875 0.025
3 0.365625 0.5171875 0.01015625 0.01640625
3 0.484375 0.56640625 0.01015625 0.02109375
3 0.371875 0.54453125 0.0078125 0.01640625
0 0.375 0.56796875 0.0171875 0.021875
0 0.3859375 0.571875 0.01640625 0.03046875
0 0.4484375 0.596875 0.021875 0.046875
0 0.50546875 0.61953125 0.01953125 0.034375
0 0.5125 0.63359375 0.0203125 0.03203125
0 0.5359375 0.63515625 0.046875 0.06640625
0 0.56015625 0.65703125 0.05390625 0.08046875
0 0.4125 0.59453125 0.065625 0.096875
0 0.671875 0.72734375 0.24453125 0.3734375
0 0.475 0.61015625 0.0515625 0.07890625
2 0.6640625 0.07734375 0.01875 0.071875