2 0.3703125 0.4734375 0.00625 0.01796875
2 0.3875 0.503125 0.0078125 0.0140625
2 0.4 0.4984375 0.0046875 0.01796875
2 0.19375 0.38828125 0.01171875 0.01796875
2 0.4796875 0.44453125 0.01328125 0.0234375
0 0.3671875 0.521875 0.02421875 0.03359375
0 0.375 0.53046875 0.02109375 0.028125
0 0.384375 0.56015625 0.04375 0.078125
0 0.72109375 0.74765625 0.13984375 0.20703125
0 0.46640625 0.64921875 0.21875 0.44609375
0 0.284375 0.49765625 0.05703125 0.07109375
2 0.2109375 0.34140625 0.01015625 0.0359375
2 0.2 0.33515625 0.009375 0.0265625
2 0.08046875 0.265625 0.0109375 0.028125
1 0.86640625 0.778125 0.0421875 0.13203125
0 0.121875 0.428125 0.02421875 0.0609375
1 0.8890625 0.7890625 0.03203125 0.09453125