0 0.68671875 0.9578125 0.0140625 0.025
0 0.5703125 0.98359375 0.00859375 0.025
0 0.5703125 0.96640625 0.0109375 0.03359375
0 0.575 0.96484375 0.02890625 0.025
0 0.540625 0.97578125 0.0234375 0.0484375
0 0.5140625 0.97421875 0.03828125 0.0484375
0 0.48515625 0.97890625 0.06328125 0.04140625
0 0.4328125 0.97265625 0.05 0.0515625
0 0.38984375 0.97734375 0.1109375 0.0453125
0 0.25078125 0.9703125 0.15625 0.059375
0 0.0859375 0.9609375 0.171875 0.078125
0 0.66875 0.971875 0.02578125 0.046875
0 0.62265625 0.96015625 0.090625 0.071875
0 0.71796875 0.9390625 0.05625 0.1140625
0 0.73203125 0.96015625 0.03359375 0.071875
0 0.86953125 0.825 0.2609375 0.35
2 0.63125 0.90546875 0.009375 0.01953125
3 0.509375 0.88359375 0.01171875 0.0125