0 0.02109375 0.54765625 0.0421875 0.0390625
2 0.34375 0.38984375 0.00625 0.0265625
2 0.3796875 0.3828125 0.00625 0.025
2 0.2546875 0.38203125 0.00703125 0.03359375
2 0.2875 0.3453125 0.00859375 0.02109375
2 0.27890625 0.346875 0.00703125 0.02109375
3 0.69375 0.2125 0.08828125 0.16953125
3 0.69375 0.3359375 0.04765625 0.08046875
0 0.37421875 0.453125 0.009375 0.01640625
0 0.459375 0.490625 0.02734375 0.03046875
0 0.3578125 0.4515625 0.01015625 0.015625
0 0.40625 0.509375 0.03671875 0.04609375
0 0.38125 0.465625 0.0125 0.021875
0 0.3296875 0.50703125 0.04609375 0.0515625
0 0.36171875 0.46328125 0.01171875 0.0109375
0 0.36015625 0.475 0.01484375 0.02109375