3 0.696875 0.18671875 0.02109375 0.0390625
3 0.70078125 0.12421875 0.03984375 0.075
3 0.478125 0.21953125 0.01015625 0.021875
0 0.4453125 0.2484375 0.015625 0.01796875
0 0.459375 0.25078125 0.009375 0.021875
0 0.4734375 0.25859375 0.0265625 0.0265625
0 0.478125 0.2671875 0.02734375 0.0375
0 0.4890625 0.278125 0.02578125 0.053125
0 0.5109375 0.28359375 0.046875 0.0734375
0 0.525 0.29765625 0.0421875 0.0765625
0 0.55625 0.30078125 0.05234375 0.10859375
0 0.6390625 0.3078125 0.15390625 0.184375
0 0.7765625 0.396875 0.253125 0.24609375
0 0.9140625 0.47265625 0.17109375 0.38046875
0 0.4078125 0.259375 0.01015625 0.0359375
0 0.3765625 0.2875 0.0359375 0.053125
0 0.35 0.3 0.03359375 0.0765625
0 0.3125 0.31640625 0.0875 0.096875
0 0.434375 0.2546875 0.0203125 0.028125