3 0.5484375 0.0140625 0.05390625 0.025
3 0.4140625 0.103125 0.01328125 0.03359375
3 0.3875 0.1078125 0.01953125 0.028125
3 0.34453125 0.09296875 0.0109375 0.0125
3 0.31484375 0.071875 0.0234375 0.0125
3 0.103125 0.0625 0.03203125 0.02109375
2 0.296875 0.0765625 0.0109375 0.02109375
2 0.12421875 0.0640625 0.0125 0.028125
2 0.09453125 0.1265625 0.009375 0.03046875
0 0.4640625 0.146875 0.02734375 0.03359375
0 0.5546875 0.146875 0.0234375 0.0375
0 0.5765625 0.153125 0.0171875 0.034375
0 0.6125 0.14375 0.0328125 0.0484375
0 0.6234375 0.15 0.028125 0.040625
0 0.65703125 0.14921875 0.0390625 0.0484375
0 0.69375 0.14921875 0.05078125 0.0484375
0 0.7453125 0.14375 0.05234375 0.05546875
0 0.7921875 0.1296875 0.05625 0.07890625
0 0.8515625 0.12265625 0.115625 0.1
0 0.94921875 0.128125 0.1015625 0.084375
0 0.20234375 0.1921875 0.09296875 0.196875
0 0.3125 0.31484375 0.27421875 0.4390625
0 0.09375 0.2140625 0.0359375 0.046875
0 0.0578125 0.21484375 0.04453125 0.0625
0 0.0140625 0.2078125 0.028125 0.0515625
3 0.6234375 0.08984375 0.0109375 0.021875