0 0.15390625 0.56328125 0.0265625 0.028125
0 0.125 0.58125 0.03125 0.04140625
0 0.2765625 0.5765625 0.040625 0.05703125
0 0.19375 0.59296875 0.1046875 0.09296875
0 0.6453125 0.5796875 0.021875 0.07109375
0 0.64765625 0.615625 0.025 0.053125
1 0.81484375 0.575 0.01796875 0.071875
0 0.5265625 0.64296875 0.159375 0.2875
2 0.33828125 0.284375 0.03125 0.12109375
2 0.24765625 0.3375 0.0171875 0.0515625
2 0.109375 0.42421875 0.0125 0.040625
2 0.02421875 0.453125 0.0171875 0.03046875
2 0.825 0.37890625 0.0171875 0.05703125
2 0.87890625 0.32734375 0.021875 0.06640625
2 0.6796875 0.19921875 0.01875 0.0765625
0 0.053125 0.66171875 0.10625 0.2359375
0 0.8734375 0.740625 0.25234375 0.5140625
0 0.7765625 0.58359375 0.04609375 0.04140625
2 0.4109375 0.378125 0.0109375 0.04453125
3 0.55703125 0.51484375 0.01015625 0.04296875
3 0.71328125 0.43359375 0.0140625 0.025
0 0.4609375 0.565625 0.04609375 0.0359375