2 0.3703125 0.43046875 0.0109375 0.0484375
2 0.50234375 0.35390625 0.0109375 0.04140625
2 0.4671875 0.50234375 0.00625 0.0234375
2 0.5046875 0.4890625 0.00625 0.0265625
2 0.54140625 0.50234375 0.00625 0.01953125
1 0.83203125 0.653125 0.06875 0.24140625
1 0.7296875 0.615625 0.02890625 0.1390625
1 0.63828125 0.59609375 0.015625 0.075
1 0.59609375 0.58984375 0.01328125 0.05390625
1 0.7046875 0.596875 0.01953125 0.09140625
1 0.6921875 0.6078125 0.02109375 0.103125
1 0.875 0.6578125 0.05234375 0.20390625
0 0.49375 0.5640625 0.01875 0.01640625
0 0.5046875 0.56875 0.02265625 0.01640625
0 0.51953125 0.5671875 0.0265625 0.0375
3 0.496875 0.54375 0.0078125 0.01953125
0 0.56171875 0.60703125 0.046875 0.065625
0 0.49375 0.63203125 0.07890625 0.11953125