1 0.93515625 0.66875 0.12734375 0.628125
2 0.5640625 0.428125 0.015625 0.06796875
2 0.48984375 0.54140625 0.01796875 0.0640625
3 0.49140625 0.490625 0.01484375 0.021875
3 0.56328125 0.3796875 0.0125 0.025
3 0.24375 0.5390625 0.0203125 0.034375
3 0.63671875 0.571875 0.009375 0.0109375
3 0.6359375 0.55 0.0125 0.015625
3 0.415625 0.66015625 0.0203125 0.0375
2 0.4390625 0.5390625 0.021875 0.0859375
2 0.5109375 0.58125 0.0109375 0.065625
2 0.49375 0.5984375 0.0125 0.04140625
0 0.1796875 0.68515625 0.05859375 0.0640625
0 0.2046875 0.6875 0.059375 0.05546875
0 0.50234375 0.6609375 0.009375 0.0109375
0 0.53125 0.6390625 0.00703125 0.0125
0 0.540625 0.6390625 0.009375 0.01640625
0 0.56875 0.653125 0.0140625 0.01640625
0 0.58359375 0.65390625 0.0140625 0.01640625
0 0.49765625 0.628125 0.00859375 0.0125
3 0.828125 0.328125 0.08203125 0.134375
2 0.98125 0.3296875 0.03359375 0.04296875
3 0.671875 0.60234375 0.015625 0.0234375
0 0.771875 0.6421875 0.07734375 0.04453125
0 0.81953125 0.64609375 0.09609375 0.040625