2 0.3046875 0.18984375 0.01171875 0.05390625
2 0.3125 0.371875 0.009375 0.0125
2 0.29453125 0.3828125 0.00703125 0.01640625
2 0.0296875 0.046875 0.02109375 0.071875
2 0.421875 0.340625 0.01015625 0.025
2 0.57109375 0.290625 0.0265625 0.03359375
2 0.596875 0.2859375 0.02421875 0.04296875
3 0.21875 0.321875 0.01484375 0.0375
3 0.3875 0.3484375 0.01015625 0.0140625
3 0.315625 0.3609375 0.0140625 0.0140625
3 0.21875 0.4015625 0.009375 0.02109375
3 0.57109375 0.2390625 0.04765625 0.02890625
2 0.290625 0.18984375 0.0140625 0.05390625
2 0.0109375 0.03984375 0.0171875 0.07109375
0 0.2796875 0.3953125 0.02109375 0.025
0 0.0734375 0.403125 0.0828125 0.08203125
0 0.615625 0.49921875 0.26171875 0.29140625
1 0.51171875 0.4078125 0.01953125 0.08359375
3 0.58515625 0.1171875 0.0203125 0.04140625