0 0.6546875 0.4203125 0.04609375 0.03359375
0 0.625 0.47109375 0.03984375 0.08203125
0 0.66171875 0.47109375 0.0625 0.11640625
0 0.7125 0.4796875 0.10078125 0.1390625
0 0.8671875 0.496875 0.26328125 0.25546875
0 0.5296875 0.44453125 0.021875 0.03359375
0 0.525 0.4578125 0.0296875 0.05546875
3 0.565625 0.40546875 0.0109375 0.021875
3 0.5703125 0.41328125 0.0109375 0.0265625
3 0.57890625 0.41953125 0.01640625 0.02890625
3 0.31328125 0.35390625 0.0234375 0.01953125
3 0.659375 0.33984375 0.0234375 0.01953125
3 0.690625 0.36015625 0.01484375 0.0359375
3 0.7140625 0.384375 0.01796875 0.0125
3 0.61875 0.35390625 0.0109375 0.0234375
3 0.9328125 0.209375 0.0296875 0.071875
2 0.6609375 0.29140625 0.0109375 0.04140625
2 0.609375 0.32890625 0.0078125 0.03359375
2 0.475 0.3609375 0.00703125 0.02890625
2 0.6171875 0.328125 0.0109375 0.02890625
1 0.4765625 0.4625 0.01640625 0.053125