0 0.1703125 0.38984375 0.01484375 0.021875
0 0.33359375 0.396875 0.053125 0.06796875
0 0.115625 0.4015625 0.02890625 0.040625
0 0.05625 0.41953125 0.0359375 0.04140625
0 0.0203125 0.428125 0.028125 0.0359375
0 0.00625 0.434375 0.0078125 0.0265625
0 0.09375 0.4078125 0.01328125 0.02109375
0 0.240625 0.38046875 0.01171875 0.0125
0 0.259375 0.38203125 0.0109375 0.034375
0 0.26953125 0.38515625 0.0125 0.04453125
0 0.28125 0.38515625 0.0171875 0.04140625
0 0.29375 0.38984375 0.0203125 0.0640625
0 0.30703125 0.390625 0.025 0.05859375
3 0.85 0.04140625 0.0328125 0.071875