0 0.0296875 0.5078125 0.0578125 0.2390625
0 0.6578125 0.54375 0.2453125 0.290625
0 0.27890625 0.39921875 0.01484375 0.028125
0 0.35625 0.40703125 0.01015625 0.03203125
0 0.3328125 0.40390625 0.00703125 0.02109375
0 0.03515625 0.43671875 0.0671875 0.13046875
0 0.090625 0.44609375 0.05859375 0.09609375
0 0.12890625 0.4328125 0.06328125 0.09140625
0 0.16875 0.42265625 0.03671875 0.08046875
0 0.19453125 0.41953125 0.03046875 0.0625
0 0.2125 0.4125 0.025 0.05703125
0 0.2296875 0.409375 0.0171875 0.0484375
0 0.5328125 0.484375 0.14375 0.2015625
0 0.46796875 0.4640625 0.0671875 0.15390625
0 0.4328125 0.46015625 0.040625 0.103125
0 0.4171875 0.44921875 0.03203125 0.08046875
0 0.40625 0.434375 0.04140625 0.075
0 0.38671875 0.42890625 0.021875 0.065625
0 0.378125 0.41484375 0.02109375 0.046875
0 0.2984375 0.4015625 0.01875 0.0265625
0 0.30703125 0.39140625 0.009375 0.01796875
2 0.2890625 0.33125 0.00546875 0.01640625
2 0.8828125 0.20390625 0.0265625 0.07890625
3 0.9265625 0.203125 0.065625 0.19453125
3 0.940625 0.02265625 0.05625 0.0453125
2 0.97578125 0.19296875 0.04296875 0.10546875