3 0.56015625 0.32578125 0.02890625 0.071875
0 0.3828125 0.4609375 0.009375 0.0140625
0 0.39375 0.46328125 0.00859375 0.0109375
0 0.36875 0.46328125 0.01171875 0.0140625
0 0.3421875 0.4625 0.01015625 0.015625
0 0.328125 0.46640625 0.0109375 0.01796875
0 0.3078125 0.465625 0.01953125 0.0265625
3 0.54375 0.42109375 0.0140625 0.02109375
3 0.34765625 0.409375 0.00859375 0.0265625
3 0.50546875 0.42421875 0.00703125 0.025
3 0.32578125 0.4046875 0.00390625 0.01640625
2 0.371875 0.409375 0.00390625 0.015625
2 0.246875 0.40078125 0.003125 0.015625
2 0.2546875 0.40234375 0.003125 0.015625
2 0.3828125 0.4203125 0.003125 0.0140625
2 0.35546875 0.40703125 0.00546875 0.0125
0 0.75546875 0.471875 0.0453125 0.053125
0 0.796875 0.48203125 0.07578125 0.06796875
0 0.87734375 0.484375 0.10390625 0.08046875
0 0.94375 0.503125 0.10703125 0.09140625
3 0.21875 0.4328125 0.0171875 0.01953125