2 0.4546875 0.38984375 0.00625 0.01953125
3 0.47421875 0.39140625 0.0171875 0.03359375
0 0.4125 0.4578125 0.01484375 0.0609375
0 0.4046875 0.45859375 0.015625 0.08203125
0 0.39296875 0.46640625 0.0234375 0.103125
0 0.43125 0.44765625 0.01875 0.0359375
0 0.453125 0.4546875 0.0171875 0.05703125
0 0.45 0.453125 0.02734375 0.065625
0 0.46953125 0.45390625 0.02890625 0.09140625
0 0.50390625 0.4640625 0.08671875 0.15390625
0 0.559375 0.4921875 0.12265625 0.178125
0 0.721875 0.52890625 0.30859375 0.3734375
0 0.86953125 0.5296875 0.259375 0.525
0 0.196875 0.35078125 0.39375 0.7015625