0 0.4171875 0.38125 0.01328125 0.02109375
0 0.4296875 0.384375 0.01171875 0.028125
0 0.4390625 0.3921875 0.015625 0.0265625
0 0.4546875 0.39921875 0.02890625 0.046875
0 0.4734375 0.4015625 0.0234375 0.08203125
0 0.5015625 0.409375 0.06796875 0.09140625
0 0.5125 0.43359375 0.05078125 0.0859375
0 0.4015625 0.3890625 0.01640625 0.03359375
0 0.390625 0.39609375 0.01484375 0.021875
0 0.3703125 0.39453125 0.01171875 0.03359375
0 0.37890625 0.39609375 0.0125 0.03359375
0 0.36171875 0.39609375 0.01953125 0.03359375
0 0.35 0.40234375 0.028125 0.034375
0 0.340625 0.409375 0.01953125 0.03359375
0 0.32109375 0.415625 0.0359375 0.0484375
0 0.28125 0.42265625 0.040625 0.071875
0 0.26875 0.4375 0.028125 0.07109375
0 0.23359375 0.44765625 0.06328125 0.084375
0 0.21640625 0.4546875 0.0625 0.09609375
0 0.1578125 0.465625 0.08671875 0.13046875
0 0.08203125 0.5109375 0.16171875 0.16953125
0 0.56484375 0.4546875 0.1390625 0.165625
3 0.16875 0.38046875 0.0109375 0.046875
0 0.025 0.5578125 0.05 0.14375