2 0.7296875 0.4109375 0.01171875 0.01953125
2 0.6765625 0.4515625 0.0078125 0.025
0 0.7515625 0.48828125 0.02421875 0.06796875
1 0.89140625 0.66640625 0.20078125 0.60546875
1 0.790625 0.61796875 0.1359375 0.596875
1 0.090625 0.62109375 0.0921875 0.34609375
1 0.1875 0.565625 0.03203125 0.121875
0 0.20703125 0.553125 0.0328125 0.128125
1 0.015625 0.59140625 0.0265625 0.1375
1 0.5859375 0.5140625 0.0078125 0.0359375
1 0.634375 0.50625 0.00859375 0.0375
1 0.646875 0.5078125 0.00859375 0.034375
1 0.684375 0.49921875 0.00859375 0.034375