2 0.2234375 0.2859375 0.0171875 0.05859375
2 0.53671875 0.1546875 0.02265625 0.0890625
2 0.2421875 0.2875 0.01171875 0.0625
2 0.2125 0.290625 0.0109375 0.0625
2 0.5171875 0.15859375 0.01875 0.09140625
2 0.55859375 0.1640625 0.01171875 0.07109375
2 0.09609375 0.4578125 0.0203125 0.04140625
2 0.7125 0.48359375 0.02109375 0.0375
0 0.2921875 0.5640625 0.065625 0.09609375
0 0.5328125 0.5828125 0.05703125 0.078125
0 0.33515625 0.56875 0.0234375 0.06953125
0 0.35625 0.56640625 0.01640625 0.0484375
0 0.371875 0.565625 0.02734375 0.040625
0 0.3828125 0.5640625 0.02265625 0.0265625
0 0.5 0.5734375 0.0234375 0.0484375
0 0.4828125 0.56875 0.0171875 0.0484375
0 0.465625 0.56328125 0.015625 0.0375
0 0.45 0.5578125 0.015625 0.01953125
2 0.44375 0.52890625 0.009375 0.015625
3 0.74375 0.371875 0.02109375 0.01953125
2 0.42265625 0.53046875 0.00703125 0.0140625