3 0.62890625 0.403125 0.009375 0.01953125
3 0.7171875 0.378125 0.0109375 0.028125
2 0.4640625 0.42734375 0.0046875 0.015625
0 0.85390625 0.44921875 0.290625 0.7875
0 0.059375 0.528125 0.08515625 0.05546875
0 0.2859375 0.48359375 0.02109375 0.0234375
0 0.3046875 0.47578125 0.01328125 0.0265625
0 0.521875 0.4703125 0.03515625 0.05546875
0 0.553125 0.4640625 0.0265625 0.040625
0 0.396875 0.465625 0.03125 0.0375
0 0.45078125 0.45 0.01640625 0.0265625
0 0.365625 0.46171875 0.0265625 0.021875
0 0.42109375 0.4578125 0.01953125 0.02109375
0 0.49765625 0.4484375 0.01640625 0.03046875