0 0.61875 0.5109375 0.01328125 0.01953125
0 0.6296875 0.509375 0.0125 0.01640625
0 0.640625 0.509375 0.01328125 0.021875
0 0.65 0.5109375 0.0109375 0.0234375
0 0.65859375 0.5109375 0.01796875 0.03359375
0 0.68203125 0.50546875 0.04296875 0.1015625
0 0.571875 0.51328125 0.01328125 0.0484375
0 0.38203125 0.5046875 0.128125 0.0515625
0 0.30546875 0.4984375 0.02421875 0.03359375
0 0.2390625 0.5421875 0.2453125 0.16953125
0 0.31171875 0.53515625 0.09453125 0.12109375
0 0.3890625 0.5421875 0.10625 0.078125
0 0.2171875 0.5828125 0.1953125 0.1625
0 0.13828125 0.61015625 0.2765625 0.2140625
0 0.053125 0.6734375 0.10390625 0.1890625
0 0.50703125 0.54375 0.1328125 0.19140625
0 0.59765625 0.515625 0.03828125 0.071875