3 0.81171875 0.25703125 0.0359375 0.075
3 0.6765625 0.2953125 0.0140625 0.015625
3 0.4421875 0.37421875 0.0265625 0.0234375
3 0.4359375 0.39140625 0.015625 0.015625
0 0.3140625 0.39765625 0.02421875 0.01953125
0 0.33125 0.39609375 0.0140625 0.01953125
0 0.3796875 0.38828125 0.01796875 0.025
0 0.5375 0.3828125 0.015625 0.028125
0 0.53046875 0.39296875 0.015625 0.04296875
0 0.509375 0.39453125 0.03671875 0.059375
0 0.565625 0.4 0.0421875 0.07890625
0 0.4671875 0.4375 0.0765625 0.0984375
0 0.63046875 0.48984375 0.1484375 0.228125
1 0.6828125 0.378125 0.01015625 0.04453125
0 0.24921875 0.396875 0.0140625 0.025
0 0.2125 0.40859375 0.0265625 0.0265625