0 0.5515625 0.5734375 0.00859375 0.01640625
0 0.5625 0.571875 0.00859375 0.015625
0 0.571875 0.5703125 0.009375 0.0125
0 0.5828125 0.5734375 0.01171875 0.025
0 0.57578125 0.57734375 0.0140625 0.02109375
0 0.596875 0.578125 0.0125 0.040625
0 0.596875 0.578125 0.02109375 0.02890625
0 0.5140625 0.565625 0.0140625 0.025
0 0.5171875 0.5765625 0.0140625 0.021875
0 0.5359375 0.58828125 0.0296875 0.04609375
0 0.4984375 0.58515625 0.015625 0.04453125
0 0.478125 0.5953125 0.04765625 0.07109375
0 0.62890625 0.5828125 0.021875 0.0484375
0 0.69375 0.646875 0.17890625 0.196875
3 0.39765625 0.528125 0.028125 0.01796875
3 0.4671875 0.509375 0.0125 0.021875