3 0.1375 0.25703125 0.02578125 0.05390625
3 0.3640625 0.24375 0.05234375 0.021875
3 0.246875 0.33125 0.02265625 0.02109375
3 0.95390625 0.21171875 0.01953125 0.01796875
3 0.9625 0.240625 0.0296875 0.0234375
3 0.9296875 0.184375 0.01484375 0.03203125
2 0.1046875 0.284375 0.04609375 0.06796875
2 0.4234375 0.2359375 0.00859375 0.04140625
2 0.4125 0.23515625 0.0109375 0.0484375
2 0.40234375 0.23671875 0.00859375 0.040625
2 0.6203125 0.18359375 0.01484375 0.05703125
2 0.6328125 0.18671875 0.01015625 0.05546875
2 0.60546875 0.184375 0.01015625 0.053125
3 0.7359375 0.1640625 0.02421875 0.05546875
3 0.81796875 0.2859375 0.01328125 0.0375
3 0.828125 0.36875 0.0125 0.0234375
2 0.909375 0.3515625 0.02578125 0.053125
2 0.94296875 0.34453125 0.028125 0.0484375
2 0.7078125 0.409375 0.01953125 0.03203125
0 0.0625 0.453125 0.078125 0.090625
0 0.14453125 0.56328125 0.28828125 0.25859375
0 0.4046875 0.48125 0.04140625 0.071875
0 0.8953125 0.48828125 0.07109375 0.09453125
0 0.57421875 0.48125 0.03046875 0.071875
0 0.546875 0.4796875 0.034375 0.08203125
0 0.4765625 0.50546875 0.1296875 0.20859375