2 0.625 0.2375 0.009375 0.028125
2 0.553125 0.25 0.01171875 0.03046875
2 0.3359375 0.353125 0.01171875 0.02109375
2 0.4046875 0.196875 0.0109375 0.046875
2 0.365625 0.1984375 0.01328125 0.04453125
2 0.334375 0.2125 0.01171875 0.04453125
2 0.2984375 0.22109375 0.01171875 0.0375
2 0.6375 0.2359375 0.0078125 0.0265625
2 0.784375 0.1734375 0.009375 0.0375
2 0.8390625 0.278125 0.01484375 0.02109375
3 0.36875 0.14921875 0.02734375 0.034375
3 0.84375 0.18125 0.015625 0.03359375
3 0.853125 0.215625 0.015625 0.028125
3 0.8375 0.22109375 0.01328125 0.0234375
3 0.7765625 0.28984375 0.0359375 0.0265625
3 0.80625 0.2859375 0.01328125 0.0234375
0 0.6125 0.353125 0.009375 0.0265625
0 0.6640625 0.3609375 0.1265625 0.09609375
0 0.53125 0.36328125 0.0078125 0.01953125
0 0.353125 0.4171875 0.075 0.0859375
0 0.459375 0.46640625 0.16953125 0.1984375
0 0.7125 0.52578125 0.29296875 0.4265625
0 0.203125 0.6546875 0.40625 0.534375