3 0.0390625 0.21640625 0.03046875 0.0484375
3 0.259375 0.1375 0.09140625 0.03359375
3 0.0171875 0.1609375 0.0234375 0.03046875
3 0.01171875 0.14609375 0.02109375 0.02109375
2 0.334375 0.16796875 0.0171875 0.071875
2 0.3015625 0.41875 0.0140625 0.0265625
2 0.00703125 0.325 0.0140625 0.0609375
2 0.3203125 0.378125 0.009375 0.04140625
2 0.7609375 0.334375 0.009375 0.04453125
3 0.7828125 0.365625 0.01875 0.0140625
3 0.77109375 0.40703125 0.025 0.01640625
2 0.784375 0.440625 0.009375 0.01953125
1 0.8765625 0.621875 0.07421875 0.275
1 0.97734375 0.58125 0.0453125 0.2125
1 0.165625 0.56640625 0.06171875 0.259375
1 0.10390625 0.54140625 0.0515625 0.203125
1 0.26015625 0.503125 0.02109375 0.09609375
1 0.296875 0.50625 0.01171875 0.07890625
1 0.278125 0.509375 0.0203125 0.07890625
1 0.4265625 0.528125 0.028125 0.1609375
1 0.6640625 0.5109375 0.01484375 0.05859375
1 0.684375 0.5078125 0.01171875 0.0625
1 0.6984375 0.52578125 0.01875 0.078125
1 0.725 0.52421875 0.01640625 0.078125
1 0.746875 0.528125 0.009375 0.071875
1 0.73828125 0.52890625 0.00703125 0.07109375
1 0.728125 0.4828125 0.009375 0.021875
1 0.8390625 0.521875 0.015625 0.08203125
1 0.859375 0.525 0.01484375 0.0859375
1 0.896875 0.52890625 0.0125 0.09140625
1 0.9171875 0.53046875 0.0125 0.08359375
1 0.93125 0.528125 0.01875 0.09140625
1 0.9453125 0.53125 0.01484375 0.08203125
0 0.0359375 0.49921875 0.071875 0.090625
0 0.58046875 0.690625 0.41640625 0.359375
0 0.56640625 0.5078125 0.0796875 0.03046875
0 0.5984375 0.49765625 0.03828125 0.0359375
0 0.5125 0.496875 0.01875 0.02109375
0 0.5015625 0.490625 0.01640625 0.02109375
0 0.4234375 0.52421875 0.19375 0.10546875
2 0.775 0.44296875 0.0109375 0.02109375
2 0.3140625 0.421875 0.00859375 0.025