2 0.73828125 0.0625 0.02109375 0.09140625
2 0.8796875 0.1625 0.02265625 0.07890625
2 0.89921875 0.33125 0.02109375 0.04140625
2 0.871875 0.33828125 0.0234375 0.04140625
2 0.7703125 0.0578125 0.0265625 0.08203125
2 0.32109375 0.30078125 0.01953125 0.065625
2 0.3328125 0.22890625 0.01640625 0.05390625
2 0.31796875 0.36875 0.01875 0.03359375
2 0.3 0.36875 0.01484375 0.03359375
2 0.56875 0.4 0.0078125 0.02109375
2 0.603125 0.40625 0.009375 0.01953125
3 0.35625 0.36484375 0.02109375 0.04453125
3 0.8109375 0.10625 0.103125 0.0515625
3 0.8734375 0.23828125 0.040625 0.03046875
3 0.584375 0.4 0.01484375 0.01640625
0 0.55859375 0.43984375 0.01484375 0.0265625
0 0.59375 0.4328125 0.01171875 0.03046875
0 0.6109375 0.4375 0.01875 0.03046875
0 0.54453125 0.44375 0.01328125 0.0234375
0 0.628125 0.440625 0.0265625 0.03359375
0 0.684375 0.4875 0.10859375 0.13359375