3 0.475 0.27890625 0.04375 0.02109375
3 0.675 0.315625 0.0078125 0.02109375
3 0.60625 0.34765625 0.01796875 0.0109375
3 0.8859375 0.07265625 0.03125 0.059375
3 0.88125 0.134375 0.03671875 0.065625
3 0.915625 0.2578125 0.0390625 0.0734375
2 0.296875 0.24765625 0.0171875 0.06640625
2 0.4109375 0.284375 0.0125 0.0390625
2 0.5640625 0.2875 0.01015625 0.04296875
2 0.5765625 0.284375 0.01015625 0.0375
2 0.62890625 0.340625 0.00625 0.0234375
2 0.8515625 0.2203125 0.015625 0.05390625
2 0.4765625 0.35703125 0.00546875 0.01953125
2 0.48359375 0.359375 0.00546875 0.01640625
2 0.5703125 0.36015625 0.0046875 0.015625
2 0.5390625 0.33828125 0.00390625 0.01796875
2 0.4296875 0.19140625 0.0140625 0.053125
0 0.51640625 0.384375 0.0140625 0.01953125
0 0.525 0.390625 0.028125 0.0265625
0 0.5578125 0.38984375 0.015625 0.021875
0 0.5703125 0.39140625 0.0171875 0.025
0 0.58046875 0.4015625 0.0203125 0.03046875
0 0.59140625 0.41484375 0.0359375 0.053125
0 0.6046875 0.44609375 0.04453125 0.0734375
0 0.734375 0.43359375 0.03828125 0.065625
0 0.67109375 0.45703125 0.109375 0.140625
0 0.8234375 0.44921875 0.0984375 0.103125
0 0.46484375 0.53671875 0.184375 0.25390625
0 0.5375 0.428125 0.03359375 0.05390625