0 0.3796875 0.45 0.03125 0.0234375
0 0.340625 0.45078125 0.03515625 0.0265625
0 0.28828125 0.44375 0.0265625 0.01796875
0 0.16171875 0.446875 0.0171875 0.021875
0 0.1359375 0.44375 0.009375 0.01796875
0 0.06875 0.48203125 0.0953125 0.14296875
0 0.0265625 0.5515625 0.053125 0.25546875
0 0.2015625 0.48671875 0.08359375 0.11640625
0 0.90703125 0.45625 0.07734375 0.0859375
0 0.81875 0.4703125 0.06328125 0.05546875
0 0.78125 0.459375 0.04921875 0.06953125
0 0.4625 0.653125 0.58125 0.4125
3 0.7359375 0.13828125 0.04453125 0.04453125
3 0.7328125 0.184375 0.034375 0.03046875
3 0.71171875 0.234375 0.04140625 0.0875
3 0.72109375 0.35859375 0.025 0.06796875
3 0.71796875 0.30390625 0.02890625 0.021875
3 0.696875 0.33359375 0.025 0.02890625
3 0.3 0.325 0.0515625 0.0234375
3 0.33671875 0.37109375 0.01875 0.03046875
3 0.2578125 0.315625 0.01640625 0.0265625
2 0.215625 0.31171875 0.00859375 0.03359375
2 0.20703125 0.3125 0.00546875 0.02890625
2 0.221875 0.3140625 0.00390625 0.03046875
2 0.74765625 0.32890625 0.0421875 0.04609375
2 0.35625 0.403125 0.01015625 0.02109375
2 0.2578125 0.36875 0.00625 0.02109375
2 0.68125 0.09609375 0.02578125 0.10546875
2 0.71171875 0.26015625 0.02109375 0.25546875
2 0.1546875 0.39453125 0.00859375 0.02109375
2 0.07734375 0.390625 0.009375 0.02109375
1 0.1265625 0.46484375 0.01640625 0.0640625