0 0.58359375 0.46953125 0.08828125 0.115625
0 0.2921875 0.446875 0.08671875 0.10859375
0 0.6515625 0.4375 0.07578125 0.1125
0 0.7578125 0.4359375 0.07578125 0.04609375
0 0.84375 0.428125 0.06953125 0.04453125
1 0.8 0.4390625 0.025 0.096875
0 0.0890625 0.46484375 0.15 0.15
0 0.02421875 0.465625 0.0484375 0.125
0 0.48125 0.4234375 0.0203125 0.0265625
0 0.50078125 0.425 0.0125 0.025
0 0.4578125 0.41796875 0.01171875 0.01953125
0 0.446875 0.42109375 0.0109375 0.02109375
0 0.41484375 0.4234375 0.01796875 0.021875
0 0.42890625 0.425 0.009375 0.01640625
0 0.3765625 0.41796875 0.0109375 0.021875
0 0.3640625 0.4203125 0.0140625 0.021875
0 0.5109375 0.4171875 0.0109375 0.02109375
0 0.54140625 0.42578125 0.021875 0.04140625
0 0.5296875 0.425 0.01171875 0.03203125
0 0.5234375 0.421875 0.00859375 0.03046875
2 0.29765625 0.29140625 0.009375 0.028125
2 0.2875 0.28984375 0.00859375 0.0375
2 0.49140625 0.296875 0.00859375 0.03359375
2 0.50078125 0.29765625 0.00625 0.025
3 0.1453125 0.321875 0.01796875 0.01953125
3 0.1328125 0.3453125 0.01796875 0.0125
3 0.56171875 0.3140625 0.03046875 0.015625
3 0.57265625 0.38828125 0.0109375 0.025
2 0.1296875 0.371875 0.01796875 0.021875
2 0.421875 0.36640625 0.0125 0.0109375
2 0.49765625 0.3703125 0.00859375 0.01953125
3 0.396875 0.371875 0.0125 0.0125