3 0.2015625 0.296875 0.05703125 0.01796875
3 0.1484375 0.328125 0.02109375 0.00859375
3 0.609375 0.29921875 0.01640625 0.02890625
3 0.6890625 0.3265625 0.02109375 0.0125
3 0.634375 0.36171875 0.01875 0.00859375
3 0.7015625 0.3765625 0.01953125 0.0625
2 0.153125 0.28828125 0.009375 0.059375
2 0.25546875 0.2765625 0.0078125 0.0375
2 0.5078125 0.2890625 0.0140625 0.04609375
2 0.63046875 0.41796875 0.009375 0.02109375
2 0.15 0.3890625 0.0125 0.02109375
2 0.2421875 0.2734375 0.01015625 0.034375
2 0.26328125 0.278125 0.0078125 0.04140625
2 0.4953125 0.28671875 0.0078125 0.04140625
2 0.5171875 0.290625 0.00546875 0.04296875
2 0.6828125 0.4140625 0.0140625 0.02890625
0 0.0765625 0.51796875 0.153125 0.5265625
0 0.875 0.68828125 0.2484375 0.46953125
0 0.4921875 0.61015625 0.353125 0.46796875
0 0.19453125 0.515625 0.09453125 0.159375
0 0.8578125 0.48984375 0.08203125 0.046875
0 0.72734375 0.4890625 0.10078125 0.07109375
0 0.64375 0.52109375 0.03125 0.1015625
0 0.3625 0.4390625 0.01640625 0.05390625
0 0.3453125 0.421875 0.0078125 0.04609375
0 0.34765625 0.40703125 0.0125 0.04296875
0 0.3578125 0.39453125 0.0140625 0.0265625