0 0.0875 0.5625 0.05546875 0.040625
0 0.6765625 0.62890625 0.17109375 0.18359375
0 0.43828125 0.54609375 0.0375 0.05859375
0 0.3390625 0.5390625 0.01875 0.03046875
0 0.3765625 0.5359375 0.01328125 0.01953125
0 0.35625 0.53828125 0.0125 0.0265625
0 0.0125 0.54765625 0.025 0.021875
0 0.0359375 0.54765625 0.0203125 0.0234375
0 0.115625 0.553125 0.02109375 0.04140625
0 0.1390625 0.55234375 0.02109375 0.040625
0 0.1421875 0.54296875 0.0234375 0.0265625
0 0.171875 0.546875 0.02265625 0.0234375
0 0.2265625 0.540625 0.02734375 0.02109375
0 0.38203125 0.52421875 0.01171875 0.015625
0 0.38046875 0.5078125 0.0125 0.01640625
0 0.4625 0.5421875 0.01171875 0.03046875
0 0.4734375 0.53515625 0.01484375 0.028125
0 0.8171875 0.6125 0.14609375 0.15390625
0 0.6640625 0.50703125 0.08203125 0.06796875
0 0.721875 0.53671875 0.0265625 0.0484375
3 0.3359375 0.4609375 0.02109375 0.01640625
3 0.36875 0.46484375 0.04765625 0.0234375
3 0.04375 0.5078125 0.025 0.02109375
3 0.4015625 0.465625 0.0078125 0.01640625
3 0.4109375 0.475 0.00859375 0.0140625
3 0.4109375 0.50390625 0.009375 0.02109375
3 0.4109375 0.51640625 0.00859375 0.0140625
0 0.46015625 0.5171875 0.01171875 0.015625
0 0.0109375 0.52421875 0.02109375 0.01953125
0 0.984375 0.69609375 0.03046875 0.1890625