3 0.1359375 0.03046875 0.0328125 0.05859375
3 0.14453125 0.13125 0.025 0.028125
2 0.13046875 0.08828125 0.03984375 0.034375
2 0.44296875 0.12109375 0.0109375 0.0265625
2 0.5296875 0.1078125 0.009375 0.01796875
2 0.53203125 0.13125 0.009375 0.01796875
2 0.83828125 0.075 0.0171875 0.028125
2 0.4578125 0.121875 0.0109375 0.028125
0 0.44375 0.18203125 0.034375 0.05859375
0 0.55 0.19296875 0.025 0.034375
0 0.2015625 0.21953125 0.08046875 0.078125
0 0.134375 0.228125 0.0484375 0.071875
0 0.09765625 0.221875 0.03671875 0.1015625
0 0.0390625 0.2328125 0.078125 0.171875
1 0.9828125 0.1875 0.01953125 0.1265625
1 0.959375 0.18203125 0.02890625 0.13359375
0 0.6015625 0.19765625 0.059375 0.1015625
0 0.49453125 0.228125 0.09765625 0.16640625
0 0.71796875 0.25234375 0.1625 0.18046875
3 0.8359375 0.0140625 0.02734375 0.02109375