3 0.18125 0.08125 0.05859375 0.08203125
3 0.309375 0.0875 0.1640625 0.09453125
3 0.4 0.11640625 0.0171875 0.0390625
3 0.440625 0.11875 0.0390625 0.06640625
3 0.3984375 0.25625 0.0078125 0.01796875
3 0.3265625 0.259375 0.009375 0.0125
3 0.659375 0.10703125 0.01640625 0.05546875
3 0.690625 0.10234375 0.02421875 0.040625
2 0.7046875 0.1546875 0.03671875 0.0515625
2 0.18125 0.0609375 0.02421875 0.034375
2 0.41171875 0.01640625 0.0234375 0.0328125
2 0.278125 0.23828125 0.00546875 0.02109375
2 0.24140625 0.23359375 0.0078125 0.01796875
2 0.21875 0.225 0.01015625 0.0265625
2 0.17421875 0.1984375 0.00703125 0.01796875
2 0.1671875 0.21484375 0.00703125 0.01796875
0 0.2984375 0.278125 0.0234375 0.0359375
0 0.2203125 0.328125 0.1359375 0.171875
0 0.02578125 0.34296875 0.0515625 0.16796875
0 0.059375 0.284375 0.0453125 0.04296875
0 0.7328125 0.2953125 0.06875 0.06640625