0 0.3890625 0.3875 0.2421875 0.3515625
0 0.659375 0.31640625 0.18125 0.321875
0 0.5796875 0.31015625 0.03359375 0.121875
0 0.5453125 0.31484375 0.05078125 0.0890625
0 0.525 0.29453125 0.02109375 0.053125
0 0.50703125 0.2796875 0.0203125 0.0359375
0 0.4828125 0.25703125 0.0125 0.03046875
0 0.809375 0.33203125 0.11953125 0.15390625
0 0.91953125 0.3953125 0.1609375 0.175
2 0.471875 0.20859375 0.015625 0.02109375
2 0.4203125 0.209375 0.00703125 0.01796875
3 0.3625 0.15078125 0.0296875 0.01640625
3 0.3625 0.1765625 0.025 0.04140625
3 0.3625 0.203125 0.02109375 0.01796875