2 0.375 0.2078125 0.015625 0.02890625
2 0.803125 0.2015625 0.009375 0.02109375
2 0.76875 0.2015625 0.01171875 0.02890625
2 0.80234375 0.240625 0.00703125 0.01953125
1 0.7890625 0.31171875 0.03515625 0.16640625
0 0.76328125 0.27890625 0.0203125 0.05703125
0 0.746875 0.29765625 0.03125 0.08359375
0 0.6921875 0.29609375 0.05234375 0.090625
0 0.7 0.24765625 0.02421875 0.025
0 0.6703125 0.25390625 0.021875 0.034375
0 0.6578125 0.265625 0.021875 0.034375
0 0.6515625 0.27890625 0.021875 0.0359375
0 0.6234375 0.2796875 0.03359375 0.04296875
0 0.5921875 0.2828125 0.03828125 0.053125
0 0.55859375 0.29765625 0.04765625 0.065625
0 0.4953125 0.303125 0.08515625 0.09609375
0 0.1765625 0.33359375 0.128125 0.103125
2 0.9 0.090625 0.03515625 0.059375