0 0.984375 0.44921875 0.02734375 0.175
0 0.83125 0.38125 0.18671875 0.15546875
0 0.60625 0.34140625 0.04765625 0.0625
0 0.46953125 0.325 0.01640625 0.021875
0 0.5734375 0.33671875 0.02421875 0.04296875
0 0.55546875 0.3359375 0.015625 0.04140625
0 0.540625 0.33515625 0.02109375 0.02890625
0 0.5234375 0.3296875 0.01484375 0.0265625
0 0.39609375 0.321875 0.01328125 0.0265625
0 0.19375 0.3328125 0.0421875 0.04140625
0 0.31640625 0.32421875 0.01484375 0.02109375
0 0.32890625 0.31953125 0.01484375 0.02890625
2 0.18125 0.0796875 0.01875 0.06953125
2 0.52890625 0.109375 0.01484375 0.05
2 0.684375 0.22109375 0.00859375 0.040625
2 0.69375 0.26328125 0.01171875 0.0234375
3 0.6953125 0.17421875 0.0171875 0.01953125
3 0.684375 0.19140625 0.02265625 0.015625
3 0.7953125 0.16484375 0.0125 0.071875
3 0.8328125 0.16328125 0.03125 0.0234375
3 0.828125 0.1328125 0.02109375 0.0265625
3 0.57265625 0.290625 0.0125 0.02890625
3 0.6828125 0.2484375 0.01328125 0.01953125
2 0.8203125 0.221875 0.009375 0.028125
2 0.8453125 0.21796875 0.0203125 0.04140625
2 0.3265625 0.29296875 0.0046875 0.02109375
2 0.3921875 0.29296875 0.0078125 0.01640625
2 0.4703125 0.28046875 0.00546875 0.0140625
2 0.3984375 0.28203125 0.00390625 0.015625
2 0.34921875 0.271875 0.00625 0.01953125
0 0.36796875 0.32578125 0.00859375 0.028125