1 0.9859375 0.6328125 0.02578125 0.18359375
1 0.8875 0.628125 0.0359375 0.13359375
1 0.796875 0.65078125 0.04453125 0.14453125
1 0.73125 0.64921875 0.028125 0.09140625
1 0.321875 0.678125 0.0265625 0.109375
0 0.4875 0.6671875 0.01484375 0.0484375
0 0.471875 0.65859375 0.01875 0.0484375
0 0.5015625 0.65859375 0.0234375 0.0375
0 0.52734375 0.653125 0.03671875 0.07109375
0 0.5234375 0.66328125 0.0171875 0.0609375
0 0.53671875 0.6609375 0.0203125 0.05703125
0 0.55546875 0.6671875 0.04453125 0.07890625
0 0.5796875 0.68125 0.03828125 0.10703125
0 0.6453125 0.684375 0.1328125 0.1734375
0 0.4171875 0.66484375 0.0203125 0.03359375
0 0.44140625 0.66484375 0.0484375 0.04296875
0 0.38984375 0.6703125 0.0171875 0.04296875
0 0.3703125 0.671875 0.03515625 0.05859375
0 0.35859375 0.678125 0.02734375 0.05390625
0 0.3421875 0.68203125 0.02421875 0.06796875
0 0.3078125 0.68359375 0.0203125 0.09140625
0 0.26796875 0.6859375 0.06796875 0.11796875
0 0.02421875 0.690625 0.0484375 0.0890625
0 0.1375 0.7515625 0.271875 0.25390625
3 0.2765625 0.4609375 0.02734375 0.11796875
3 0.409375 0.5640625 0.02109375 0.0125
2 0.4296875 0.559375 0.0109375 0.021875
2 0.490625 0.5765625 0.0109375 0.01953125