3 0.42109375 0.2609375 0.0265625 0.0484375
3 0.35625 0.25625 0.0453125 0.0484375
3 0.31875 0.25234375 0.02890625 0.05546875
3 0.68046875 0.16953125 0.06015625 0.0859375
3 0.7765625 0.17265625 0.05859375 0.084375
3 0.2390625 0.25859375 0.01015625 0.02890625
3 0.2671875 0.2578125 0.03671875 0.03046875
2 0.62265625 0.2625 0.009375 0.0265625
3 0.5921875 0.31015625 0.01015625 0.01640625
3 0.478125 0.2984375 0.0140625 0.01640625
3 0.66796875 0.284375 0.0140625 0.015625
3 0.75 0.2921875 0.009375 0.0140625
2 0.478125 0.29765625 0.00625 0.0125
2 0.5921875 0.309375 0.0078125 0.0109375
2 0.5921875 0.30625 0.00703125 0.00859375
2 0.66953125 0.284375 0.00703125 0.009375
2 0.7484375 0.290625 0.00546875 0.015625
0 0.215625 0.365625 0.03984375 0.0109375
0 0.275 0.35 0.02890625 0.025
0 0.4140625 0.32421875 0.01328125 0.0109375
0 0.40625 0.32109375 0.01328125 0.015625
0 0.390625 0.32578125 0.01171875 0.01640625
0 0.4359375 0.3125 0.01171875 0.0109375
0 0.58125 0.3296875 0.01640625 0.015625
0 0.828125 0.26953125 0.00859375 0.0140625
0 0.85390625 0.271875 0.009375 0.015625
0 0.84375 0.26640625 0.009375 0.0140625
0 0.09453125 0.284375 0.0328125 0.009375
0 0.153125 0.284375 0.03359375 0.0125
0 0.1890625 0.28671875 0.02421875 0.009375
0 0.3140625 0.32265625 0.01796875 0.01640625
0 0.540625 0.334375 0.015625 0.0125