0 0.66875 0.4234375 0.02421875 0.03046875
0 0.634375 0.42421875 0.03515625 0.04609375
0 0.4984375 0.44921875 0.06875 0.08359375
0 0.4015625 0.4421875 0.12890625 0.1734375
0 0.2625 0.496875 0.225 0.20859375
0 0.2140625 0.428125 0.12578125 0.12109375
0 0.73125 0.41640625 0.0296875 0.0484375
0 0.696875 0.44140625 0.040625 0.065625
0 0.57890625 0.44609375 0.07109375 0.1125
0 0.0484375 0.40234375 0.096875 0.06953125
0 0.0828125 0.5640625 0.1640625 0.34296875
0 0.85546875 0.54296875 0.2890625 0.41796875