0 0.484375 0.453125 0.025 0.0375
0 0.50625 0.446875 0.01328125 0.01640625
0 0.51875 0.43984375 0.01328125 0.01640625
0 0.365625 0.49140625 0.090625 0.115625
3 0.596875 0.3671875 0.02890625 0.040625
3 0.546875 0.36484375 0.02890625 0.04453125
3 0.496875 0.365625 0.03203125 0.028125
3 0.45625 0.365625 0.04453125 0.03359375
3 0.5109375 0.3953125 0.02890625 0.03046875
3 0.5359375 0.4 0.02109375 0.02109375
3 0.55703125 0.40234375 0.0171875 0.03046875
3 0.571875 0.3984375 0.01328125 0.03359375
3 0.4875 0.4 0.0171875 0.0265625
0 0.1421875 0.50078125 0.12109375 0.11953125
0 0.5390625 0.446875 0.01875 0.02109375
0 0.5640625 0.45390625 0.0265625 0.04296875
0 0.59375 0.4546875 0.02109375 0.028125
0 0.6421875 0.45625 0.0265625 0.0359375
0 0.90625 0.5 0.12265625 0.10859375