3 0.3640625 0.3421875 0.021875 0.05390625
2 0.534375 0.12734375 0.01796875 0.0859375
2 0.55546875 0.12265625 0.01015625 0.08046875
2 0.909375 0.27265625 0.01171875 0.0484375
2 0.56640625 0.125 0.01171875 0.08359375
0 0.04296875 0.48515625 0.0859375 0.10546875
0 0.1 0.4765625 0.03515625 0.0625
0 0.378125 0.44296875 0.021875 0.03046875
0 0.36953125 0.4578125 0.03203125 0.046875
0 0.4515625 0.440625 0.01484375 0.01796875
0 0.553125 0.434375 0.00703125 0.01640625
0 0.559375 0.4421875 0.01015625 0.01796875
0 0.57421875 0.446875 0.015625 0.02890625
0 0.5921875 0.4453125 0.01171875 0.03046875
0 0.609375 0.446875 0.021875 0.0375
0 0.62890625 0.45078125 0.021875 0.04453125
0 0.39921875 0.4453125 0.01875 0.025
0 0.4890625 0.43671875 0.0109375 0.0125
0 0.52734375 0.440625 0.0390625 0.078125
0 0.565625 0.45078125 0.01640625 0.02890625
0 0.6609375 0.46015625 0.04921875 0.05859375
0 0.325 0.51171875 0.21640625 0.16953125
0 0.9390625 0.44375 0.11953125 0.1890625
0 0.7625 0.4515625 0.04453125 0.071875
0 0.6890625 0.45703125 0.0109375 0.028125