0 0.878125 0.56640625 0.07109375 0.0765625
0 0.4421875 0.503125 0.025 0.07890625
0 0.42109375 0.5078125 0.04296875 0.09140625
0 0.39375 0.515625 0.059375 0.103125
0 0.35859375 0.55078125 0.11953125 0.128125
0 0.60625 0.52109375 0.03046875 0.04609375
0 0.5671875 0.5109375 0.02265625 0.0265625
0 0.5265625 0.5125 0.03046875 0.02890625
0 0.465625 0.50546875 0.0453125 0.04296875
0 0.6375 0.51640625 0.02734375 0.04609375
0 0.64609375 0.52890625 0.02421875 0.0265625
0 0.67578125 0.51875 0.05078125 0.0609375
0 0.6890625 0.53828125 0.0359375 0.04140625
0 0.153125 0.66328125 0.30390625 0.3484375
3 0.853125 0.49453125 0.01796875 0.02890625
2 0.7390625 0.453125 0.0125 0.021875
2 0.6640625 0.41953125 0.01875 0.040625
2 0.56484375 0.46640625 0.0125 0.0265625
2 0.5109375 0.4140625 0.0140625 0.03359375
2 0.503125 0.4609375 0.0125 0.025
3 0.62578125 0.4578125 0.034375 0.03203125
3 0.709375 0.43828125 0.01875 0.025
3 0.6890625 0.421875 0.0265625 0.0265625
3 0.47265625 0.40859375 0.028125 0.0265625
3 0.83359375 0.43203125 0.01484375 0.02890625
3 0.7359375 0.48125 0.01796875 0.015625
3 0.975 0.48359375 0.025 0.025
3 0.975 0.509375 0.02890625 0.021875
3 0.1203125 0.24453125 0.04140625 0.1