0 0.29375 0.39609375 0.0765625 0.1015625
0 0.16875 0.3953125 0.11640625 0.121875
0 0.67421875 0.42109375 0.07109375 0.11953125
0 0.775 0.46796875 0.153125 0.24296875
0 0.8828125 0.565625 0.234375 0.4390625
0 0.5015625 0.46953125 0.27734375 0.43203125
0 0.0734375 0.39921875 0.14296875 0.2109375
3 0.3421875 0.153125 0.1015625 0.19296875
3 0.6921875 0.3390625 0.02421875 0.0359375
2 0.6953125 0.30078125 0.0109375 0.025
2 0.6078125 0.275 0.009375 0.0359375
1 0.178125 0.371875 0.03828125 0.16796875
1 0.2359375 0.378125 0.0328125 0.15703125
2 0.2390625 0.2515625 0.02734375 0.02109375
2 0.3125 0.2546875 0.02734375 0.021875
1 0.66875 0.4328125 0.01796875 0.103125
1 0.70234375 0.434375 0.0234375 0.1109375
0 0.3328125 0.3984375 0.03671875 0.06796875