3 0.41484375 0.384375 0.01015625 0.0234375
2 0.3921875 0.3828125 0.00859375 0.0234375
2 0.1046875 0.28671875 0.00859375 0.03046875
2 0.3984375 0.38359375 0.00703125 0.025
0 0.1828125 0.36171875 0.01328125 0.009375
0 0.1671875 0.36328125 0.01328125 0.0125
0 0.1328125 0.35390625 0.01328125 0.009375
0 0.13125 0.36796875 0.0140625 0.0125
0 0.15 0.36328125 0.01328125 0.01796875
0 0.146875 0.37578125 0.021875 0.01796875
0 0.11328125 0.36640625 0.00859375 0.02109375
0 0.0984375 0.36328125 0.0140625 0.0234375
0 0.08125 0.365625 0.0203125 0.0234375
0 0.0390625 0.36171875 0.0171875 0.015625
0 0.0546875 0.371875 0.02890625 0.02109375
0 0.15625 0.4015625 0.02265625 0.03359375
0 0.1265625 0.3953125 0.0203125 0.015625
0 0.1078125 0.39375 0.0171875 0.028125
0 0.084375 0.3953125 0.0203125 0.02109375
0 0.059375 0.38828125 0.021875 0.01796875
0 0.1421875 0.4046875 0.0140625 0.02109375
0 0.40390625 0.47265625 0.02890625 0.03046875
0 0.41328125 0.47734375 0.03046875 0.0390625
0 0.428125 0.48515625 0.02578125 0.0359375