0 0.04140625 0.653125 0.0828125 0.24140625
0 0.0671875 0.6203125 0.04375 0.0484375
0 0.121875 0.64609375 0.121875 0.109375
0 0.2171875 0.628125 0.06875 0.059375
0 0.25625 0.621875 0.03515625 0.046875
0 0.3453125 0.6203125 0.05 0.0640625
0 0.38125 0.61640625 0.03359375 0.04453125
0 0.40625 0.60703125 0.028125 0.04296875
0 0.42109375 0.60859375 0.01171875 0.021875
0 0.4375 0.6078125 0.01875 0.0234375
0 0.4765625 0.6046875 0.01171875 0.01796875
0 0.49375 0.5984375 0.01796875 0.0265625
0 0.525 0.59921875 0.015625 0.021875
0 0.54296875 0.6078125 0.02890625 0.0515625
0 0.559375 0.61796875 0.04453125 0.05546875
0 0.5703125 0.60546875 0.03515625 0.05546875
0 0.1953125 0.62734375 0.0234375 0.0875
0 0.2953125 0.63203125 0.0859375 0.090625
0 0.453125 0.60703125 0.0140625 0.0125
3 0.6609375 0.328125 0.0296875 0.0515625
3 0.6609375 0.36875 0.02109375 0.01953125
3 0.53203125 0.575 0.015625 0.02109375
3 0.5171875 0.553125 0.0046875 0.0140625
2 0.5125 0.55703125 0.0078125 0.015625
1 0.753125 0.62109375 0.03828125 0.146875
1 0.8765625 0.60546875 0.0484375 0.21640625
3 0.14453125 0.4671875 0.0171875 0.03203125
3 0.19140625 0.53203125 0.0109375 0.02109375
3 0.1921875 0.55 0.0125 0.01796875
3 0.2015625 0.453125 0.03359375 0.021875