0 0.040625 0.45703125 0.08125 0.1359375
0 0.1609375 0.43046875 0.0875 0.09609375
0 0.2359375 0.425 0.103125 0.0984375
0 0.33203125 0.4171875 0.08359375 0.07890625
0 0.41875 0.4078125 0.07578125 0.0984375
0 0.83203125 0.42421875 0.153125 0.1640625
0 0.4875 0.4 0.040625 0.04453125
0 0.5296875 0.396875 0.028125 0.03203125
0 0.3828125 0.41171875 0.02578125 0.046875
0 0.54765625 0.38125 0.0109375 0.01640625
0 0.5734375 0.396875 0.01640625 0.0234375
0 0.58984375 0.39140625 0.015625 0.02109375
0 0.6125 0.4 0.0125 0.009375
0 0.63203125 0.4046875 0.0140625 0.01640625
0 0.5984375 0.3953125 0.01640625 0.0140625
0 0.57109375 0.37890625 0.01015625 0.009375
0 0.69921875 0.4109375 0.0609375 0.071875
3 0.3578125 0.359375 0.01328125 0.03359375
3 0.6265625 0.3390625 0.01953125 0.0109375
3 0.425 0.334375 0.02109375 0.009375
3 0.5 0.359375 0.0125 0.0109375
3 0.646875 0.35390625 0.00703125 0.00546875
3 0.64765625 0.34765625 0.00625 0.00703125
3 0.5984375 0.36015625 0.0109375 0.00703125
3 0.54375 0.35234375 0.00625 0.0125
3 0.85625 0.30390625 0.0234375 0.0515625
3 0.96796875 0.0546875 0.0625 0.04140625
3 0.7625 0.321875 0.0078125 0.0109375
2 0.5453125 0.33203125 0.00625 0.01796875
2 0.60859375 0.3296875 0.00546875 0.01640625
2 0.61171875 0.3796875 0.00390625 0.0140625
2 0.65 0.371875 0.00546875 0.0140625
2 0.86171875 0.0390625 0.01796875 0.065625
2 0.840625 0.03984375 0.01953125 0.07109375
3 0.66640625 0.3609375 0.01171875 0.00703125