3 0.2828125 0.33828125 0.00625 0.0234375
3 0.428125 0.31640625 0.01953125 0.0125
3 0.4734375 0.3140625 0.01796875 0.0125
3 0.50234375 0.31484375 0.0125 0.0109375
0 0.275 0.36328125 0.0265625 0.021875
0 0.3125 0.36171875 0.0125 0.028125
0 0.2546875 0.3609375 0.0109375 0.015625
0 0.2390625 0.36640625 0.0265625 0.0265625
0 0.221875 0.36484375 0.0125 0.021875
0 0.39453125 0.3625 0.0109375 0.0234375
0 0.4046875 0.36796875 0.0140625 0.02109375
0 0.41875 0.36640625 0.01640625 0.01796875
0 0.434375 0.36328125 0.01796875 0.025
0 0.446875 0.3609375 0.0109375 0.0265625
0 0.45390625 0.359375 0.0109375 0.0265625
0 0.4625 0.35703125 0.01875 0.02890625
0 0.471875 0.3609375 0.01796875 0.02890625
0 0.48203125 0.36484375 0.01640625 0.028125
0 0.5171875 0.35546875 0.0234375 0.04140625
0 0.56328125 0.3484375 0.0125 0.015625
0 0.5671875 0.36484375 0.01953125 0.028125
0 0.546875 0.37109375 0.02734375 0.0375
0 0.5796875 0.3578125 0.01484375 0.01953125
0 0.61484375 0.35625 0.0140625 0.01953125
0 0.6265625 0.3546875 0.01484375 0.025
0 0.665625 0.36171875 0.02265625 0.034375
0 0.6984375 0.359375 0.03671875 0.034375
0 0.496875 0.36953125 0.0265625 0.0375
0 0.65078125 0.365625 0.03125 0.03203125
0 0.9296875 0.346875 0.034375 0.03203125
0 0.96640625 0.35546875 0.0453125 0.03203125
0 0.9921875 0.3609375 0.01484375 0.028125
0 0.0390625 0.509375 0.0765625 0.25703125