1 0.33125 0.4328125 0.0140625 0.040625
1 0.30625 0.44140625 0.01875 0.05859375
1 0.290625 0.446875 0.01171875 0.05
1 0.275 0.4609375 0.01640625 0.0515625
1 0.2359375 0.440625 0.01484375 0.0375
0 0.32265625 0.48671875 0.12109375 0.0765625
1 0.35859375 0.49765625 0.04140625 0.2109375
2 0.396875 0.34453125 0.01171875 0.0375
2 0.4078125 0.34140625 0.0125 0.046875
2 0.2046875 0.4 0.01328125 0.01953125
3 0.56171875 0.36640625 0.02421875 0.015625
0 0.6515625 0.46015625 0.078125 0.078125
0 0.8109375 0.45078125 0.1125 0.0765625
0 0.9875 0.4265625 0.0203125 0.05390625
0 0.925 0.4640625 0.1359375 0.12890625
0 0.528125 0.58828125 0.27578125 0.4125
1 0.2546875 0.45703125 0.01328125 0.04296875
2 0.1546875 0.278125 0.0171875 0.0609375
2 0.1546875 0.36640625 0.01171875 0.03046875
2 0.55625 0.32734375 0.00546875 0.0390625
2 0.56953125 0.325 0.01015625 0.03359375
2 0.0140625 0.28515625 0.02734375 0.05546875
2 0.01640625 0.3515625 0.0328125 0.0515625
0 0.1578125 0.63203125 0.31484375 0.3859375
3 0.21484375 0.2625 0.00703125 0.08203125