2 0.4546875 0.484375 0.0109375 0.02109375
2 0.48203125 0.48125 0.01015625 0.0234375
3 0.55 0.4703125 0.01015625 0.02109375
3 0.428125 0.4859375 0.025 0.0140625
3 0.3078125 0.4609375 0.02890625 0.04296875
0 0.4125 0.55 0.03203125 0.04296875
0 0.38984375 0.553125 0.0296875 0.0484375
0 0.371875 0.559375 0.034375 0.07109375
0 0.35234375 0.56640625 0.0328125 0.07890625
0 0.31796875 0.578125 0.07421875 0.12109375
0 0.2671875 0.60859375 0.1015625 0.14140625
0 0.1578125 0.65234375 0.20546875 0.23359375
0 0.0546875 0.740625 0.10859375 0.328125
2 0.44765625 0.528125 0.00703125 0.01796875
2 0.45859375 0.528125 0.00703125 0.01640625
0 0.509375 0.540625 0.015625 0.0359375
0 0.5171875 0.54921875 0.015625 0.03359375
0 0.53125 0.54921875 0.01875 0.03359375
0 0.54609375 0.546875 0.02421875 0.03359375
0 0.89765625 0.63984375 0.20390625 0.296875