2 0.26875 0.2421875 0.02265625 0.06953125
2 0.090625 0.44453125 0.009375 0.04296875
2 0.471875 0.459375 0.0171875 0.03046875
2 0.7578125 0.215625 0.04375 0.090625
2 0.28515625 0.246875 0.015625 0.0640625
2 0.253125 0.24375 0.0125 0.05859375
3 0.05078125 0.559375 0.01171875 0.01640625
3 0.7484375 0.021875 0.0859375 0.04296875
3 0.7296875 0.03984375 0.05078125 0.075
3 0.090625 0.490625 0.02109375 0.0359375
0 0.44296875 0.559375 0.01875 0.021875
0 0.425 0.5609375 0.00859375 0.0125
0 0.4125 0.56328125 0.0125 0.0125
0 0.4015625 0.56328125 0.0125 0.015625
0 0.3921875 0.5640625 0.01171875 0.009375
0 0.3734375 0.56328125 0.01875 0.015625
0 0.35 0.5703125 0.009375 0.009375
0 0.3328125 0.565625 0.0234375 0.02109375
0 0.1359375 0.5953125 0.0078125 0.00859375
0 0.11796875 0.5953125 0.025 0.015625
0 0.071875 0.59375 0.03125 0.02890625
0 0.04765625 0.6046875 0.0328125 0.08359375
2 0.4578125 0.4625 0.00625 0.0234375