3 0.4453125 0.43671875 0.00859375 0.01640625
0 0.3671875 0.4703125 0.01484375 0.0375
0 0.35 0.4671875 0.02109375 0.05546875
0 0.3328125 0.471875 0.0171875 0.053125
0 0.3171875 0.475 0.02890625 0.05859375
0 0.2953125 0.478125 0.03359375 0.06953125
0 0.278125 0.4828125 0.04140625 0.08203125
0 0.46640625 0.47734375 0.01953125 0.04296875
0 0.478125 0.47734375 0.0171875 0.046875
0 0.49765625 0.4828125 0.0296875 0.0484375
0 0.51875 0.47578125 0.04609375 0.07109375
0 0.528125 0.490625 0.034375 0.08203125
0 0.5828125 0.4921875 0.10546875 0.1515625
0 0.646875 0.54453125 0.13046875 0.2
0 0.2546875 0.490625 0.04609375 0.0765625
0 0.03515625 0.5625 0.0703125 0.115625
0 0.85625 0.5234375 0.28671875 0.271875
0 0.3875 0.46953125 0.01875 0.0265625
0 0.425 0.47578125 0.01953125 0.0234375