3 0.1484375 0.2609375 0.028125 0.015625
3 0.6 0.26171875 0.0359375 0.0375
3 0.6671875 0.29765625 0.01953125 0.01640625
3 0.37109375 0.321875 0.02265625 0.0140625
2 0.04375 0.2734375 0.0109375 0.028125
2 0.5421875 0.24765625 0.009375 0.04140625
2 0.3796875 0.30859375 0.0125 0.028125
2 0.53125 0.24765625 0.009375 0.04453125
2 0.6828125 0.3578125 0.01328125 0.021875
2 0.053125 0.28359375 0.0109375 0.03359375
0 0.48125 0.428125 0.028125 0.0375
0 0.5390625 0.42421875 0.01328125 0.0234375
0 0.4578125 0.42578125 0.015625 0.01953125
0 0.265625 0.4296875 0.02890625 0.0375
0 0.2890625 0.428125 0.01484375 0.028125
0 0.303125 0.42578125 0.0125 0.0265625
0 0.50625 0.42421875 0.0125 0.0234375
0 0.5203125 0.4171875 0.01171875 0.02109375
2 0.4671875 0.37421875 0.0046875 0.01640625
2 0.4984375 0.378125 0.0046875 0.02109375
0 0.5609375 0.4234375 0.02109375 0.03359375