2 0.23046875 0.26875 0.01171875 0.04609375
2 0.6203125 0.12578125 0.0171875 0.0890625
2 0.596875 0.1203125 0.02421875 0.09609375
2 0.553125 0.46171875 0.0078125 0.025
2 0.340625 0.46171875 0.00859375 0.021875
2 0.45625 0.3953125 0.01328125 0.025
2 0.540625 0.41484375 0.0125 0.0234375
3 0.2359375 0.32890625 0.02890625 0.015625
3 0.23828125 0.4 0.015625 0.015625
3 0.603125 0.40625 0.01796875 0.0140625
3 0.63671875 0.31328125 0.01015625 0.046875
3 0.52109375 0.45390625 0.009375 0.01796875
0 0.4390625 0.5078125 0.01796875 0.034375
0 0.4125 0.5125 0.0375 0.040625
0 0.3734375 0.496875 0.040625 0.08046875
0 0.346875 0.51328125 0.06484375 0.06796875
0 0.48125 0.5046875 0.028125 0.04140625
0 0.515625 0.503125 0.03671875 0.0515625
0 0.5640625 0.50625 0.05703125 0.06640625
0 0.909375 0.621875 0.17890625 0.38359375
3 0.71015625 0.39140625 0.01640625 0.03359375
3 0.70625 0.37109375 0.02109375 0.01640625