3 0.33046875 0.3796875 0.0078125 0.00859375
3 0.33125 0.390625 0.00859375 0.0140625
3 0.4796875 0.378125 0.00625 0.0140625
2 0.43359375 0.353125 0.00625 0.01953125
2 0.396875 0.36953125 0.00546875 0.0125
2 0.37421875 0.3515625 0.00625 0.01796875
2 0.3359375 0.35390625 0.0046875 0.025
0 0.31640625 0.41875 0.021875 0.03203125
0 0.3046875 0.4203125 0.021875 0.03203125
0 0.428125 0.4046875 0.00703125 0.01953125
0 0.421875 0.40859375 0.00859375 0.02109375
0 0.4421875 0.40390625 0.00625 0.009375
0 0.440625 0.41328125 0.00703125 0.01640625
0 0.45390625 0.41640625 0.01015625 0.02109375
0 0.4640625 0.41171875 0.0171875 0.04609375
0 0.475 0.415625 0.021875 0.0515625
0 0.4796875 0.42734375 0.0234375 0.04609375
0 0.48984375 0.428125 0.028125 0.0609375
0 0.4046875 0.40625 0.00859375 0.0109375
0 0.2921875 0.421875 0.0234375 0.0375
0 0.4359375 0.41328125 0.00859375 0.015625
0 0.415625 0.4140625 0.01328125 0.021875
0 0.4046875 0.41484375 0.01015625 0.0125
0 0.5078125 0.440625 0.04609375 0.06953125
3 0.94765625 0.2640625 0.03984375 0.08203125