0 0.571875 0.49375 0.00859375 0.02109375
0 0.5328125 0.4953125 0.01953125 0.034375
0 0.5171875 0.496875 0.025 0.0375
0 0.5140625 0.5046875 0.02265625 0.0375
0 0.5 0.50703125 0.02109375 0.046875
0 0.4828125 0.5109375 0.0390625 0.05546875
0 0.5984375 0.49375 0.00859375 0.02109375
0 0.403125 0.5203125 0.07890625 0.10546875
0 0.3640625 0.54296875 0.10390625 0.11953125
0 0.0671875 0.6625 0.134375 0.25625
0 0.88671875 0.575 0.225 0.32109375
0 0.2390625 0.56796875 0.221875 0.18359375
0 0.584375 0.49921875 0.02578125 0.04296875
0 0.56171875 0.496875 0.01171875 0.02109375
2 0.35234375 0.415625 0.01171875 0.04140625
2 0.525 0.31640625 0.00859375 0.034375
2 0.6515625 0.34453125 0.00859375 0.0375
2 0.803125 0.45078125 0.01328125 0.03203125
1 0.0515625 0.51796875 0.025 0.13203125
1 0.09296875 0.5328125 0.05234375 0.1140625