0 0.32578125 0.490625 0.09375 0.11796875
2 0.24609375 0.396875 0.02109375 0.0265625
3 0.225 0.5015625 0.0421875 0.07109375
3 0.2640625 0.37578125 0.021875 0.053125
3 0.890625 0.309375 0.0328125 0.0234375
3 0.8921875 0.35234375 0.03046875 0.05546875
2 0.4921875 0.33671875 0.00546875 0.025
2 0.4875 0.3375 0.0078125 0.0234375
2 0.48203125 0.33671875 0.00703125 0.021875
2 0.70859375 0.28515625 0.0078125 0.03359375
2 0.7015625 0.2828125 0.00859375 0.0390625
2 0.68984375 0.284375 0.0046875 0.034375
3 0.8546875 0.20625 0.0234375 0.04140625
3 0.85625 0.04296875 0.04921875 0.08359375
1 0.7 0.4484375 0.01328125 0.07109375
1 0.9765625 0.47265625 0.03984375 0.153125
1 0.6171875 0.446875 0.0125 0.04296875
0 0.5953125 0.440625 0.0171875 0.025
0 0.5796875 0.4375 0.00859375 0.015625
0 0.575 0.440625 0.00625 0.03046875
0 0.53125 0.425 0.01796875 0.0125
0 0.56171875 0.4453125 0.02890625 0.05859375
0 0.53125 0.4578125 0.0703125 0.05546875
2 0.5765625 0.3890625 0.00390625 0.02109375
2 0.540625 0.39375 0.0046875 0.01640625
2 0.4171875 0.41484375 0.0109375 0.01953125
0 0.9 0.43828125 0.0796875 0.05859375