0 0.2921875 0.546875 0.13515625 0.140625
0 0.48515625 0.53671875 0.08828125 0.146875
0 0.54375 0.52890625 0.02734375 0.0359375
0 0.58046875 0.534375 0.046875 0.075
0 0.91875 0.55078125 0.11328125 0.10859375
0 0.79296875 0.55390625 0.03359375 0.03046875
3 0.67890625 0.415625 0.02265625 0.021875
2 0.6671875 0.4546875 0.0140625 0.02890625
2 0.69375 0.4546875 0.0140625 0.02890625
2 0.20234375 0.06796875 0.034375 0.09609375
2 0.2359375 0.06953125 0.0203125 0.08203125
3 0.825 0.021875 0.159375 0.0390625
2 0.44296875 0.465625 0.01171875 0.03046875