2 0.146875 0.48125 0.0171875 0.03359375
3 0.1484375 0.4078125 0.025 0.01953125
3 0.5734375 0.4265625 0.01875 0.03359375
3 0.6203125 0.371875 0.025 0.01640625
3 0.521875 0.44296875 0.01328125 0.0234375
3 0.5671875 0.321875 0.0859375 0.0265625
3 0.53515625 0.3 0.01328125 0.05703125
2 0.46328125 0.27890625 0.01171875 0.05703125
2 0.490625 0.278125 0.01171875 0.05390625
2 0.47734375 0.2765625 0.015625 0.065625
2 0.62734375 0.4484375 0.015625 0.0265625
0 0.4515625 0.5109375 0.0078125 0.01953125
0 0.4578125 0.51484375 0.01171875 0.0265625
0 0.465625 0.528125 0.015625 0.034375
0 0.5265625 0.51640625 0.01171875 0.02109375
0 0.5375 0.5234375 0.02734375 0.03046875
0 0.54921875 0.525 0.0359375 0.03359375
0 0.8578125 0.55078125 0.11640625 0.0890625
0 0.259375 0.57421875 0.04375 0.0890625
0 0.415625 0.52734375 0.0078125 0.03359375
0 0.40625 0.53046875 0.0109375 0.034375
0 0.3890625 0.5296875 0.025 0.0515625
0 0.3875 0.5390625 0.02734375 0.046875
0 0.3640625 0.53671875 0.0328125 0.05546875
0 0.359375 0.55546875 0.03828125 0.065625
2 0.45234375 0.46875 0.0078125 0.01953125
0 0.4828125 0.54140625 0.03359375 0.04140625
0 0.3078125 0.5703125 0.090625 0.121875
0 0.06640625 0.63515625 0.1328125 0.20703125
0 0.71875 0.67265625 0.3140625 0.33046875