2 0.4375 0.4328125 0.00546875 0.01640625
2 0.3921875 0.403125 0.009375 0.03046875
2 0.596875 0.415625 0.01015625 0.01796875
0 0.44609375 0.475 0.01484375 0.059375
0 0.4328125 0.48046875 0.0328125 0.075
0 0.40546875 0.48671875 0.05390625 0.10390625
0 0.234375 0.51796875 0.03125 0.0625
0 0.54296875 0.4703125 0.02421875 0.05
0 0.490625 0.48515625 0.08203125 0.15546875
0 0.328125 0.575 0.18984375 0.309375
1 0.18671875 0.49921875 0.0140625 0.05390625
1 0.21328125 0.503125 0.0078125 0.05
1 0.04921875 0.5375 0.0171875 0.08046875
3 0.565625 0.3046875 0.009375 0.03046875
3 0.57421875 0.33203125 0.01171875 0.0265625
3 0.56015625 0.3328125 0.01171875 0.01640625
3 0.590625 0.05625 0.18984375 0.1125