2 0.36171875 0.14765625 0.0125 0.05859375
2 0.54296875 0.2125 0.01484375 0.05
2 0.1578125 0.328125 0.01015625 0.0265625
2 0.7421875 0.359375 0.0140625 0.0265625
2 0.49375 0.3859375 0.009375 0.021875
2 0.7296875 0.359375 0.01015625 0.02109375
2 0.1703125 0.3296875 0.0125 0.0265625
3 0.17734375 0.20390625 0.03046875 0.025
3 0.1625 0.2671875 0.0265625 0.0140625
3 0.1625 0.2828125 0.03125 0.01640625
3 0.5765625 0.21328125 0.02578125 0.04296875
3 0.6125 0.215625 0.028125 0.046875
0 0.4796875 0.428125 0.01015625 0.0390625
0 0.49375 0.42578125 0.0234375 0.04296875
0 0.475 0.440625 0.01953125 0.09296875
0 0.3640625 0.42578125 0.03515625 0.071875
1 0.3734375 0.396875 0.01015625 0.02109375
0 0.2875 0.440625 0.1265625 0.159375
0 0.42265625 0.43125 0.09921875 0.23046875
0 0.5171875 0.43359375 0.04765625 0.084375
1 0.1046875 0.43203125 0.021875 0.1265625
1 0.1265625 0.434375 0.0234375 0.13359375
2 0.71875 0.2453125 0.01171875 0.04140625