3 0.23046875 0.28828125 0.01953125 0.025
3 0.2296875 0.309375 0.0109375 0.025
3 0.2890625 0.3125 0.02421875 0.00859375
3 0.446875 0.3234375 0.01875 0.0109375
3 0.54296875 0.31328125 0.0109375 0.03359375
3 0.46640625 0.3484375 0.0109375 0.009375
0 0.4046875 0.384375 0.01953125 0.03203125
0 0.3875 0.3890625 0.02578125 0.04453125
0 0.359375 0.40234375 0.05078125 0.071875
0 0.3234375 0.384375 0.03125 0.0609375
0 0.4765625 0.384375 0.015625 0.03359375
0 0.49765625 0.40546875 0.0421875 0.05703125
0 0.4421875 0.42265625 0.0765625 0.1265625
0 0.20390625 0.371875 0.04609375 0.0484375
0 0.178125 0.37890625 0.06171875 0.03203125
0 0.26875 0.43203125 0.12578125 0.140625
0 0.61171875 0.43984375 0.1359375 0.18203125
0 0.8640625 0.42890625 0.13984375 0.1015625
0 0.728125 0.51953125 0.23984375 0.25390625
0 0.92421875 0.434375 0.15 0.14453125
0 0.9703125 0.4421875 0.05703125 0.1609375