2 0.11875 0.209375 0.01484375 0.04140625
2 0.20625 0.33515625 0.015625 0.03046875
2 0.1953125 0.35390625 0.0125 0.01796875
2 0.3125 0.26875 0.0140625 0.0390625
2 0.3234375 0.37890625 0.00625 0.025
2 0.5046875 0.28828125 0.01015625 0.03046875
0 0.309375 0.41484375 0.028125 0.0390625
0 0.29609375 0.4296875 0.0390625 0.05859375
0 0.259375 0.384375 0.0328125 0.03203125
0 0.240625 0.45859375 0.1 0.11640625
0 0.4609375 0.38984375 0.01171875 0.01796875
0 0.4765625 0.4140625 0.021875 0.0375
0 0.5 0.4328125 0.03125 0.090625
0 0.1203125 0.584375 0.240625 0.41640625
0 0.396875 0.490625 0.20078125 0.3765625