0 0.23203125 0.42109375 0.1015625 0.18203125
0 0.3046875 0.421875 0.0390625 0.09609375
0 0.321875 0.4015625 0.04609375 0.0890625
0 0.35 0.40546875 0.01875 0.05546875
0 0.365625 0.39765625 0.02421875 0.0640625
0 0.384375 0.39453125 0.01640625 0.05
0 0.3953125 0.3859375 0.015625 0.034375
0 0.8515625 0.5890625 0.2953125 0.45703125
0 0.67734375 0.47734375 0.1859375 0.2125
0 0.5875 0.446875 0.10234375 0.11953125
0 0.5359375 0.4296875 0.0390625 0.090625
0 0.50625 0.40078125 0.040625 0.0734375
0 0.4796875 0.4015625 0.01953125 0.04296875
0 0.46875 0.39296875 0.025 0.0515625