2 0.2390625 0.321875 0.0140625 0.025
2 0.275 0.33671875 0.0125 0.01640625
2 0.3421875 0.30703125 0.0125 0.01796875
2 0.46171875 0.31953125 0.0140625 0.01796875
2 0.36875 0.35078125 0.01171875 0.009375
2 0.43671875 0.353125 0.0125 0.0140625
2 0.5125 0.3765625 0.01015625 0.0125
2 0.5203125 0.3703125 0.0078125 0.01640625
3 0.309375 0.315625 0.02109375 0.0140625
3 0.48984375 0.328125 0.01640625 0.0125
3 0.3234375 0.309375 0.01171875 0.0125
3 0.465625 0.34296875 0.02421875 0.0125
0 0.40625 0.3828125 0.0140625 0.01640625
0 0.4359375 0.384375 0.01171875 0.01640625
0 0.415625 0.3859375 0.009375 0.0140625
0 0.47421875 0.3734375 0.02421875 0.021875
0 0.45546875 0.3796875 0.01015625 0.021875
0 0.3734375 0.36953125 0.01015625 0.0140625
0 0.3875 0.365625 0.01875 0.01640625
0 0.32890625 0.3890625 0.01484375 0.02109375
0 0.340625 0.390625 0.01171875 0.01640625
0 0.3578125 0.3890625 0.01875 0.02109375
0 0.425 0.390625 0.0140625 0.0265625
0 0.47265625 0.403125 0.02890625 0.04140625
0 0.38125 0.38671875 0.02421875 0.025
0 0.284375 0.3953125 0.04453125 0.05
0 0.44296875 0.36953125 0.01171875 0.0140625
2 0.1171875 0.32421875 0.0125 0.01640625
2 0.7234375 0.4046875 0.01171875 0.01796875
2 0.92578125 0.3453125 0.01015625 0.02109375
2 0.9375 0.3515625 0.009375 0.02109375
2 0.03828125 0.3453125 0.01640625 0.01640625
1 0.05625 0.396875 0.02734375 0.11796875