0 0.6625 0.4859375 0.03359375 0.046875
0 0.6390625 0.4828125 0.0234375 0.05390625
0 0.809375 0.4953125 0.07421875 0.06953125
0 0.56953125 0.478125 0.0296875 0.053125
0 0.540625 0.48984375 0.03046875 0.03046875
0 0.70546875 0.4984375 0.07109375 0.09140625
0 0.6 0.50234375 0.0703125 0.09453125
0 0.46328125 0.4875 0.03984375 0.04140625
1 0.4578125 0.48515625 0.015625 0.059375
1 0.409375 0.48046875 0.0125 0.05
1 0.403125 0.48828125 0.00703125 0.04453125
1 0.396875 0.48671875 0.00859375 0.046875
1 0.34375 0.48984375 0.02109375 0.10703125
1 0.3296875 0.49609375 0.0140625 0.07890625
1 0.31171875 0.49140625 0.01796875 0.0875
1 0.48828125 0.49140625 0.0125 0.0375
1 0.52109375 0.490625 0.00859375 0.05
1 0.7578125 0.490625 0.0140625 0.05390625
1 0.8640625 0.47265625 0.0109375 0.01953125
1 0.853125 0.47734375 0.00859375 0.021875
1 0.2515625 0.49296875 0.0234375 0.109375
1 0.0125 0.47734375 0.02265625 0.13203125
1 0.05078125 0.48984375 0.0765625 0.1625
2 0.56875 0.3875 0.00859375 0.034375
2 0.72734375 0.371875 0.00859375 0.03203125
2 0.75625 0.409375 0.00703125 0.028125
2 0.7375 0.365625 0.00859375 0.034375
3 0.50234375 0.384375 0.01015625 0.028125
3 0.503125 0.41875 0.0140625 0.01796875
3 0.50625 0.4296875 0.0171875 0.015625
3 0.4296875 0.37265625 0.0125 0.03046875
1 0.28125 0.5 0.0125 0.071875