2 0.6375 0.615625 0.009375 0.04296875
2 0.7015625 0.56328125 0.0078125 0.0375
2 0.7796875 0.509375 0.01015625 0.0390625
3 0.7796875 0.48125 0.0078125 0.0125
3 0.7078125 0.63515625 0.01875 0.02109375
3 0.690625 0.63203125 0.01171875 0.01796875
0 0.71875 0.6765625 0.0109375 0.02109375
0 0.7078125 0.684375 0.01796875 0.03046875
0 0.69375 0.68125 0.015625 0.028125
0 0.4765625 0.67734375 0.05234375 0.0484375
0 0.040625 0.6890625 0.0796875 0.134375
0 0.9265625 0.6796875 0.028125 0.0359375
0 0.95625 0.68046875 0.03125 0.05546875
0 0.9875 0.709375 0.0234375 0.0390625
0 0.9046875 0.7234375 0.04296875 0.09453125
0 0.796875 0.7 0.025 0.040625
0 0.66796875 0.7125 0.06171875 0.09453125
0 0.7484375 0.69296875 0.03125 0.04453125
0 0.84765625 0.7484375 0.12890625 0.16953125
3 0.83203125 0.64296875 0.0078125 0.01640625