3 0.65625 0.2484375 0.0765625 0.0265625
3 0.75703125 0.19609375 0.0375 0.0515625
3 0.775 0.3546875 0.02890625 0.02890625
3 0.753125 0.3546875 0.02265625 0.0609375
3 0.68125 0.40546875 0.0375 0.0984375
3 0.58125 0.30546875 0.01484375 0.04296875
3 0.5890625 0.33671875 0.01875 0.0109375
3 0.18125 0.42109375 0.00859375 0.0359375
2 0.57265625 0.259375 0.0140625 0.04296875
2 0.590625 0.39453125 0.0125 0.05546875
2 0.2015625 0.27890625 0.01484375 0.05390625
2 0.215625 0.27421875 0.01015625 0.05
2 0.5859375 0.25625 0.0078125 0.04453125
2 0.55703125 0.26171875 0.0140625 0.046875
0 0.2921875 0.4984375 0.03046875 0.0375
0 0.4296875 0.48359375 0.0765625 0.12109375
0 0.51484375 0.475 0.0640625 0.09140625
0 0.8421875 0.44609375 0.140625 0.1015625
0 0.24609375 0.48046875 0.071875 0.084375
0 0.04765625 0.55703125 0.0953125 0.1875
2 0.240625 0.428125 0.01015625 0.0109375
2 0.1890625 0.275 0.00859375 0.053125