2 0.47421875 0.4390625 0.0171875 0.0609375
2 0.4625 0.4953125 0.01171875 0.0234375
2 0.47734375 0.4953125 0.0109375 0.028125
2 0.7125 0.421875 0.0171875 0.065625
1 0.43125 0.5671875 0.015625 0.09453125
1 0.3984375 0.5828125 0.015625 0.0640625
1 0.7390625 0.55078125 0.01953125 0.09453125
1 0.46484375 0.5703125 0.01484375 0.075
0 0.8046875 0.54453125 0.0578125 0.046875
0 0.65625 0.54765625 0.06171875 0.0484375
0 0.58671875 0.553125 0.0546875 0.05546875
0 0.1203125 0.559375 0.025 0.02109375
0 0.184375 0.584375 0.06953125 0.0609375
3 0.175 0.5734375 0.015625 0.03046875
3 0.69609375 0.45859375 0.01875 0.0265625
0 0.0828125 0.578125 0.0765625 0.09140625
0 0.8921875 0.546875 0.1 0.09453125
0 0.025 0.57578125 0.040625 0.040625
0 0.9703125 0.553125 0.0578125 0.0890625