0 0.20859375 0.46015625 0.11015625 0.1625
0 0.21875 0.39921875 0.07890625 0.109375
0 0.271875 0.43359375 0.0359375 0.059375
0 0.2859375 0.40234375 0.0296875 0.0234375
0 0.46484375 0.4375 0.0328125 0.08046875
0 0.69765625 0.46015625 0.0390625 0.1234375
0 0.96640625 0.6 0.06328125 0.23359375
0 0.12890625 0.5328125 0.25625 0.459375
0 0.325 0.42421875 0.07421875 0.121875
0 0.4234375 0.4484375 0.09375 0.1734375
0 0.571875 0.465625 0.14296875 0.28359375
2 0.3484375 0.07109375 0.01328125 0.0734375
2 0.61484375 0.19296875 0.0109375 0.0515625
2 0.59609375 0.203125 0.01640625 0.05390625
3 0.6578125 0.3203125 0.01640625 0.01953125
3 0.64375 0.33515625 0.02265625 0.021875
3 0.6453125 0.2421875 0.02578125 0.0375
3 0.9234375 0.171875 0.025 0.034375
2 0.6359375 0.2890625 0.015625 0.04140625