2 0.546875 0.3734375 0.009375 0.025
2 0.4859375 0.38125 0.00703125 0.0234375
3 0.58671875 0.375 0.01328125 0.015625
3 0.5703125 0.390625 0.009375 0.02109375
0 0.53828125 0.42578125 0.02421875 0.0390625
0 0.5125 0.42265625 0.02265625 0.025
0 0.4859375 0.42265625 0.01796875 0.034375
0 0.4421875 0.43046875 0.02421875 0.03203125
0 0.328125 0.4609375 0.071875 0.0640625
0 0.234375 0.465625 0.08125 0.06796875
0 0.65234375 0.40703125 0.01953125 0.028125
0 0.6875 0.4046875 0.03203125 0.028125
0 0.7125 0.403125 0.02734375 0.028125
0 0.759375 0.4046875 0.05625 0.0484375
0 0.8046875 0.4015625 0.04453125 0.04296875
0 0.8609375 0.4046875 0.078125 0.04453125
0 0.94140625 0.396875 0.09375 0.08359375