2 0.340625 0.35078125 0.00859375 0.0359375
2 0.53125 0.36015625 0.00703125 0.028125
3 0.134375 0.40859375 0.0234375 0.05
3 0.1984375 0.4 0.02421875 0.0140625
3 0.5734375 0.434375 0.01171875 0.009375
3 0.734375 0.32890625 0.02265625 0.028125
3 0.57265625 0.41875 0.02421875 0.00859375
2 0.18359375 0.43828125 0.01484375 0.0234375
2 0.3328125 0.353125 0.0078125 0.03359375
2 0.52265625 0.3609375 0.00546875 0.02890625
2 0.428125 0.44296875 0.00546875 0.015625
2 0.490625 0.440625 0.00546875 0.0140625
3 0.303125 0.446875 0.01484375 0.0125
2 0.3953125 0.475 0.0078125 0.0140625
2 0.6390625 0.43125 0.0125 0.0234375
0 0.04140625 0.54765625 0.0828125 0.3265625
0 0.959375 0.66640625 0.0796875 0.2265625
0 0.1046875 0.525 0.06796875 0.05859375
0 0.1328125 0.52421875 0.05859375 0.05390625
0 0.44375 0.53515625 0.103125 0.14140625
0 0.6921875 0.5484375 0.146875 0.1515625
0 0.61953125 0.53125 0.06328125 0.109375
0 0.49453125 0.515625 0.02421875 0.06796875
0 0.3484375 0.51328125 0.0328125 0.0375
0 0.36875 0.5078125 0.01640625 0.034375
0 0.37890625 0.503125 0.0125 0.028125
0 0.55 0.49453125 0.01875 0.015625