3 0.453125 0.3078125 0.01484375 0.0234375
2 0.3765625 0.3125 0.00703125 0.01796875
2 0.44375 0.2875 0.00859375 0.028125
2 0.478125 0.303125 0.00546875 0.02109375
2 0.53125 0.290625 0.0046875 0.015625
2 0.5890625 0.296875 0.00390625 0.01796875
2 0.421875 0.33203125 0.00703125 0.0140625
2 0.4140625 0.32265625 0.00703125 0.0109375
0 0.515625 0.3703125 0.01015625 0.0265625
0 0.5765625 0.3703125 0.00703125 0.0265625
0 0.5890625 0.371875 0.02109375 0.03046875
0 0.62265625 0.378125 0.04453125 0.0625
0 0.546875 0.378125 0.0640625 0.1015625
0 0.421875 0.371875 0.028125 0.046875
0 0.38984375 0.38125 0.0375 0.053125
0 0.69140625 0.384375 0.0359375 0.05546875
0 0.72734375 0.384375 0.05703125 0.071875
0 0.32890625 0.38046875 0.0890625 0.11796875
0 0.2125 0.396875 0.1984375 0.18203125
0 0.85859375 0.43984375 0.27578125 0.27890625
1 0.03046875 0.40625 0.05859375 0.30546875
0 0.4390625 0.3765625 0.0421875 0.0484375