3 0.3375 0.171875 0.03828125 0.1125
3 0.44453125 0.19453125 0.09453125 0.11953125
3 0.5546875 0.2125 0.040625 0.10859375
3 0.24375 0.209375 0.03828125 0.015625
2 0.240625 0.3734375 0.00546875 0.021875
2 0.328125 0.4 0.00703125 0.02109375
0 0.409375 0.48984375 0.0296875 0.0390625
0 0.3078125 0.475 0.0265625 0.03359375
0 0.2515625 0.46640625 0.01953125 0.02109375
0 0.4609375 0.4875 0.0203125 0.0125
0 0.33984375 0.47421875 0.0203125 0.015625
0 0.39296875 0.48203125 0.01328125 0.01640625
3 0.42109375 0.29453125 0.00234375 0.00546875