0 0.0890625 0.396875 0.0265625 0.04296875
0 0.0390625 0.39921875 0.0546875 0.05390625
0 0.1125 0.403125 0.01484375 0.025
0 0.19296875 0.4234375 0.1171875 0.059375
0 0.50625 0.421875 0.109375 0.06796875
0 0.6296875 0.41171875 0.10703125 0.05390625
0 0.728125 0.42265625 0.06640625 0.05859375
0 0.8625 0.41640625 0.053125 0.05390625
0 0.9828125 0.42265625 0.03125 0.04140625
0 0.8046875 0.46796875 0.1453125 0.1484375
0 0.625 0.46796875 0.13359375 0.1109375
0 0.41875 0.41640625 0.06015625 0.05390625
0 0.3609375 0.528125 0.2578125 0.2640625
3 0.2703125 0.2546875 0.0484375 0.03046875
3 0.26796875 0.32578125 0.0671875 0.10703125
3 0.940625 0.246875 0.10546875 0.146875
3 0.3546875 0.1765625 0.0234375 0.0765625
2 0.015625 0.340625 0.01640625 0.025
2 0.06015625 0.315625 0.01171875 0.0125
0 0.5328125 0.50234375 0.00390625 0.00703125