3 0.3828125 0.43515625 0.009375 0.01796875
3 0.36171875 0.4390625 0.0265625 0.0140625
3 0.52421875 0.465625 0.01640625 0.040625
2 0.4390625 0.45625 0.00625 0.025
2 0.44453125 0.4578125 0.00625 0.02109375
2 0.39296875 0.43671875 0.009375 0.0265625
3 0.2921875 0.421875 0.009375 0.01796875
3 0.3265625 0.48046875 0.01328125 0.0140625
0 0.2671875 0.509375 0.015625 0.05
0 0.28515625 0.50703125 0.02265625 0.015625
0 0.29453125 0.51796875 0.0375 0.03203125
0 0.3828125 0.5296875 0.03046875 0.04296875
0 0.4375 0.496875 0.02578125 0.01953125
0 0.4046875 0.515625 0.0203125 0.0234375
0 0.5875 0.53359375 0.046875 0.0390625
0 0.54375 0.54453125 0.06796875 0.02890625
0 0.11875 0.5203125 0.053125 0.05546875
0 0.08203125 0.521875 0.06484375 0.05859375
0 0.03515625 0.521875 0.053125 0.0640625
1 0.31953125 0.52734375 0.00859375 0.05
1 0.546875 0.5484375 0.0125 0.0625
1 0.603125 0.54609375 0.01875 0.06953125
1 0.58671875 0.54140625 0.015625 0.0734375
0 0.8765625 0.621875 0.2453125 0.409375
3 0.484375 0.47890625 0.015625 0.015625
3 0.48984375 0.503125 0.0109375 0.01640625
0 0.446875 0.59140625 0.1328125 0.19296875
1 0.3328125 0.51875 0.01328125 0.04609375
1 0.590625 0.6421875 0.003125 0.00546875