2 0.5015625 0.3390625 0.009375 0.0265625
2 0.3875 0.34375 0.0078125 0.021875
0 0.4421875 0.4203125 0.03125 0.0390625
0 0.409375 0.409375 0.01875 0.03359375
0 0.39453125 0.41171875 0.02578125 0.03203125
0 0.3609375 0.4171875 0.03203125 0.034375
0 0.325 0.421875 0.02578125 0.053125
0 0.30390625 0.42734375 0.03515625 0.0625
0 0.2859375 0.43203125 0.02734375 0.05859375
0 0.24921875 0.43359375 0.065625 0.075
0 0.159375 0.43515625 0.11640625 0.12109375
0 0.05 0.459375 0.1 0.159375
0 0.503125 0.42109375 0.02734375 0.03359375
0 0.475 0.42578125 0.03828125 0.053125
1 0.6953125 0.44296875 0.01796875 0.08046875
1 0.67421875 0.44296875 0.01484375 0.075
1 0.6609375 0.43671875 0.01484375 0.06796875
1 0.64921875 0.4359375 0.01640625 0.07109375
1 0.6328125 0.434375 0.0109375 0.05859375
1 0.6234375 0.4359375 0.0125 0.04609375
1 0.615625 0.43828125 0.01484375 0.05546875
1 0.58203125 0.43359375 0.01328125 0.04609375