3 0.5046875 0.48359375 0.01171875 0.03203125
2 0.43671875 0.48203125 0.0078125 0.01640625
2 0.26171875 0.49140625 0.01171875 0.0140625
0 0.31171875 0.51875 0.01171875 0.01953125
0 0.303125 0.53828125 0.021875 0.0484375
0 0.2359375 0.528125 0.025 0.025
0 0.27734375 0.54765625 0.05390625 0.07109375
0 0.37890625 0.52734375 0.03671875 0.0625
0 0.35 0.53828125 0.04375 0.0765625
0 0.3984375 0.5484375 0.02578125 0.065625
0 0.5078125 0.53984375 0.0578125 0.040625
0 0.44296875 0.56484375 0.09921875 0.1375
0 0.784375 0.640625 0.43046875 0.49453125
0 0.08125 0.6109375 0.1625 0.4125