0 0.01015625 0.59296875 0.0203125 0.42109375
1 0.0546875 0.4421875 0.05703125 0.2140625
1 0.16015625 0.43046875 0.02890625 0.11796875
1 0.18515625 0.41640625 0.02578125 0.0890625
0 0.3703125 0.6515625 0.4109375 0.3859375
0 0.290625 0.446875 0.0265625 0.0265625
0 0.36484375 0.434375 0.11328125 0.06953125
0 0.575 0.54453125 0.2171875 0.33203125
1 0.746875 0.52109375 0.02109375 0.115625
0 0.89765625 0.615625 0.20078125 0.2265625
3 0.90625 0.2890625 0.03828125 0.09296875
3 0.91328125 0.36484375 0.0328125 0.034375
3 0.2625 0.2984375 0.0140625 0.0265625