3 0.83046875 0.43125 0.0265625 0.0375
3 0.75390625 0.40859375 0.0328125 0.040625
3 0.7234375 0.41015625 0.0265625 0.0390625
3 0.67734375 0.41328125 0.03984375 0.0375
3 0.6234375 0.41796875 0.01171875 0.03203125
3 0.58671875 0.4171875 0.03671875 0.034375
3 0.546875 0.3875 0.01796875 0.03203125
3 0.54921875 0.4171875 0.025 0.021875
3 0.546875 0.44453125 0.01953125 0.025
3 0.5109375 0.2640625 0.01796875 0.028125
3 0.5203125 0.3375 0.0140625 0.028125
3 0.271875 0.1796875 0.01640625 0.0265625
2 0.5109375 0.31640625 0.01640625 0.0765625
2 0.8453125 0.484375 0.00703125 0.0265625
2 0.7890625 0.4375 0.00625 0.025
2 0.7484375 0.44375 0.00703125 0.02890625
2 0.70625 0.4796875 0.00625 0.01953125
2 0.6859375 0.490625 0.00703125 0.01953125
2 0.271875 0.2328125 0.01953125 0.0734375
0 0.0609375 0.55 0.12109375 0.140625
0 0.63359375 0.49609375 0.04140625 0.02109375
0 0.53359375 0.525 0.034375 0.05390625
0 0.503125 0.53046875 0.03046875 0.0484375
0 0.475 0.5328125 0.0390625 0.05390625
0 0.44375 0.534375 0.03984375 0.06796875
0 0.3921875 0.534375 0.0703125 0.0734375
0 0.37578125 0.51796875 0.07734375 0.09296875
0 0.328125 0.53828125 0.0265625 0.07109375
0 0.7859375 0.496875 0.025 0.0390625
0 0.81328125 0.5046875 0.02734375 0.0390625
0 0.890625 0.50390625 0.06015625 0.0515625
0 0.96875 0.51171875 0.0578125 0.0390625
0 0.659375 0.509375 0.015625 0.01796875
0 0.678125 0.51171875 0.01484375 0.015625
0 0.74296875 0.50625 0.02265625 0.02109375
0 0.7515625 0.515625 0.02109375 0.01640625
0 0.76328125 0.540625 0.01484375 0.021875
0 0.7109375 0.5171875 0.01640625 0.02109375
0 0.6953125 0.52109375 0.01328125 0.01953125
0 0.72265625 0.525 0.01875 0.025
0 0.72890625 0.534375 0.01875 0.03203125
0 0.74375 0.5375 0.0265625 0.02109375
0 0.75 0.565625 0.025 0.03046875
0 0.734375 0.5640625 0.0125 0.034375
0 0.69765625 0.5390625 0.021875 0.02890625
0 0.66875 0.515625 0.02265625 0.021875
0 0.65078125 0.51796875 0.01484375 0.021875
0 0.66875 0.5375 0.01875 0.0234375
0 0.66875 0.5453125 0.01796875 0.021875
0 0.66953125 0.55546875 0.0171875 0.02109375
0 0.66015625 0.5609375 0.028125 0.0265625
0 0.23828125 0.6046875 0.2125 0.29609375
0 0.38125 0.52421875 0.03203125 0.075
0 0.38046875 0.55546875 0.0421875 0.05
0 0.7703125 0.5703125 0.03203125 0.02109375