0 0.08984375 0.49140625 0.1796875 0.375
0 0.190625 0.434375 0.10078125 0.15390625
0 0.3796875 0.48515625 0.30703125 0.4625
3 0.25 0.321875 0.02109375 0.03203125
3 0.22578125 0.2921875 0.0609375 0.01953125
3 0.3421875 0.23125 0.0125 0.021875
2 0.359375 0.221875 0.01328125 0.040625
2 0.51171875 0.20625 0.00859375 0.0359375
3 0.5890625 0.25078125 0.0125 0.02109375
3 0.83125 0.25390625 0.02578125 0.0234375
0 0.9828125 0.515625 0.0328125 0.18359375
3 0.58671875 0.32734375 0.0109375 0.0265625
3 0.8296875 0.334375 0.01796875 0.03046875
3 0.1359375 0.27421875 0.021875 0.0390625