0 0.1609375 0.62109375 0.07734375 0.07890625
0 0.1546875 0.578125 0.0203125 0.025
0 0.5015625 0.5515625 0.00859375 0.015625
0 0.48671875 0.5625 0.009375 0.01953125
0 0.4765625 0.56875 0.0140625 0.025
0 0.4515625 0.56875 0.0140625 0.025
0 0.44375 0.5703125 0.0171875 0.021875
0 0.4046875 0.58125 0.03828125 0.0484375
0 0.353125 0.59609375 0.053125 0.0625
0 0.2625 0.6140625 0.103125 0.109375
0 0.615625 0.55625 0.01484375 0.0359375
0 0.6234375 0.5578125 0.0125 0.0390625
0 0.63671875 0.5546875 0.028125 0.04453125
0 0.646875 0.575 0.0359375 0.0765625
0 0.6796875 0.58046875 0.0640625 0.09140625
0 0.0796875 0.63828125 0.103125 0.1
0 0.5671875 0.61328125 0.11171875 0.15703125
0 0.7734375 0.59765625 0.14375 0.15703125
0 0.9296875 0.63828125 0.1390625 0.3125
0 0.0140625 0.6578125 0.028125 0.09296875
2 0.55546875 0.490625 0.00625 0.015625
0 0.428125 0.57890625 0.0171875 0.0265625