2 0.0484375 0.321875 0.02734375 0.04140625
2 0.559375 0.0484375 0.01953125 0.0859375
2 0.5390625 0.05390625 0.01953125 0.07890625
2 0.5796875 0.05703125 0.015625 0.07890625
2 0.6796875 0.35390625 0.02109375 0.0375
2 0.0734375 0.3296875 0.01875 0.040625
3 0.6796875 0.2265625 0.03203125 0.0265625
3 0.6578125 0.13984375 0.01875 0.08203125
1 0.0875 0.41015625 0.02109375 0.07109375
1 0.059375 0.46953125 0.025 0.140625
1 0.1890625 0.42890625 0.01875 0.084375
0 0.4046875 0.43515625 0.01328125 0.01640625
0 0.3953125 0.4359375 0.01171875 0.01953125
0 0.38828125 0.43515625 0.01171875 0.0265625
0 0.38125 0.434375 0.01328125 0.0234375
0 0.3734375 0.434375 0.01484375 0.03359375
0 0.36328125 0.43671875 0.02109375 0.04140625
0 0.3515625 0.44140625 0.02265625 0.0375
0 0.328125 0.44140625 0.02265625 0.053125
0 0.321875 0.44765625 0.015625 0.05
0 0.3046875 0.4453125 0.03203125 0.06953125
0 0.27578125 0.44765625 0.04453125 0.075
0 0.4640625 0.4328125 0.0109375 0.02109375
0 0.471875 0.4359375 0.01171875 0.028125
0 0.47890625 0.44375 0.015625 0.03359375
0 0.4890625 0.44375 0.01484375 0.04140625
0 0.49921875 0.45390625 0.03046875 0.0484375
0 0.525 0.46953125 0.04765625 0.075
0 0.23359375 0.4625 0.08203125 0.084375
0 0.5609375 0.4859375 0.0765625 0.10390625
0 0.0109375 0.60625 0.02109375 0.21796875
0 0.44609375 0.4390625 0.01015625 0.0140625
0 0.3390625 0.44453125 0.01484375 0.040625