0 0.5640625 0.42265625 0.00859375 0.01640625
0 0.5390625 0.42265625 0.0125 0.0109375
0 0.553125 0.42734375 0.0203125 0.034375
0 0.3828125 0.42578125 0.05390625 0.06640625
0 0.5828125 0.428125 0.0125 0.025
0 0.59375 0.42890625 0.01640625 0.02890625
0 0.60234375 0.43359375 0.01796875 0.0359375
0 0.6234375 0.43671875 0.0390625 0.0484375
0 0.41875 0.4140625 0.0421875 0.05
0 0.23125 0.409375 0.08984375 0.090625
0 0.63515625 0.44375 0.040625 0.04453125
0 0.65703125 0.4453125 0.04453125 0.04453125
3 0.6796875 0.3703125 0.0125 0.02890625
3 0.665625 0.36015625 0.0109375 0.05390625
3 0.7984375 0.34453125 0.02109375 0.0234375
3 0.7859375 0.2765625 0.028125 0.078125
3 0.4875 0.31953125 0.021875 0.028125
2 0.934375 0.33828125 0.0140625 0.04296875
2 0.4265625 0.31953125 0.0140625 0.0625
3 0.42734375 0.278125 0.01171875 0.021875
1 0.91796875 0.4671875 0.01796875 0.04609375
0 0.26640625 0.415625 0.02421875 0.06640625
0 0.26484375 0.42890625 0.03046875 0.0609375
0 0.8625 0.41953125 0.153125 0.275
0 0.85625 0.534375 0.14296875 0.26796875
0 0.97578125 0.6140625 0.04609375 0.23203125
3 0.40625 0.4078125 0.01796875 0.03203125
3 0.6203125 0.3953125 0.0078125 0.01796875
2 0.20546875 0.18203125 0.0125 0.06953125