0 0.05859375 0.40625 0.1171875 0.15546875
0 0.31875 0.39140625 0.03828125 0.0484375
0 0.53125 0.44296875 0.109375 0.175
0 0.39375 0.4015625 0.040625 0.053125
0 0.434375 0.40078125 0.0234375 0.03203125
0 0.3609375 0.38984375 0.0203125 0.02890625
0 0.5046875 0.390625 0.0640625 0.090625
0 0.465625 0.40078125 0.01484375 0.0359375
0 0.4546875 0.4015625 0.01328125 0.02890625
0 0.2375 0.359375 0.0234375 0.01640625
0 0.290625 0.36796875 0.01796875 0.0140625
0 0.1734375 0.34453125 0.0296875 0.021875
0 0.1515625 0.34609375 0.0203125 0.0140625
0 0.06328125 0.31328125 0.01875 0.01640625
0 0.0796875 0.315625 0.01640625 0.01640625
3 0.590625 0.33125 0.03671875 0.0515625
3 0.35234375 0.34453125 0.021875 0.0234375
3 0.38984375 0.35390625 0.0125 0.01953125
3 0.90546875 0.3421875 0.05703125 0.0640625
3 0.25078125 0.31328125 0.03671875 0.04296875
0 0.01640625 0.3109375 0.02734375 0.02890625