1 0.0609375 0.6265625 0.02109375 0.0859375
1 0.03828125 0.65625 0.03203125 0.14140625
1 0.00625 0.6390625 0.0125 0.10390625
1 0.2625 0.634375 0.01875 0.06796875
1 0.30625 0.6390625 0.015625 0.078125
1 0.24375 0.634375 0.0171875 0.078125
1 0.47265625 0.625 0.00703125 0.028125
1 0.646875 0.59765625 0.01484375 0.0484375
1 0.6765625 0.60625 0.0171875 0.05546875
0 0.678125 0.68515625 0.11015625 0.1375
3 0.08828125 0.196875 0.04375 0.1875
3 0.40625 0.5640625 0.0125 0.01953125
3 0.40078125 0.59296875 0.00859375 0.01953125
3 0.503125 0.56171875 0.009375 0.028125
3 0.553125 0.5359375 0.0109375 0.04609375
2 0.440625 0.55078125 0.00703125 0.01796875
2 0.4890625 0.55390625 0.0046875 0.01640625
0 0.4828125 0.62109375 0.01484375 0.021875
0 0.465625 0.621875 0.0109375 0.01796875
0 0.43359375 0.63046875 0.02578125 0.0390625
0 0.4953125 0.625 0.015625 0.025
0 0.52421875 0.625 0.046875 0.0640625
0 0.534375 0.634375 0.04375 0.0734375
0 0.55859375 0.64375 0.04921875 0.09453125
0 0.3609375 0.63828125 0.02265625 0.05
0 0.3328125 0.6421875 0.0484375 0.05546875
0 0.4 0.634375 0.0515625 0.071875
0 0.11875 0.684375 0.1578125 0.1609375
0 0.6078125 0.65234375 0.09765625 0.1140625
3 0.5890625 0.4265625 0.03046875 0.11953125
0 0.56171875 0.5453125 0.009375 0.0390625
1 0.284375 0.615625 0.0125 0.01796875
1 0.27421875 0.6265625 0.00859375 0.04609375