0 0.03046875 0.5609375 0.05546875 0.0484375
0 0.075 0.553125 0.03046875 0.046875
0 0.25078125 0.5484375 0.03203125 0.046875
0 0.284375 0.540625 0.02734375 0.0484375
0 0.3140625 0.559375 0.065625 0.071875
0 0.36328125 0.55234375 0.0328125 0.04453125
0 0.43125 0.603125 0.1078125 0.171875
0 0.4890625 0.553125 0.0234375 0.046875
0 0.5234375 0.5640625 0.05390625 0.0734375
0 0.9453125 0.8296875 0.109375 0.3
0 0.496875 0.41953125 0.025 0.0234375
0 0.41796875 0.42109375 0.01875 0.01640625
0 0.4625 0.428125 0.01953125 0.01640625