3 0.290625 0.33828125 0.015625 0.0390625
3 0.621875 0.3546875 0.01796875 0.0375
3 0.66171875 0.31640625 0.0171875 0.02109375
3 0.671875 0.3375 0.034375 0.0125
3 0.6703125 0.3671875 0.04609375 0.0625
3 0.9078125 0.35078125 0.109375 0.14609375
0 0.509375 0.421875 0.0078125 0.01640625
0 0.5 0.42578125 0.0109375 0.01796875
0 0.465625 0.43203125 0.01484375 0.0125
0 0.4140625 0.43828125 0.0203125 0.02109375
0 0.3734375 0.43671875 0.034375 0.03359375
0 0.525 0.421875 0.0078125 0.01640625
0 0.5328125 0.4421875 0.0140625 0.01953125
0 0.5640625 0.4421875 0.02421875 0.03203125