0 0.5515625 0.4234375 0.0359375 0.05
0 0.4390625 0.41015625 0.02734375 0.0375
0 0.2359375 0.43828125 0.06171875 0.034375
0 0.51953125 0.4140625 0.0328125 0.03046875
2 0.4984375 0.3859375 0.0078125 0.01640625
0 0.4015625 0.4 0.01875 0.028125
0 0.42421875 0.39140625 0.02109375 0.0234375
2 0.42109375 0.36484375 0.01171875 0.015625
2 0.471875 0.3703125 0.009375 0.021875
0 0.3796875 0.421875 0.0359375 0.04296875
0 0.32578125 0.440625 0.046875 0.06953125
3 0.4046875 0.365625 0.01328125 0.0140625
3 0.48359375 0.36484375 0.01171875 0.0125