3 0.06953125 0.275 0.04609375 0.0265625
3 0.59453125 0.34609375 0.0234375 0.01953125
3 0.65625 0.315625 0.01328125 0.02109375
3 0.6578125 0.3484375 0.0078125 0.0484375
3 0.540625 0.37734375 0.0171875 0.0125
3 0.49375 0.3578125 0.009375 0.0265625
3 0.1953125 0.359375 0.01953125 0.00859375
2 0.2828125 0.11640625 0.04453125 0.02890625
2 0.475 0.134375 0.040625 0.025
2 0.2046875 0.29375 0.009375 0.040625
2 0.6984375 0.121875 0.01953125 0.07890625
2 0.553125 0.39765625 0.01328125 0.01953125
0 0.2609375 0.465625 0.125 0.159375
0 0.4625 0.48046875 0.09140625 0.1265625
0 0.8984375 0.47578125 0.140625 0.06796875
0 0.85 0.47265625 0.05625 0.0484375
0 0.9703125 0.46953125 0.02265625 0.04453125
0 0.025 0.4546875 0.05 0.0640625
0 0.14140625 0.45234375 0.11328125 0.065625
0 0.1296875 0.42109375 0.0484375 0.0375
0 0.31875 0.45546875 0.0171875 0.05859375
0 0.334375 0.45546875 0.0265625 0.034375
0 0.33125 0.4359375 0.01953125 0.01953125
0 0.3484375 0.446875 0.01640625 0.04140625
0 0.3640625 0.4453125 0.015625 0.0375
0 0.3765625 0.4453125 0.015625 0.0234375
0 0.3921875 0.446875 0.02421875 0.028125