2 0.2890625 0.2609375 0.015625 0.05859375
2 0.5046875 0.2890625 0.015625 0.04609375
2 0.52109375 0.2984375 0.0203125 0.03359375
3 0.153125 0.39375 0.02578125 0.028125
3 0.109375 0.4375 0.0171875 0.0390625
3 0.87109375 0.42265625 0.015625 0.028125
3 0.00546875 0.4203125 0.0109375 0.05390625
0 0.153125 0.4984375 0.02734375 0.0359375
0 0.1421875 0.49765625 0.0328125 0.0390625
0 0.13125 0.4984375 0.04609375 0.0359375
0 0.08046875 0.50390625 0.0734375 0.0515625
0 0.028125 0.5078125 0.0375 0.03359375
0 0.765625 0.46171875 0.02265625 0.03046875
0 0.7796875 0.46796875 0.02734375 0.0390625
0 0.784375 0.471875 0.01171875 0.040625
0 0.7953125 0.46796875 0.01875 0.04296875
0 0.80859375 0.465625 0.034375 0.0390625
0 0.825 0.46796875 0.03046875 0.03359375
0 0.8484375 0.4640625 0.0328125 0.04609375
0 0.890625 0.4640625 0.0671875 0.04609375
0 0.9578125 0.46640625 0.0203125 0.025
3 0.6859375 0.31875 0.015625 0.075
0 0.1484375 0.66796875 0.296875 0.3484375
3 0.021875 0.40390625 0.04375 0.0734375
3 0.9796875 0.365625 0.0375 0.0765625