2 0.6640625 0.71484375 0.0078125 0.01953125
2 0.653125 0.715625 0.0078125 0.01953125
3 0.6296875 0.71171875 0.0078125 0.01796875
3 0.75234375 0.70625 0.01015625 0.01953125
3 0.60859375 0.61328125 0.0109375 0.0140625
3 0.534375 0.546875 0.01640625 0.0484375
3 0.609375 0.628125 0.01484375 0.009375
3 0.609375 0.64453125 0.01484375 0.01953125
3 0.60859375 0.65859375 0.0109375 0.0109375
0 0.69375 0.746875 0.01640625 0.01953125
0 0.7140625 0.74296875 0.02734375 0.04140625
0 0.72734375 0.75 0.02734375 0.0265625
0 0.66953125 0.7453125 0.01484375 0.01640625
0 0.6609375 0.7484375 0.0125 0.0140625
0 0.65 0.7453125 0.01328125 0.01640625
0 0.6796875 0.7515625 0.01640625 0.01953125
0 0.759375 0.753125 0.04375 0.0484375
0 0.3578125 0.71875 0.03984375 0.0265625
0 0.475 0.7390625 0.0421875 0.0234375
3 0.90859375 0.56328125 0.02578125 0.021875
3 0.8890625 0.584375 0.02734375 0.0140625
3 0.89375 0.6015625 0.02421875 0.01640625
0 0.8328125 0.75625 0.10625 0.1265625
0 0.9203125 0.753125 0.04921875 0.1015625