3 0.23515625 0.33125 0.11328125 0.16953125
3 0.1328125 0.46875 0.0203125 0.03203125
3 0.115625 0.48046875 0.01875 0.01640625
3 0.04375 0.3640625 0.0109375 0.021875
3 0.0046875 0.41015625 0.009375 0.0265625
3 0.3765625 0.45 0.01484375 0.0234375
0 0.70546875 0.4984375 0.02421875 0.05859375
0 0.75625 0.509375 0.10546875 0.12890625
0 0.82578125 0.54921875 0.1203125 0.16953125
0 0.5640625 0.465625 0.06953125 0.04609375
0 0.5015625 0.5015625 0.06015625 0.04296875
0 0.45625 0.50703125 0.0234375 0.0359375
0 0.440625 0.503125 0.01640625 0.053125
0 0.4046875 0.509375 0.07265625 0.109375
0 0.353125 0.50625 0.03671875 0.03359375
0 0.26796875 0.509375 0.0421875 0.04140625
0 0.1703125 0.51171875 0.0453125 0.0515625
0 0.06171875 0.5359375 0.05625 0.10390625
0 0.0390625 0.55703125 0.07734375 0.13046875
0 0.56875 0.5328125 0.08984375 0.12109375
1 0.6265625 0.51484375 0.0125 0.090625
1 0.6921875 0.51484375 0.01796875 0.1140625
1 0.653125 0.503125 0.01328125 0.0484375
2 0.03125 0.3625 0.0109375 0.04296875
2 0.128125 0.440625 0.01484375 0.02890625
2 0.128125 0.471875 0.0109375 0.01953125
2 0.115625 0.44140625 0.0109375 0.0359375