3 0.83671875 0.1578125 0.096875 0.221875
3 0.425 0.425 0.01953125 0.0390625
3 0.171875 0.43125 0.01171875 0.028125
3 0.04140625 0.34375 0.00859375 0.015625
3 0.0328125 0.3578125 0.02265625 0.015625
3 0.003125 0.415625 0.00546875 0.0375
0 0.2765625 0.4796875 0.0109375 0.02109375
0 0.3078125 0.484375 0.01484375 0.021875
0 0.3390625 0.496875 0.05 0.05859375
0 0.390625 0.53515625 0.10234375 0.14296875
0 0.2875 0.48515625 0.0203125 0.034375
0 0.2609375 0.48359375 0.0125 0.02109375
0 0.246875 0.47578125 0.01328125 0.015625
0 0.2359375 0.478125 0.015625 0.01953125
0 0.234375 0.48984375 0.0125 0.02890625
0 0.2234375 0.48515625 0.01171875 0.03046875
0 0.2171875 0.4875 0.01328125 0.02890625
0 0.2 0.484375 0.02265625 0.0359375
0 0.18125 0.4828125 0.0171875 0.05703125
0 0.15546875 0.48125 0.04375 0.06640625
0 0.0875 0.49921875 0.11875 0.12109375
0 0.0328125 0.4890625 0.065625 0.1