3 0.70390625 0.22109375 0.046875 0.078125
3 0.6375 0.290625 0.015625 0.021875
3 0.83671875 0.346875 0.01640625 0.0359375
0 0.725 0.4828125 0.09140625 0.21953125
0 0.91640625 0.45546875 0.1421875 0.096875
2 0.325 0.11875 0.01328125 0.05
2 0.81796875 0.12890625 0.01953125 0.084375
2 0.84453125 0.06875 0.02421875 0.07109375
2 0.78671875 0.31484375 0.009375 0.03359375
2 0.8125 0.3015625 0.01640625 0.0484375
0 0.196875 0.41328125 0.25078125 0.2609375
0 0.32890625 0.3578125 0.04609375 0.05390625
0 0.4609375 0.47265625 0.246875 0.375
0 0.596875 0.403125 0.02734375 0.05
0 0.5765625 0.390625 0.01953125 0.03359375
1 0.253125 0.28828125 0.015625 0.028125