3 0.06015625 0.471875 0.0234375 0.03359375
3 0.67890625 0.42734375 0.0265625 0.028125
3 0.921875 0.4578125 0.01171875 0.01796875
3 0.09375 0.4703125 0.01171875 0.0109375
0 0.1375 0.50390625 0.02890625 0.028125
0 0.1625 0.5078125 0.0421875 0.03046875
0 0.196875 0.50390625 0.03125 0.0375
0 0.21875 0.509375 0.06171875 0.040625
0 0.25625 0.4921875 0.03125 0.0234375
0 0.2734375 0.49921875 0.03046875 0.028125
0 0.29375 0.50234375 0.034375 0.0234375
0 0.3234375 0.50078125 0.04296875 0.03046875
0 0.37109375 0.4984375 0.06015625 0.034375
0 0.4140625 0.4890625 0.0328125 0.025
0 0.43125 0.49609375 0.0234375 0.01640625
0 0.49375 0.47265625 0.1046875 0.0859375
0 0.55703125 0.478125 0.0234375 0.01796875
0 0.5625 0.49375 0.0328125 0.02109375
0 0.59296875 0.4796875 0.025 0.025
0 0.615625 0.4796875 0.02109375 0.02109375
0 0.621875 0.484375 0.0234375 0.025
0 0.6375 0.48046875 0.0328125 0.028125
0 0.6625 0.478125 0.05 0.046875
0 0.6765625 0.4703125 0.059375 0.05390625
0 0.675 0.44609375 0.05 0.0375
0 0.884375 0.47734375 0.04609375 0.03046875
0 0.93359375 0.48203125 0.01015625 0.01640625
0 0.915625 0.48359375 0.02109375 0.01796875
0 0.834375 0.48046875 0.02734375 0.0140625
0 0.7609375 0.471875 0.0234375 0.03359375
0 0.71953125 0.475 0.065625 0.04453125
0 0.78671875 0.471875 0.0265625 0.03359375
0 0.01171875 0.5078125 0.0234375 0.03046875