3 0.4671875 0.2921875 0.00859375 0.015625
3 0.4796875 0.33125 0.009375 0.015625
3 0.359375 0.346875 0.00859375 0.0140625
2 0.384375 0.325 0.0046875 0.0140625
0 0.39453125 0.353125 0.00703125 0.015625
0 0.38671875 0.35390625 0.00859375 0.0140625
0 0.3828125 0.359375 0.01015625 0.01640625
0 0.378125 0.365625 0.01171875 0.01796875
0 0.3703125 0.3734375 0.0125 0.021875
0 0.35625 0.37421875 0.01796875 0.03046875
0 0.3484375 0.37734375 0.00859375 0.02890625
0 0.3359375 0.3765625 0.021875 0.0375
0 0.321875 0.38203125 0.01875 0.04296875
0 0.3046875 0.38046875 0.02265625 0.05546875
0 0.2859375 0.3859375 0.034375 0.05859375
0 0.27109375 0.39609375 0.0296875 0.05546875
0 0.25 0.403125 0.03671875 0.06640625
0 0.203125 0.3984375 0.0734375 0.0984375
0 0.140625 0.42578125 0.08359375 0.10859375
0 0.415625 0.35 0.00546875 0.015625
0 0.4203125 0.353125 0.009375 0.015625
0 0.42265625 0.365625 0.01171875 0.01796875
0 0.42734375 0.3734375 0.009375 0.021875
0 0.4390625 0.3703125 0.01328125 0.05
0 0.446875 0.371875 0.015625 0.04609375
0 0.45234375 0.375 0.01875 0.05
0 0.4671875 0.3796875 0.02109375 0.0515625
0 0.6921875 0.378125 0.12265625 0.115625
0 0.4078125 0.359375 0.00859375 0.015625
0 0.3953125 0.371875 0.01171875 0.01796875
0 0.49453125 0.3828125 0.05390625 0.08203125
0 0.059375 0.440625 0.11875 0.15703125
1 0.53125 0.3734375 0.00859375 0.0625