3 0.9046875 0.47890625 0.0171875 0.05859375
0 0.4484375 0.4578125 0.00703125 0.0140625
0 0.4453125 0.46953125 0.00859375 0.0140625
0 0.43984375 0.48203125 0.00859375 0.009375
0 0.440625 0.4890625 0.01171875 0.00703125
0 0.4375 0.51875 0.015625 0.01953125
0 0.4234375 0.51875 0.00859375 0.0265625
0 0.4125 0.52109375 0.01875 0.02890625
0 0.4046875 0.52734375 0.015625 0.028125
0 0.38671875 0.53046875 0.02734375 0.0375
0 0.3421875 0.54296875 0.03046875 0.02890625
0 0.3203125 0.553125 0.0265625 0.03046875
0 0.309375 0.5796875 0.04453125 0.07890625
0 0.4828125 0.47421875 0.009375 0.0125
0 0.484375 0.4828125 0.0109375 0.00859375
0 0.48671875 0.4921875 0.0125 0.0140625
0 0.48828125 0.50703125 0.01328125 0.015625
0 0.4984375 0.521875 0.02265625 0.0265625
0 0.5203125 0.53984375 0.02890625 0.046875
0 0.5453125 0.56328125 0.05625 0.0765625
0 0.45625 0.47265625 0.00859375 0.0140625
0 0.46875 0.478125 0.009375 0.01640625
0 0.4703125 0.50078125 0.0125 0.01640625
0 0.36640625 0.590625 0.0734375 0.09296875
0 0.25 0.590625 0.096875 0.12109375
0 0.58671875 0.60390625 0.0734375 0.09140625
0 0.95625 0.615625 0.0859375 0.1609375
0 0.50859375 0.534375 0.0125 0.0375