2 0.490625 0.2875 0.00546875 0.034375
2 0.5953125 0.228125 0.02265625 0.09453125
2 0.2078125 0.2828125 0.009375 0.02109375
2 0.21875 0.275 0.0109375 0.03359375
2 0.1859375 0.21953125 0.015625 0.040625
2 0.78984375 0.334375 0.0078125 0.02109375
3 0.615625 0.2875 0.01953125 0.034375
0 0.37578125 0.33125 0.0234375 0.0234375
0 0.41015625 0.33359375 0.015625 0.01953125
0 0.4375 0.33828125 0.015625 0.01953125
0 0.54921875 0.3796875 0.059375 0.07890625
0 0.4796875 0.409375 0.12578125 0.165625
0 0.23203125 0.4015625 0.2296875 0.22109375
0 0.0328125 0.5015625 0.065625 0.3375
1 0.85859375 0.3578125 0.0234375 0.0640625
1 0.834375 0.3640625 0.0234375 0.07890625
0 0.8328125 0.428125 0.09375 0.1109375
0 0.8609375 0.43203125 0.0921875 0.12109375
0 0.678125 0.4171875 0.06484375 0.1875
3 0.61875 0.1609375 0.025 0.028125
3 0.61875 0.20078125 0.02734375 0.0375
3 0.61953125 0.24453125 0.02421875 0.04453125
0 0.940625 0.38828125 0.11015625 0.11796875