3 0.78671875 0.1828125 0.02734375 0.04296875
3 0.7828125 0.271875 0.03984375 0.0234375
3 0.78359375 0.3453125 0.0234375 0.0140625
3 0.5484375 0.403125 0.01484375 0.02109375
3 0.5359375 0.41171875 0.00859375 0.015625
2 0.43125 0.4 0.00703125 0.01640625
2 0.4890625 0.40859375 0.00390625 0.015625
3 0.353125 0.38359375 0.0078125 0.04140625
3 0.375 0.37421875 0.0078125 0.02109375
3 0.3953125 0.40859375 0.00703125 0.015625
0 0.475 0.4625 0.0125 0.02109375
0 0.490625 0.46484375 0.0125 0.03046875
0 0.49765625 0.4625 0.00703125 0.03046875
0 0.50390625 0.46015625 0.01328125 0.05390625
0 0.5296875 0.46171875 0.040625 0.06796875
0 0.4484375 0.45859375 0.0421875 0.0359375
0 0.47578125 0.46171875 0.01171875 0.0265625
0 0.4296875 0.446875 0.0109375 0.0234375
0 0.4234375 0.45703125 0.0078125 0.0265625
0 0.409375 0.4640625 0.0328125 0.05
0 0.4484375 0.478125 0.04375 0.0640625
0 0.5859375 0.49375 0.07109375 0.1765625
0 0.328125 0.49921875 0.0671875 0.2109375
0 0.88359375 0.534375 0.23046875 0.603125
1 0.3640625 0.46015625 0.009375 0.040625
1 0.3734375 0.459375 0.0078125 0.04453125
1 0.12265625 0.59453125 0.16640625 0.5140625