2 0.32109375 0.19375 0.01484375 0.0484375
2 0.4421875 0.26640625 0.01171875 0.04140625
2 0.94609375 0.3140625 0.02421875 0.0484375
2 0.62109375 0.159375 0.02109375 0.0625
2 0.75625 0.09765625 0.01953125 0.0890625
2 0.91328125 0.32109375 0.0328125 0.05546875
3 0.1375 0.3765625 0.0125 0.03046875
2 0.128125 0.4265625 0.009375 0.0140625
2 0.140625 0.4265625 0.01171875 0.0140625
0 0.56796875 0.5640625 0.85703125 0.578125
0 0.0671875 0.5078125 0.134375 0.18359375
0 0.19921875 0.46015625 0.05 0.04296875
0 0.2296875 0.4515625 0.0234375 0.040625
0 0.25 0.446875 0.01640625 0.03046875
0 0.2640625 0.43984375 0.0171875 0.040625