0 0.36328125 0.440625 0.01015625 0.021875
0 0.353125 0.4390625 0.0171875 0.0359375
0 0.33671875 0.446875 0.02265625 0.05
0 0.21875 0.45234375 0.0296875 0.04453125
0 0.20625 0.45859375 0.02578125 0.04609375
0 0.06328125 0.46953125 0.0875 0.07890625
0 0.1734375 0.459375 0.0578125 0.05859375
0 0.253125 0.4546875 0.0453125 0.071875
0 0.428125 0.44453125 0.01640625 0.02890625
0 0.471875 0.43515625 0.04609375 0.0765625
0 0.64765625 0.48359375 0.05390625 0.10546875
0 0.80546875 0.41875 0.2828125 0.33046875
0 0.0171875 0.471875 0.0328125 0.125
0 0.3015625 0.45 0.06953125 0.0984375
0 0.396875 0.453125 0.0578125 0.0984375
0 0.46015625 0.45859375 0.05234375 0.0640625
3 0.48515625 0.32890625 0.0328125 0.0125
3 0.1390625 0.31796875 0.04375 0.0265625
3 0.6375 0.33671875 0.025 0.01640625
3 0.634375 0.3203125 0.025 0.02109375
3 0.540625 0.3703125 0.0171875 0.01640625
3 0.1140625 0.365625 0.01875 0.01796875
2 0.103125 0.39765625 0.01640625 0.02890625
2 0.54921875 0.390625 0.015625 0.01796875
2 0.65 0.3671875 0.021875 0.025
2 0.175 0.30546875 0.009375 0.040625
2 0.1640625 0.30234375 0.01171875 0.04453125
2 0.403125 0.396875 0.00859375 0.02109375
0 0.434375 0.3265625 0.00625 0.0234375
0 0.9765625 0.45078125 0.040625 0.08359375
0 0.946875 0.45234375 0.02578125 0.08046875
0 0.96875 0.5171875 0.0609375 0.1234375