3 0.08671875 0.35234375 0.0265625 0.01796875
3 0.0796875 0.321875 0.015625 0.05
3 0.5828125 0.3984375 0.02109375 0.015625
3 0.59609375 0.36328125 0.01640625 0.015625
1 0.57109375 0.50546875 0.0125 0.028125
1 0.55 0.48828125 0.01015625 0.053125
3 0.58125 0.51328125 0.00625 0.021875
0 0.48125 0.41640625 0.040625 0.1484375
0 0.90234375 0.51953125 0.15078125 0.121875
0 0.93984375 0.540625 0.11796875 0.10546875
0 0.1296875 0.49296875 0.05390625 0.08359375
1 0.0765625 0.503125 0.0203125 0.1234375
0 0.05625 0.49609375 0.1125 0.1515625
2 0.065625 0.390625 0.01953125 0.02890625
2 0.2734375 0.309375 0.0078125 0.034375
2 0.284375 0.315625 0.00625 0.021875
2 0.56875 0.43046875 0.009375 0.0140625
2 0.59609375 0.4234375 0.01953125 0.028125
3 0.3 0.4046875 0.01640625 0.0125
3 0.2921875 0.37890625 0.0109375 0.009375
0 0.3484375 0.64765625 0.38828125 0.48046875
0 0.953125 0.74140625 0.08984375 0.265625
0 0.671875 0.5453125 0.1828125 0.203125
2 0.55390625 0.34921875 0.00390625 0.0265625
2 0.5625 0.378125 0.00703125 0.028125
2 0.57265625 0.315625 0.00859375 0.0375
1 0.5203125 0.47421875 0.00546875 0.028125
1 0.534375 0.47109375 0.00703125 0.02109375