0 0.0375 0.61484375 0.075 0.071875
0 0.11640625 0.61640625 0.0703125 0.05546875
0 0.2 0.6234375 0.05859375 0.053125
0 0.2765625 0.62265625 0.03125 0.03359375
0 0.34375 0.62109375 0.01796875 0.0390625
0 0.49765625 0.646875 0.0140625 0.0125
0 0.5296875 0.64453125 0.02265625 0.0390625
0 0.5375 0.65546875 0.021875 0.03203125
0 0.55859375 0.66328125 0.021875 0.03359375
0 0.58359375 0.671875 0.040625 0.04296875
0 0.63671875 0.6765625 0.06328125 0.06796875
0 0.403125 0.70703125 0.1734375 0.22890625
0 0.92265625 0.81171875 0.15078125 0.271875
0 0.74296875 0.7984375 0.2953125 0.30390625
3 0.2546875 0.446875 0.01796875 0.040625
3 0.1828125 0.5609375 0.0109375 0.02890625
3 0.315625 0.56015625 0.021875 0.015625
3 0.278125 0.57265625 0.01328125 0.00703125
3 0.3515625 0.5515625 0.01796875 0.03203125
3 0.3859375 0.55625 0.0140625 0.040625
3 0.5375 0.603125 0.01171875 0.0125
3 0.5234375 0.61328125 0.0109375 0.0109375
3 0.7234375 0.553125 0.02734375 0.01953125
3 0.50234375 0.61953125 0.009375 0.0109375
2 0.421875 0.5921875 0.00703125 0.01953125
2 0.4078125 0.578125 0.009375 0.02109375
2 0.490625 0.58671875 0.01171875 0.01640625
2 0.50625 0.596875 0.009375 0.0125
2 0.6765625 0.48671875 0.01171875 0.04296875
2 0.353125 0.5234375 0.015625 0.025
2 0.3 0.5984375 0.01171875 0.015625
2 0.69609375 0.48515625 0.01171875 0.05546875
1 0.43515625 0.015625 0.0515625 0.03125