0 0.0546875 0.403125 0.01796875 0.0234375
0 0.0203125 0.4140625 0.03671875 0.0609375
0 0.0421875 0.40703125 0.0140625 0.02109375
0 0.10234375 0.39765625 0.0140625 0.02109375
0 0.13125 0.40546875 0.01875 0.0234375
2 0.10625 0.3421875 0.0140625 0.01953125
2 0.1359375 0.346875 0.01171875 0.01953125
2 0.15546875 0.346875 0.01328125 0.02109375
2 0.17578125 0.37890625 0.01328125 0.0125
2 0.2609375 0.38046875 0.00859375 0.01953125
0 0.2171875 0.40625 0.02265625 0.025
0 0.23984375 0.4234375 0.03125 0.0390625
0 0.2921875 0.425 0.034375 0.0375
3 0.309375 0.36640625 0.01953125 0.0109375
3 0.3078125 0.37421875 0.009375 0.01796875