0 0.2046875 0.35625 0.0609375 0.06953125
0 0.51328125 0.31640625 0.01640625 0.02890625
0 0.5 0.328125 0.02734375 0.04140625
0 0.4578125 0.3296875 0.02421875 0.04296875
0 0.42421875 0.35234375 0.07109375 0.0984375
0 0.66171875 0.32109375 0.01328125 0.03359375
0 0.615625 0.32265625 0.0265625 0.0375
0 0.6765625 0.32578125 0.025 0.0375
0 0.5578125 0.3765625 0.115625 0.171875
0 0.81171875 0.4921875 0.375 0.4875
2 0.534375 0.20703125 0.00703125 0.03046875
2 0.49375 0.23125 0.00703125 0.0265625
2 0.4421875 0.284375 0.00546875 0.021875
3 0.22890625 0.04921875 0.0890625 0.09609375
3 0.0890625 0.05 0.178125 0.096875
2 0.61640625 0.2578125 0.00625 0.03046875
2 0.64921875 0.25546875 0.00625 0.034375
0 0.4125 0.48359375 0.00546875 0.0140625