3 0.33359375 0.159375 0.05078125 0.06796875
3 0.32265625 0.2265625 0.075 0.053125
3 0.334375 0.28359375 0.0484375 0.078125
3 0.5765625 0.409375 0.0125 0.00859375
0 0.6015625 0.44921875 0.05390625 0.084375
0 0.4265625 0.4390625 0.015625 0.0234375
0 0.390625 0.446875 0.03359375 0.03359375
0 0.303125 0.446875 0.0234375 0.03046875
0 0.25703125 0.45859375 0.0640625 0.05390625
0 0.215625 0.4453125 0.0578125 0.0625
0 0.0875 0.4734375 0.06875 0.08046875
0 0.521875 0.4796875 0.10078125 0.15
0 0.77109375 0.4796875 0.0453125 0.09296875
0 0.84453125 0.4890625 0.12890625 0.1234375
0 0.6875 0.44296875 0.12734375 0.2109375
3 0.415625 0.190625 0.00390625 0.00390625