0 0.34296875 0.4203125 0.015625 0.03046875
0 0.31953125 0.42734375 0.0234375 0.0359375
0 0.2921875 0.42734375 0.0296875 0.040625
0 0.26484375 0.434375 0.04296875 0.05546875
0 0.403125 0.42109375 0.0140625 0.021875
0 0.41875 0.42421875 0.0203125 0.0390625
0 0.4453125 0.42109375 0.03125 0.071875
0 0.465625 0.4234375 0.040625 0.08359375
0 0.496875 0.43984375 0.05546875 0.115625
0 0.203125 0.44140625 0.0765625 0.090625
0 0.371875 0.4125 0.0125 0.01796875
0 0.38359375 0.42421875 0.01328125 0.021875
0 0.5578125 0.45546875 0.11015625 0.13359375
3 0.5765625 0.2859375 0.025 0.06796875
0 0.07734375 0.46796875 0.15390625 0.24453125
2 0.85 0.20546875 0.04609375 0.075