3 0.70625 0.18125 0.02578125 0.04296875
3 0.7046875 0.23125 0.0203125 0.0484375
3 0.45625 0.33359375 0.01171875 0.02109375
0 0.42421875 0.3734375 0.0109375 0.021875
0 0.4328125 0.37890625 0.0109375 0.0265625
0 0.43984375 0.378125 0.00859375 0.028125
0 0.45234375 0.3859375 0.0125 0.0359375
0 0.4796875 0.3890625 0.040625 0.05859375
0 0.54453125 0.39921875 0.0875 0.125
0 0.63046875 0.4359375 0.1484375 0.16796875
0 0.4 0.38359375 0.046875 0.065625
0 0.340625 0.37734375 0.01640625 0.021875
0 0.303125 0.378125 0.02734375 0.04140625
0 0.2953125 0.37890625 0.0234375 0.04296875
0 0.28125 0.38515625 0.0265625 0.0484375
0 0.2625 0.38984375 0.03671875 0.05390625
0 0.2359375 0.39765625 0.040625 0.0609375
0 0.203125 0.4140625 0.046875 0.07109375
0 0.140625 0.4203125 0.09765625 0.1109375