2 0.1609375 0.4046875 0.015625 0.046875
2 0.4578125 0.4359375 0.0171875 0.05
2 0.44375 0.434375 0.0125 0.04609375
2 0.1734375 0.40625 0.0140625 0.04453125
3 0.684375 0.4 0.04375 0.11640625
3 0.5328125 0.4171875 0.07265625 0.028125
2 0.65703125 0.540625 0.0171875 0.034375
2 0.67734375 0.540625 0.015625 0.03046875
0 0.2921875 0.66484375 0.01015625 0.01953125
0 0.278125 0.665625 0.0203125 0.03203125
0 0.4515625 0.6546875 0.028125 0.040625
0 0.36875 0.665625 0.14296875 0.234375
1 0.7515625 0.61328125 0.05078125 0.10703125
1 0.809375 0.6265625 0.03203125 0.09453125
1 0.025 0.64296875 0.02734375 0.134375
1 0.171875 0.64765625 0.0234375 0.090625
1 0.50859375 0.6453125 0.0125 0.046875
2 0.65234375 0.609375 0.0125 0.01796875
0 0.671875 0.6296875 0.075 0.06640625
1 0.8703125 0.6171875 0.05 0.14453125