0 0.246875 0.3875 0.01875 0.01796875
0 0.2296875 0.390625 0.0203125 0.03359375
0 0.2109375 0.396875 0.03046875 0.04609375
0 0.18671875 0.41484375 0.0328125 0.08203125
0 0.11875 0.390625 0.1078125 0.165625
0 0.2859375 0.390625 0.0109375 0.015625
0 0.296875 0.3953125 0.01015625 0.021875
0 0.309375 0.40234375 0.02109375 0.03359375
0 0.3234375 0.41640625 0.01953125 0.0390625
0 0.340625 0.41875 0.0203125 0.05
0 0.3625 0.4296875 0.0375 0.078125
0 0.4375 0.440625 0.13125 0.17109375
0 0.053125 0.41484375 0.1046875 0.2609375
0 0.26796875 0.3875 0.01015625 0.01796875
0 0.8765625 0.58671875 0.24140625 0.20546875