0 0.0140625 0.446875 0.02734375 0.05
0 0.0046875 0.48671875 0.00703125 0.06796875
1 0.046875 0.5234375 0.08359375 0.4765625
1 0.1046875 0.53671875 0.06015625 0.35546875
1 0.1453125 0.4859375 0.03359375 0.2859375
1 0.190625 0.4984375 0.05234375 0.31953125
3 0.31328125 0.4109375 0.01171875 0.025
3 0.5390625 0.403125 0.0234375 0.0359375
3 0.53984375 0.4359375 0.01171875 0.02890625
3 0.32890625 0.43515625 0.00859375 0.015625
0 0.5671875 0.4875 0.12109375 0.115625
0 0.7015625 0.515625 0.34140625 0.25390625
0 0.79609375 0.628125 0.40390625 0.59609375
3 0.11953125 0.0859375 0.03828125 0.1515625
3 0.09921875 0.23125 0.046875 0.1109375