2 0.49296875 0.1140625 0.0203125 0.10390625
2 0.68125 0.371875 0.0109375 0.0125
2 0.5125 0.1234375 0.02109375 0.078125
3 0.65390625 0.359375 0.0125 0.03203125
3 0.6640625 0.3328125 0.03359375 0.02109375
0 0.375 0.48828125 0.04453125 0.05390625
0 0.3390625 0.4546875 0.01171875 0.01640625
0 0.15234375 0.48125 0.0640625 0.06953125
0 0.296875 0.47265625 0.071875 0.090625
0 0.225 0.471875 0.08515625 0.1140625
0 0.32265625 0.50546875 0.08671875 0.084375
0 0.065625 0.48046875 0.12890625 0.134375
0 0.421875 0.475 0.0265625 0.021875
0 0.45 0.47109375 0.02109375 0.01640625