2 0.0171875 0.30234375 0.0140625 0.06953125
2 0.315625 0.3140625 0.0078125 0.04140625
2 0.1671875 0.315625 0.00703125 0.03203125
2 0.2015625 0.23515625 0.01328125 0.0390625
2 0.1578125 0.2921875 0.00859375 0.04140625
3 0.45 0.32265625 0.0078125 0.028125
1 0.3546875 0.328125 0.0109375 0.03203125
0 0.33828125 0.35078125 0.02421875 0.0234375
0 0.3125 0.35078125 0.02578125 0.0234375
0 0.278125 0.35390625 0.03984375 0.01953125
0 0.240625 0.359375 0.02890625 0.03359375
0 0.2140625 0.3453125 0.0203125 0.009375
0 0.20625 0.36484375 0.04140625 0.034375
0 0.1734375 0.346875 0.01953125 0.009375
0 0.184375 0.3609375 0.01875 0.02890625
0 0.1546875 0.36328125 0.04140625 0.021875
0 0.059375 0.365625 0.03515625 0.03203125
0 0.0859375 0.365625 0.04453125 0.0265625
0 0.11875 0.3625 0.03671875 0.0234375
0 0.1546875 0.36328125 0.0421875 0.025
0 0.25 0.44921875 0.06796875 0.12890625
0 0.13046875 0.54765625 0.2609375 0.35
0 0.47109375 0.478125 0.20078125 0.290625