0 0.046875 0.44140625 0.0734375 0.0609375
0 0.29921875 0.4578125 0.02578125 0.053125
0 0.32109375 0.44765625 0.01796875 0.04296875
0 0.4 0.44453125 0.0109375 0.021875
0 0.45703125 0.46875 0.0078125 0.0359375
0 0.1 0.503125 0.18828125 0.16953125
0 0.5640625 0.51640625 0.14609375 0.2109375
0 0.79296875 0.54609375 0.2265625 0.22109375
0 0.3640625 0.48046875 0.07109375 0.11796875
0 0.48125 0.465625 0.03125 0.0515625
3 0.2046875 0.2515625 0.08359375 0.11640625
3 0.2296875 0.18671875 0.0421875 0.0125
3 0.12109375 0.2421875 0.0765625 0.09453125
3 0.03828125 0.228125 0.075 0.0609375
3 0.340625 0.2078125 0.0125 0.01953125
3 0.38671875 0.2171875 0.03984375 0.02890625
3 0.371875 0.26484375 0.075 0.084375
3 0.490625 0.22890625 0.03671875 0.01953125
3 0.46796875 0.278125 0.07890625 0.090625
0 0.1859375 0.4453125 0.0234375 0.0234375
0 0.165625 0.44296875 0.01640625 0.01953125
0 0.2265625 0.446875 0.02421875 0.0125
0 0.2796875 0.46875 0.0515625 0.07109375
0 0.4265625 0.4734375 0.0640625 0.084375