2 0.59140625 0.3328125 0.00390625 0.028125
2 0.33125 0.34765625 0.00390625 0.021875
2 0.3390625 0.34765625 0.00546875 0.021875
2 0.41015625 0.3640625 0.00546875 0.025
2 0.4015625 0.3625 0.00546875 0.021875
2 0.59921875 0.334375 0.00546875 0.028125
3 0.66640625 0.30625 0.0140625 0.01640625
3 0.67421875 0.3265625 0.02734375 0.01796875
3 0.8125 0.34140625 0.02734375 0.01640625
3 0.64375 0.3921875 0.01171875 0.034375
3 0.665625 0.43984375 0.01171875 0.009375
3 0.66875 0.409375 0.01171875 0.009375
3 0.6421875 0.434375 0.01015625 0.025
0 0.09921875 0.4296875 0.02734375 0.02109375
0 0.178125 0.43984375 0.03515625 0.040625
0 0.2203125 0.4484375 0.03828125 0.0375
0 0.25546875 0.4484375 0.0359375 0.03359375
0 0.42734375 0.440625 0.03125 0.028125
0 0.4625 0.47265625 0.0484375 0.09609375
0 0.58125 0.48125 0.03984375 0.06796875
0 0.515625 0.49765625 0.1125 0.146875
0 0.86484375 0.54609375 0.26953125 0.20703125
0 0.8921875 0.69375 0.2140625 0.3515625
0 0.653125 0.56953125 0.2234375 0.21640625
0 0.375 0.575 0.2046875 0.2859375
3 0.7875 0.35078125 0.0125 0.015625