0 0.3640625 0.43671875 0.0203125 0.0390625
0 0.29921875 0.44921875 0.028125 0.05
0 0.2828125 0.4578125 0.034375 0.04453125
0 0.25234375 0.46171875 0.0359375 0.05546875
0 0.2296875 0.4640625 0.03203125 0.06640625
0 0.1828125 0.4703125 0.075 0.096875
0 0.1171875 0.48359375 0.1 0.12109375
0 0.08359375 0.521875 0.028125 0.0734375
0 0.5171875 0.459375 0.0296875 0.0765625
0 0.53671875 0.471875 0.04453125 0.0875
0 0.5640625 0.4875 0.0703125 0.09609375
0 0.60625 0.5125 0.10078125 0.1234375
0 0.0390625 0.5109375 0.078125 0.15859375
0 0.334375 0.45546875 0.0609375 0.08046875
2 0.7890625 0.34140625 0.03203125 0.053125
0 0.66796875 0.56484375 0.003125 0.00859375