0 0.02578125 0.7046875 0.0515625 0.29609375
0 0.3828125 0.65234375 0.18828125 0.246875
0 0.2015625 0.60703125 0.15546875 0.16796875
0 0.8625 0.584375 0.12578125 0.07109375
0 0.5953125 0.5890625 0.06171875 0.05859375
0 0.12578125 0.5796875 0.05078125 0.0515625
0 0.0546875 0.57890625 0.0671875 0.05859375
0 0.1109375 0.57265625 0.03828125 0.0515625
0 0.08359375 0.56640625 0.02578125 0.01953125
0 0.0171875 0.56484375 0.03359375 0.02890625
0 0.3 0.56796875 0.01640625 0.01640625
0 0.2765625 0.56640625 0.0125 0.01953125
2 0.259375 0.43515625 0.00703125 0.0390625
2 0.403125 0.4234375 0.00703125 0.046875
2 0.396875 0.4203125 0.0078125 0.03203125
2 0.40859375 0.42109375 0.00703125 0.02890625