0 0.4703125 0.3296875 0.01328125 0.03203125
0 0.4984375 0.34921875 0.0234375 0.03203125
0 0.509375 0.396875 0.0234375 0.03359375
0 0.4671875 0.39921875 0.02578125 0.03359375
0 0.5125 0.421875 0.02890625 0.04140625
0 0.53203125 0.425 0.0328125 0.04140625
0 0.5296875 0.478125 0.040625 0.065625
0 0.58828125 0.47890625 0.12265625 0.175
0 0.46328125 0.4546875 0.04765625 0.078125
0 0.89140625 0.66171875 0.2171875 0.4390625
3 0.6625 0.31640625 0.0234375 0.03359375
3 0.5375 0.35390625 0.021875 0.01640625
3 0.21640625 0.31875 0.0296875 0.0375
3 0.171875 0.27421875 0.02734375 0.05546875
3 0.04375 0.31171875 0.01640625 0.0484375
3 0.28828125 0.3234375 0.0171875 0.04140625
3 0.2328125 0.28515625 0.0234375 0.01953125
3 0.14765625 0.32734375 0.02578125 0.0375
3 0.146875 0.35859375 0.021875 0.0234375