3 0.78828125 0.3671875 0.03828125 0.028125
3 0.79296875 0.2203125 0.03203125 0.04140625
3 0.7421875 0.24375 0.0359375 0.04296875
3 0.60625 0.390625 0.01640625 0.0265625
3 0.5265625 0.4140625 0.00859375 0.0140625
3 0.05625 0.28203125 0.0390625 0.021875
3 0.8046875 0.315625 0.02734375 0.0359375
2 0.2953125 0.2328125 0.01875 0.06953125
2 0.675 0.1828125 0.0171875 0.06796875
2 0.6515625 0.184375 0.01875 0.06796875
2 0.421875 0.4125 0.009375 0.028125
2 0.49921875 0.4125 0.0078125 0.0140625
2 0.44296875 0.43984375 0.00703125 0.015625
2 0.4515625 0.43984375 0.0078125 0.015625
2 0.4953125 0.434375 0.00859375 0.009375
2 0.8046875 0.409375 0.015625 0.03359375
2 0.78046875 0.41015625 0.0125 0.0234375
0 0.47734375 0.471875 0.03046875 0.034375
0 0.4984375 0.47578125 0.01328125 0.040625
0 0.534375 0.478125 0.0125 0.034375
0 0.5484375 0.47890625 0.0171875 0.040625
0 0.5625 0.484375 0.03125 0.04296875
0 0.58125 0.49296875 0.01640625 0.0359375
0 0.353125 0.46875 0.03125 0.040625
0 0.3109375 0.478125 0.07109375 0.0890625
0 0.60546875 0.48984375 0.0640625 0.084375
0 0.4078125 0.56875 0.16640625 0.24296875
0 0.9234375 0.546875 0.1515625 0.2375
1 0.80390625 0.51328125 0.03515625 0.13203125
1 0.653125 0.4828125 0.009375 0.04296875
1 0.6671875 0.48125 0.009375 0.05
1 0.72421875 0.4875 0.01171875 0.05390625
1 0.8859375 0.48046875 0.028125 0.0609375
1 0.71015625 0.48515625 0.0109375 0.0625
1 0.7 0.48515625 0.0078125 0.0484375
1 0.6890625 0.4875 0.0125 0.05
1 0.678125 0.4890625 0.009375 0.0515625
2 0.7484375 0.4484375 0.009375 0.0234375
2 0.05078125 0.340625 0.01328125 0.021875
0 0.51640625 0.48203125 0.0328125 0.04453125
1 0.771875 0.478125 0.01875 0.103125