3 0.47890625 0.33046875 0.01171875 0.00703125
3 0.48671875 0.34765625 0.0078125 0.0234375
3 0.45859375 0.36015625 0.009375 0.0109375
3 0.325 0.35546875 0.009375 0.00859375
0 0.3921875 0.3890625 0.00859375 0.01640625
0 0.384375 0.39453125 0.009375 0.01953125
0 0.3765625 0.396875 0.0109375 0.0234375
0 0.32578125 0.4140625 0.034375 0.0484375
0 0.3140625 0.42109375 0.03515625 0.04453125
0 0.4234375 0.39453125 0.00625 0.0234375
0 0.43125 0.39453125 0.01640625 0.03203125
0 0.4390625 0.40234375 0.02265625 0.034375
0 0.44375 0.4125 0.0171875 0.04140625
0 0.4609375 0.41796875 0.0359375 0.07109375
0 0.47578125 0.43984375 0.04453125 0.0875
0 0.515625 0.45234375 0.08046875 0.13046875
0 0.603125 0.3890625 0.02265625 0.0265625
0 0.55703125 0.49375 0.103125 0.1984375
0 0.78359375 0.56171875 0.4328125 0.496875
0 0.88984375 0.8296875 0.2203125 0.3375
0 0.2046875 0.49765625 0.3921875 0.27109375
0 0.36484375 0.40078125 0.02265625 0.034375
0 0.40625 0.4 0.01640625 0.028125