3 0.471875 0.35546875 0.01796875 0.02890625
3 0.6296875 0.36171875 0.0109375 0.0234375
3 0.6453125 0.3515625 0.01875 0.028125
3 0.68203125 0.3296875 0.01015625 0.015625
3 0.5203125 0.37421875 0.00859375 0.0125
0 0.5609375 0.39296875 0.0078125 0.009375
0 0.5515625 0.3953125 0.00625 0.0140625
0 0.54375 0.39921875 0.01171875 0.02109375
0 0.5328125 0.403125 0.01484375 0.028125
0 0.515625 0.403125 0.0234375 0.04453125
0 0.5046875 0.421875 0.01796875 0.05390625
0 0.4765625 0.4171875 0.0578125 0.08046875
0 0.4453125 0.43671875 0.053125 0.09453125
0 0.4171875 0.4421875 0.065625 0.14140625
0 0.375 0.46875 0.10703125 0.1765625
0 0.19609375 0.49609375 0.3921875 0.55546875
0 0.56875 0.390625 0.01328125 0.0265625
0 0.58125 0.39609375 0.01796875 0.040625
0 0.59453125 0.40234375 0.01796875 0.0484375
0 0.60859375 0.40546875 0.02265625 0.059375
0 0.86171875 0.46328125 0.275 0.2859375
0 0.9484375 0.58046875 0.09765625 0.28046875
0 0.6390625 0.421875 0.046875 0.065625