0 0.5609375 0.375 0.02890625 0.034375
0 0.5359375 0.37421875 0.0171875 0.025
0 0.459375 0.38671875 0.04921875 0.05859375
0 0.390625 0.384375 0.0421875 0.05
0 0.2890625 0.39453125 0.0671875 0.08359375
0 0.209375 0.41015625 0.09765625 0.096875
0 0.65 0.384375 0.03046875 0.05859375
0 0.6734375 0.3953125 0.05 0.06953125
0 0.7046875 0.40078125 0.0578125 0.0859375
0 0.7796875 0.39765625 0.12578125 0.14140625
2 0.7234375 0.325 0.0078125 0.02109375
3 0.67578125 0.31875 0.0125 0.02890625
3 0.88671875 0.2625 0.02265625 0.0484375