2 0.2703125 0.44609375 0.00390625 0.01640625
2 0.2734375 0.44609375 0.0046875 0.01640625
2 0.946875 0.19375 0.06171875 0.10390625
2 0.8765625 0.23984375 0.02109375 0.040625
3 0.8796875 0.18671875 0.0328125 0.0859375
2 0.89765625 0.05078125 0.0390625 0.1015625
2 0.390625 0.4484375 0.0046875 0.009375
0 0.44140625 0.490625 0.00703125 0.0125
0 0.465625 0.49296875 0.0109375 0.021875
0 0.471875 0.490625 0.00546875 0.01796875
0 0.4796875 0.49375 0.0140625 0.03046875
0 0.43515625 0.5 0.01484375 0.03046875
0 0.39375 0.503125 0.02265625 0.02890625
0 0.4203125 0.5015625 0.02421875 0.0359375
0 0.453125 0.503125 0.02734375 0.0375
0 0.4984375 0.49765625 0.03359375 0.053125
3 0.528125 0.484375 0.0046875 0.01796875
3 0.2546875 0.44609375 0.0140625 0.00703125
1 0.5859375 0.49765625 0.00703125 0.028125
1 0.5796875 0.49375 0.0078125 0.034375
1 0.57265625 0.49453125 0.00703125 0.03359375
1 0.5671875 0.4921875 0.00625 0.0359375
1 0.56328125 0.49296875 0.00703125 0.034375
1 0.54140625 0.496875 0.009375 0.05546875
0 0.565625 0.4921875 0.02578125 0.0265625
1 0.6765625 0.48671875 0.0171875 0.084375
1 0.6921875 0.51640625 0.02890625 0.13203125
1 0.71015625 0.5015625 0.0171875 0.06796875
1 0.7484375 0.4609375 0.034375 0.0765625
1 0.7703125 0.553125 0.03125 0.17109375
1 0.80625 0.49609375 0.02421875 0.159375
1 0.82421875 0.49140625 0.03046875 0.1140625
1 0.66171875 0.4921875 0.02109375 0.0890625
1 0.79296875 0.521875 0.04140625 0.24140625
1 0.90078125 0.51953125 0.0578125 0.19140625
1 0.621875 0.49375 0.01328125 0.040625
3 0.390625 0.42578125 0.00625 0.0359375
3 0.425 0.45859375 0.0046875 0.01796875
0 0.02109375 0.59296875 0.0421875 0.15859375
3 0.0109375 0.4484375 0.021875 0.07890625