2 0.2875 0.3 0.0171875 0.0375
2 0.465625 0.28046875 0.009375 0.02109375
2 0.390625 0.32109375 0.0109375 0.0265625
2 0.41171875 0.3109375 0.00546875 0.01953125
3 0.2953125 0.33203125 0.01796875 0.01953125
3 0.40390625 0.3296875 0.02109375 0.0265625
3 0.4265625 0.3453125 0.0125 0.0265625
3 0.50078125 0.27109375 0.02734375 0.01640625
3 0.5796875 0.1609375 0.0125 0.0484375
3 0.58125 0.2109375 0.0234375 0.046875
3 0.58125 0.24296875 0.015625 0.025
3 0.61640625 0.31875 0.0140625 0.0265625
3 0.59375 0.278125 0.0140625 0.01640625
3 0.8046875 0.18203125 0.02421875 0.03359375
2 0.475 0.32734375 0.009375 0.015625
2 0.490625 0.328125 0.00703125 0.02109375
0 0.4703125 0.35234375 0.01171875 0.025
0 0.459375 0.35625 0.01171875 0.02109375
0 0.44921875 0.35703125 0.00859375 0.01953125
0 0.4375 0.3578125 0.0109375 0.01640625
0 0.4078125 0.3953125 0.02421875 0.0625
0 0.3890625 0.384375 0.009375 0.0265625
0 0.378125 0.38984375 0.01484375 0.028125
0 0.484375 0.3546875 0.0109375 0.01953125
0 0.58125 0.40234375 0.07578125 0.075
0 0.0828125 0.4296875 0.16484375 0.203125
0 0.36328125 0.40546875 0.0171875 0.053125
0 0.340625 0.3828125 0.021875 0.028125
0 0.45703125 0.4546875 0.1234375 0.18359375
0 0.1765625 0.49765625 0.2765625 0.2734375
0 0.74375 0.47265625 0.28359375 0.3390625
0 0.36875 0.43125 0.02890625 0.04609375
0 0.459375 0.3375 0.0125 0.025
3 0.0125 0.27421875 0.025 0.05
3 0.390625 0.34296875 0.009375 0.01640625
0 0.8859375 0.35234375 0.04375 0.05
3 0.8953125 0.2828125 0.01171875 0.009375