0 0.234375 0.48984375 0.0203125 0.03203125
0 0.2515625 0.484375 0.009375 0.02109375
0 0.271875 0.465625 0.01640625 0.015625
0 0.284375 0.4625 0.01328125 0.01640625
0 0.340625 0.528125 0.0890625 0.1109375
0 0.40625 0.49375 0.04140625 0.0625
0 0.43046875 0.48828125 0.0203125 0.0359375
0 0.44375 0.48515625 0.015625 0.028125
0 0.4546875 0.48046875 0.01640625 0.01953125
0 0.48125 0.4734375 0.015625 0.0125
0 0.49453125 0.47421875 0.01640625 0.01953125
0 0.509375 0.4796875 0.01171875 0.0125
0 0.5203125 0.48828125 0.02734375 0.046875
0 0.5359375 0.49140625 0.01796875 0.0359375
0 0.5703125 0.4875 0.01171875 0.0234375
0 0.590625 0.49453125 0.0359375 0.059375
0 0.48515625 0.5265625 0.065625 0.10390625
0 0.553125 0.50625 0.04296875 0.0640625
0 0.66015625 0.50625 0.0390625 0.04453125
0 0.784375 0.52734375 0.08828125 0.08046875
0 0.9203125 0.69921875 0.15703125 0.40390625
3 0.61328125 0.4578125 0.0484375 0.02890625
3 0.7234375 0.45390625 0.04140625 0.0265625
3 0.09375 0.3953125 0.01796875 0.02109375
3 0.134375 0.37265625 0.01640625 0.015625