0 0.55625 0.4734375 0.0234375 0.03203125
0 0.578125 0.47578125 0.02734375 0.04609375
0 0.61015625 0.4734375 0.03515625 0.065625
0 0.68125 0.50703125 0.03984375 0.065625
0 0.746875 0.51328125 0.08515625 0.10546875
3 0.4828125 0.38828125 0.0140625 0.0265625
0 0.45 0.47109375 0.0203125 0.0265625
0 0.4015625 0.46875 0.04765625 0.0515625
3 0.471875 0.4234375 0.0109375 0.01953125
2 0.46171875 0.4015625 0.01484375 0.02890625
2 0.41953125 0.40390625 0.01484375 0.02890625
0 0.88125 0.5390625 0.190625 0.14296875