3 0.2078125 0.32265625 0.0125 0.0125
3 0.19609375 0.340625 0.0375 0.03046875
3 0.2640625 0.36875 0.009375 0.0125
3 0.365625 0.34609375 0.0109375 0.01640625
3 0.5265625 0.321875 0.01875 0.05859375
3 0.4984375 0.34375 0.00703125 0.0125
3 0.45859375 0.346875 0.01484375 0.0125
3 0.4640625 0.359375 0.009375 0.015625
3 0.4171875 0.34296875 0.00703125 0.01640625
2 0.3984375 0.3296875 0.00546875 0.0125
2 0.3796875 0.3296875 0.0078125 0.015625
0 0.10625 0.3921875 0.03125 0.02109375
0 0.1484375 0.40078125 0.02265625 0.01640625
0 0.190625 0.390625 0.04453125 0.0734375
0 0.3859375 0.36640625 0.01953125 0.0109375
0 0.415625 0.36796875 0.01328125 0.0109375
0 0.44140625 0.37265625 0.01640625 0.02109375
0 0.46796875 0.38046875 0.02578125 0.0359375
0 0.4296875 0.4 0.03359375 0.04453125
0 0.4875 0.36640625 0.0203125 0.0125