0 0.1296875 0.5703125 0.259375 0.2875
1 0.9203125 0.3796875 0.03828125 0.171875
1 0.803125 0.41796875 0.04765625 0.1875
1 0.98359375 0.390625 0.03046875 0.2
1 0.7421875 0.4140625 0.02578125 0.1125
1 0.8296875 0.39921875 0.02421875 0.15859375
1 0.7609375 0.40078125 0.01875 0.109375
1 0.7796875 0.396875 0.0171875 0.1265625
1 0.72109375 0.415625 0.021875 0.11640625
1 0.70625 0.4265625 0.02421875 0.09609375
1 0.696875 0.4234375 0.01640625 0.10546875
1 0.5703125 0.42578125 0.0078125 0.046875
1 0.578125 0.42421875 0.01015625 0.05
1 0.66875 0.3984375 0.01171875 0.0640625
1 0.6765625 0.40703125 0.01171875 0.05546875
1 0.6171875 0.42578125 0.01171875 0.06796875
1 0.6265625 0.4140625 0.01171875 0.07109375
1 0.63515625 0.415625 0.01171875 0.06640625
1 0.6453125 0.4109375 0.009375 0.071875
0 0.4671875 0.5 0.12890625 0.19453125
0 0.3046875 0.48671875 0.12890625 0.16640625
0 0.2421875 0.453125 0.04453125 0.08359375
0 0.378125 0.46171875 0.04453125 0.07890625
0 0.51953125 0.44296875 0.04765625 0.0875
0 0.403125 0.43828125 0.02890625 0.04296875
2 0.4328125 0.3140625 0.0046875 0.02890625
2 0.46640625 0.3828125 0.00703125 0.025
2 0.2859375 0.3390625 0.0078125 0.02890625
2 0.059375 0.35703125 0.0125 0.04296875
3 0.5109375 0.321875 0.0171875 0.01953125
3 0.58515625 0.3328125 0.0234375 0.0140625
3 0.546875 0.33671875 0.0140625 0.00859375
3 0.05 0.296875 0.0078125 0.02890625