2 0.371875 0.15859375 0.01328125 0.05546875
2 0.3578125 0.16328125 0.01328125 0.05546875
2 0.7140625 0.19921875 0.01171875 0.04453125
2 0.70078125 0.1984375 0.009375 0.0359375
2 0.834375 0.31328125 0.0125 0.021875
3 0.815625 0.27890625 0.0234375 0.015625
3 0.8265625 0.25234375 0.01796875 0.0109375
3 0.98125 0.17734375 0.025 0.028125
3 0.9921875 0.203125 0.01328125 0.028125
3 0.11171875 0.25625 0.02421875 0.015625
3 0.1375 0.30546875 0.0359375 0.0234375
2 0.10625 0.33515625 0.0328125 0.0359375
3 0.0453125 0.31796875 0.025 0.0640625
3 0.35 0.3140625 0.02421875 0.0140625
2 0.34296875 0.346875 0.0125 0.01953125
0 0.47421875 0.39921875 0.01796875 0.04140625
0 0.459375 0.4078125 0.02578125 0.04609375
0 0.43046875 0.4125 0.04140625 0.05546875
0 0.090625 0.509375 0.18046875 0.165625
0 0.1921875 0.48984375 0.06171875 0.084375
0 0.67265625 0.37109375 0.03359375 0.053125
0 0.69375 0.409375 0.0515625 0.07890625
0 0.7578125 0.42890625 0.1171875 0.15703125
0 0.9546875 0.43515625 0.0890625 0.225
0 0.60234375 0.46796875 0.16796875 0.278125
1 0.8359375 0.371875 0.01171875 0.0625
1 0.825 0.37578125 0.01171875 0.078125
1 0.95234375 0.359375 0.02109375 0.046875
0 0.3953125 0.43203125 0.03828125 0.053125
1 0.3328125 0.42265625 0.0171875 0.07109375