0 0.38125 0.56171875 0.02265625 0.040625
0 0.36953125 0.5734375 0.025 0.040625
1 0.35390625 0.565625 0.009375 0.0484375
0 0.334375 0.58359375 0.0296875 0.0625
0 0.303125 0.58671875 0.046875 0.078125
0 0.2921875 0.54765625 0.02734375 0.0125
0 0.278125 0.6015625 0.04453125 0.08203125
0 0.21796875 0.60546875 0.090625 0.128125
1 0.0703125 0.55703125 0.0125 0.0375
1 0.03125 0.56875 0.03203125 0.0984375
0 0.1078125 0.6546875 0.16796875 0.171875
0 0.015625 0.696875 0.03125 0.1609375
0 0.42734375 0.515625 0.028125 0.015625
0 0.5140625 0.56015625 0.0421875 0.05
0 0.52265625 0.58046875 0.02890625 0.0625
0 0.5390625 0.5890625 0.03828125 0.06953125
0 0.5671875 0.5953125 0.0625 0.0890625
0 0.5890625 0.6265625 0.0859375 0.13359375
0 0.7375 0.65703125 0.2671875 0.321875
0 0.86875 0.78984375 0.259375 0.41796875
3 0.3328125 0.465625 0.0109375 0.009375
3 0.5328125 0.48515625 0.009375 0.00703125
0 0.44453125 0.6203125 0.125 0.19453125