0 0.0359375 0.365625 0.0453125 0.025
0 0.1734375 0.32265625 0.021875 0.0359375
0 0.13984375 0.32578125 0.02890625 0.04296875
0 0.1296875 0.33125 0.02421875 0.04453125
0 0.26953125 0.29296875 0.03203125 0.040625
0 0.396875 0.28359375 0.0921875 0.153125
0 0.2046875 0.27109375 0.03671875 0.03359375
2 0.01875 0.31328125 0.0140625 0.0125
2 0.1015625 0.26328125 0.01328125 0.015625
2 0.25546875 0.209375 0.00625 0.02109375
2 0.25 0.20703125 0.00703125 0.02109375
3 0.2796875 0.19765625 0.02421875 0.01640625
3 0.046875 0.303125 0.01328125 0.0109375
3 0.2890625 0.23203125 0.01328125 0.02109375
3 0.3265625 0.17578125 0.01328125 0.03203125
1 0.0234375 0.3578125 0.01328125 0.046875
0 0.09140625 0.34140625 0.0703125 0.1
0 0.31015625 0.28125 0.05625 0.06796875
0 0.2171875 0.33125 0.0859375 0.12109375
0 0.496875 0.29296875 0.19375 0.20390625
0 0.00625 0.40078125 0.00859375 0.07109375