2 0.40078125 0.478125 0.00546875 0.021875
2 0.47578125 0.47734375 0.00546875 0.02109375
0 0.434375 0.5234375 0.01328125 0.0140625
0 0.41875 0.52265625 0.01171875 0.0265625
0 0.3953125 0.52265625 0.01953125 0.02890625
0 0.378125 0.52265625 0.0171875 0.0265625
0 0.365625 0.52421875 0.02109375 0.03359375
0 0.35234375 0.5265625 0.01484375 0.02890625
0 0.3453125 0.53125 0.01640625 0.02890625
0 0.3359375 0.5328125 0.01328125 0.03046875
0 0.32734375 0.5328125 0.01171875 0.0234375
0 0.31875 0.5359375 0.01953125 0.03046875
0 0.3 0.5359375 0.02734375 0.04140625
0 0.27578125 0.546875 0.0328125 0.04453125
0 0.23046875 0.5546875 0.03515625 0.0515625
0 0.4953125 0.52421875 0.0265625 0.040625
0 0.5109375 0.54296875 0.0171875 0.034375
0 0.59296875 0.56953125 0.0671875 0.10859375
0 0.6453125 0.57890625 0.11953125 0.159375
0 0.453125 0.5328125 0.02109375 0.02109375
0 0.7765625 0.64609375 0.271875 0.25859375
0 0.01328125 0.58828125 0.0265625 0.10703125
0 0.0671875 0.565625 0.10625 0.115625
0 0.14375 0.56328125 0.06875 0.09140625
0 0.1921875 0.55859375 0.05078125 0.065625