0 0.4109375 0.38671875 0.01015625 0.0359375
0 0.40234375 0.390625 0.01484375 0.04453125
0 0.3953125 0.39453125 0.01484375 0.04609375
0 0.3734375 0.40078125 0.0421875 0.06640625
0 0.36953125 0.40703125 0.03359375 0.07109375
0 0.325 0.41953125 0.078125 0.125
0 0.2671875 0.45234375 0.121875 0.146875
0 0.4671875 0.3859375 0.00703125 0.0125
0 0.475 0.3859375 0.009375 0.01796875
0 0.4859375 0.3875 0.01484375 0.025
0 0.540625 0.4109375 0.03828125 0.0609375
0 0.559375 0.41953125 0.03984375 0.0625
0 0.5890625 0.43125 0.05 0.0890625
0 0.6453125 0.4359375 0.09296875 0.1515625
0 0.7546875 0.46328125 0.21875 0.24609375
0 0.8859375 0.5421875 0.225 0.453125
0 0.4578125 0.3828125 0.01171875 0.0140625
3 0.3671875 0.334375 0.015625 0.0234375
3 0.17109375 0.23125 0.0171875 0.05390625
0 0.5078125 0.39453125 0.0296875 0.046875