0 0.0828125 0.575 0.165625 0.709375
0 0.4515625 0.49296875 0.07578125 0.109375
0 0.17421875 0.47109375 0.04453125 0.10390625
0 0.2140625 0.46640625 0.05859375 0.090625
0 0.140625 0.453125 0.0375 0.11640625
0 0.23359375 0.4515625 0.02890625 0.05390625
0 0.2515625 0.44375 0.009375 0.0390625
0 0.2609375 0.43828125 0.01171875 0.025
1 0.2875 0.459375 0.01640625 0.05
0 0.3234375 0.440625 0.01796875 0.040625
0 0.4171875 0.45546875 0.0171875 0.01796875
0 0.41015625 0.453125 0.0140625 0.0265625
0 0.4 0.4453125 0.01640625 0.025
0 0.4953125 0.4796875 0.01640625 0.04140625
3 0.24921875 0.346875 0.03203125 0.01796875
3 0.1921875 0.36640625 0.01171875 0.0125
3 0.2140625 0.396875 0.01328125 0.03359375
3 0.384375 0.39609375 0.01328125 0.009375
3 0.51328125 0.375 0.02890625 0.015625
3 0.5078125 0.42265625 0.01328125 0.025
3 0.196875 0.3859375 0.01875 0.00703125
2 0.296875 0.34375 0.00546875 0.021875
2 0.490625 0.36953125 0.0046875 0.0234375
2 0.6234375 0.3640625 0.00859375 0.02890625
2 0.48203125 0.3703125 0.00703125 0.025