1 0.6453125 0.46171875 0.00703125 0.040625
1 0.634375 0.4765625 0.01484375 0.071875
1 0.8515625 0.47421875 0.0234375 0.14453125
1 0.88125 0.496875 0.0359375 0.1734375
1 0.9375 0.47890625 0.0234375 0.1609375
1 0.9484375 0.4921875 0.02421875 0.1875
1 0.96328125 0.5015625 0.02109375 0.1890625
1 0.9796875 0.5 0.034375 0.19609375
1 0.825 0.48359375 0.025 0.1140625
0 0.41484375 0.45078125 0.0109375 0.034375
0 0.309375 0.4796875 0.0328125 0.10703125
0 0.2265625 0.46796875 0.15390625 0.19453125
0 0.1234375 0.41953125 0.165625 0.19453125
0 0.1296875 0.5890625 0.259375 0.63046875
0 0.37109375 0.496875 0.11796875 0.20390625
0 0.721875 0.515625 0.17578125 0.1859375
3 0.75 0.2203125 0.02890625 0.01640625
3 0.7375 0.240625 0.0390625 0.0234375
3 0.7484375 0.315625 0.01953125 0.06796875
3 0.7421875 0.26953125 0.009375 0.021875
2 0.1453125 0.2765625 0.0109375 0.040625
2 0.15625 0.27734375 0.01171875 0.04140625
2 0.4484375 0.31796875 0.00859375 0.0359375
3 0.3421875 0.43359375 0.00703125 0.01640625
3 0.3546875 0.4328125 0.01484375 0.021875
3 0.090625 0.309375 0.01953125 0.01953125