3 0.59375 0.4484375 0.01171875 0.02109375
3 0.5671875 0.40859375 0.015625 0.015625
3 0.5484375 0.41015625 0.01640625 0.015625
3 0.53515625 0.41015625 0.0125 0.015625
3 0.4953125 0.43203125 0.01484375 0.0140625
3 0.48125 0.43125 0.01328125 0.015625
3 0.4453125 0.44765625 0.00703125 0.0140625
3 0.434375 0.434375 0.0078125 0.015625
3 0.425 0.43671875 0.01328125 0.015625
0 0.396875 0.459375 0.0078125 0.0140625
0 0.41171875 0.46484375 0.0078125 0.0140625
0 0.4390625 0.4640625 0.0109375 0.015625
0 0.48125 0.45078125 0.009375 0.0140625
0 0.4953125 0.4484375 0.0078125 0.009375
0 0.5015625 0.4578125 0.0078125 0.0140625
0 0.33125 0.475 0.01171875 0.01640625
0 0.340625 0.46796875 0.00703125 0.0140625
0 0.3046875 0.475 0.00859375 0.0140625
0 0.290625 0.4765625 0.01640625 0.01640625
0 0.2734375 0.47890625 0.015625 0.015625
0 0.253125 0.48359375 0.025 0.01640625
0 0.2328125 0.48515625 0.01640625 0.01640625
0 0.16328125 0.49375 0.01171875 0.0234375
0 0.1453125 0.5 0.0265625 0.015625
0 0.0734375 0.5046875 0.04375 0.03359375
0 0.1984375 0.503125 0.0671875 0.075
0 0.32109375 0.48359375 0.02109375 0.0234375
0 0.36640625 0.471875 0.00859375 0.015625
0 0.4203125 0.46796875 0.015625 0.02109375
0 0.4546875 0.47109375 0.03203125 0.040625
0 0.52109375 0.45390625 0.01171875 0.02109375
0 0.5109375 0.446875 0.0078125 0.0125
0 0.0328125 0.5140625 0.01875 0.01796875
0 0.79921875 0.55703125 0.2703125 0.28046875