0 0.1109375 0.67421875 0.1078125 0.14453125
0 0.24375 0.634375 0.17421875 0.2765625
0 0.3328125 0.62734375 0.040625 0.090625
0 0.540625 0.6421875 0.06015625 0.08046875
0 0.55 0.665625 0.05546875 0.090625
0 0.621875 0.7046875 0.16328125 0.18203125
0 0.04375 0.6546875 0.0875 0.26875
0 0.415625 0.77734375 0.278125 0.40390625
3 0.76171875 0.39375 0.059375 0.128125
3 0.60625 0.50390625 0.0171875 0.021875
2 0.14375 0.5453125 0.00703125 0.02890625
2 0.15078125 0.54609375 0.009375 0.0265625
2 0.45625 0.5328125 0.00703125 0.025
2 0.4484375 0.53359375 0.00703125 0.021875
2 0.32265625 0.57890625 0.0078125 0.025
3 0.09375 0.54453125 0.04140625 0.02109375
3 0.028125 0.36328125 0.03515625 0.0515625