2 0.46953125 0.359375 0.0109375 0.025
2 0.54296875 0.36171875 0.015625 0.03046875
2 0.50625 0.39765625 0.0125 0.021875
2 0.3828125 0.42265625 0.0140625 0.021875
3 0.4109375 0.42109375 0.01015625 0.01953125
3 0.5640625 0.41875 0.0109375 0.01953125
2 0.484375 0.4046875 0.0125 0.01796875
0 0.38671875 0.47421875 0.0171875 0.04140625
0 0.37265625 0.47734375 0.0171875 0.06640625
0 0.5453125 0.45859375 0.01015625 0.025
0 0.55625 0.4609375 0.0109375 0.025
0 0.5703125 0.46171875 0.0171875 0.028125
0 0.5921875 0.47421875 0.0140625 0.021875
0 0.615625 0.490625 0.03125 0.040625
0 0.5109375 0.43984375 0.0125 0.01796875
0 0.51875 0.44609375 0.0140625 0.01953125
0 0.48828125 0.428125 0.015625 0.01953125
0 0.93515625 0.49296875 0.05859375 0.059375
0 0.73125 0.56171875 0.21875 0.21640625
0 0.3390625 0.48828125 0.07265625 0.1
0 0.1109375 0.534375 0.2203125 0.34296875
3 0.15625 0.26015625 0.0515625 0.1140625
3 0.8625 0.3828125 0.01796875 0.053125
0 0.4703125 0.4296875 0.00859375 0.009375
0 0.434375 0.44296875 0.01171875 0.021875
0 0.4265625 0.44765625 0.01328125 0.0265625
0 0.4140625 0.45625 0.02578125 0.03203125
0 0.640625 0.48828125 0.034375 0.05859375