3 0.35625 0.68984375 0.01953125 0.01640625
2 0.121875 0.759375 0.00859375 0.015625
2 0.3875 0.771875 0.009375 0.0125
0 0.378125 0.8265625 0.05859375 0.1
0 0.3953125 0.8390625 0.05078125 0.1109375
0 0.46484375 0.8484375 0.13671875 0.21953125
0 0.26875 0.84609375 0.15234375 0.24296875
1 0.20390625 0.7953125 0.0078125 0.03046875
1 0.196875 0.78984375 0.0078125 0.040625
1 0.1671875 0.790625 0.0109375 0.05
1 0.115625 0.7984375 0.0125 0.0484375
1 0.090625 0.79375 0.02265625 0.0765625
1 0.07734375 0.803125 0.0125 0.075
1 0.059375 0.80703125 0.02265625 0.07109375
3 0.02109375 0.771875 0.0109375 0.015625
0 0.6796875 0.8578125 0.353125 0.28046875
0 0.91875 0.94609375 0.1609375 0.10390625
1 0.190625 0.79453125 0.0078125 0.02890625
1 0.103125 0.79765625 0.0109375 0.05
1 0.1296875 0.796875 0.01015625 0.0390625
1 0.1546875 0.7984375 0.009375 0.040625
1 0.1453125 0.7984375 0.0109375 0.04453125