2 0.86875 0.353125 0.0234375 0.04453125
2 0.834375 0.359375 0.01484375 0.04140625
2 0.5796875 0.44765625 0.009375 0.0234375
2 0.521875 0.43984375 0.009375 0.0265625
3 0.84375 0.31328125 0.0609375 0.040625
3 0.86875 0.25 0.034375 0.034375
3 0.64140625 0.35078125 0.06484375 0.04453125
0 0.51796875 0.49765625 0.01875 0.03359375
0 0.53125 0.4828125 0.015625 0.01640625
0 0.4875 0.496875 0.01171875 0.02109375
0 0.471875 0.51328125 0.0421875 0.06796875
0 0.3828125 0.51328125 0.05703125 0.1015625
0 0.59375 0.4859375 0.01171875 0.0234375
0 0.6015625 0.4875 0.01328125 0.02109375
0 0.6109375 0.4921875 0.01484375 0.03046875
0 0.61875 0.49296875 0.01484375 0.0375
0 0.63125 0.496875 0.02734375 0.0484375
0 0.28671875 0.5390625 0.06484375 0.13359375
0 0.5 0.49765625 0.02265625 0.0375
0 0.42265625 0.52578125 0.08046875 0.103125
0 0.55859375 0.51484375 0.0671875 0.1015625
1 0.68828125 0.50546875 0.0234375 0.08203125
1 0.8703125 0.571875 0.04765625 0.2109375
0 0.140625 0.5734375 0.28125 0.24375
3 0.7328125 0.046875 0.06875 0.09375