2 0.2453125 0.2609375 0.015625 0.04140625
2 0.415625 0.2609375 0.01015625 0.04140625
2 0.6625 0.3140625 0.0078125 0.03046875
2 0.77421875 0.196875 0.0140625 0.0625
2 0.390625 0.28046875 0.01171875 0.04296875
3 0.7953125 0.246875 0.02421875 0.059375
0 0.1828125 0.38828125 0.05 0.059375
0 0.33828125 0.3921875 0.053125 0.071875
0 0.71875 0.365625 0.01796875 0.01953125
0 0.7390625 0.365625 0.02578125 0.0234375
0 0.7640625 0.36328125 0.02578125 0.028125
0 0.78125 0.36484375 0.03125 0.03046875
0 0.684375 0.378125 0.03671875 0.04609375
0 0.021875 0.546875 0.04296875 0.21640625
0 0.265625 0.41328125 0.1359375 0.1515625
0 0.4921875 0.4171875 0.13125 0.178125
0 0.80625 0.36796875 0.04921875 0.03046875