3 0.6578125 0.63515625 0.0109375 0.03359375
3 0.2640625 0.5671875 0.03671875 0.028125
3 0.2765625 0.49375 0.0109375 0.02109375
3 0.25078125 0.50390625 0.02890625 0.01953125
1 0.7203125 0.73984375 0.0171875 0.0859375
0 0.5015625 0.72734375 0.0109375 0.01953125
0 0.4921875 0.7234375 0.009375 0.0265625
0 0.48203125 0.728125 0.01953125 0.0265625
0 0.465625 0.725 0.015625 0.04140625
0 0.43515625 0.734375 0.02109375 0.0515625
0 0.44296875 0.7234375 0.03671875 0.0640625
0 0.41015625 0.7328125 0.04453125 0.0859375
0 0.390625 0.740625 0.04765625 0.084375
0 0.546875 0.728125 0.01328125 0.034375
0 0.5546875 0.72578125 0.015625 0.040625
0 0.5671875 0.72109375 0.03046875 0.06796875
0 0.5796875 0.7328125 0.0265625 0.071875
0 0.528125 0.72109375 0.0171875 0.0265625
0 0.6203125 0.74765625 0.0765625 0.121875
0 0.3625 0.7546875 0.0765625 0.0890625
0 0.1078125 0.7921875 0.21484375 0.4125
1 0.6671875 0.7328125 0.01171875 0.04453125
0 0.5140625 0.72109375 0.01015625 0.01796875