0 0.0265625 0.55390625 0.05078125 0.0359375
0 0.225 0.59453125 0.1265625 0.19140625
0 0.684375 0.4890625 0.12578125 0.10390625
0 0.875 0.48203125 0.0875 0.05
0 0.94375 0.47578125 0.0515625 0.0359375
0 0.9859375 0.48046875 0.02265625 0.01796875
0 0.43125 0.6484375 0.36953125 0.55546875
0 0.16171875 0.5609375 0.05 0.04140625
3 0.0296875 0.4546875 0.059375 0.071875
3 0.61484375 0.34921875 0.07578125 0.1265625
3 0.56953125 0.3765625 0.02265625 0.0609375
3 0.3859375 0.27421875 0.01953125 0.05390625
3 0.1171875 0.421875 0.0109375 0.0390625
3 0.590625 0.246875 0.0125 0.028125
2 0.0578125 0.3671875 0.0109375 0.03359375
2 0.0921875 0.38046875 0.009375 0.03046875
2 0.2859375 0.303125 0.00859375 0.0390625
2 0.1890625 0.3078125 0.01015625 0.0390625
3 0.2375 0.34765625 0.01328125 0.03203125
2 0.103125 0.409375 0.0078125 0.0234375
2 0.5328125 0.33125 0.01328125 0.0359375
2 0.43515625 0.35 0.00625 0.0265625
2 0.359375 0.353125 0.00625 0.0265625