2 0.2125 0.3015625 0.00859375 0.0359375
2 0.146875 0.34609375 0.01171875 0.0234375
3 0.196875 0.303125 0.0125 0.03203125
3 0.6609375 0.1859375 0.02265625 0.021875
3 0.6640625 0.21171875 0.028125 0.025
3 0.6984375 0.271875 0.0640625 0.04296875
3 0.7 0.3046875 0.0609375 0.03203125
3 0.88125 0.2828125 0.02890625 0.021875
3 0.88515625 0.30703125 0.02890625 0.021875
3 0.88359375 0.35546875 0.0203125 0.015625
3 0.88125 0.3890625 0.02109375 0.0515625
2 0.13125 0.37890625 0.0125 0.021875
2 0.51015625 0.3359375 0.0078125 0.0265625
2 0.51875 0.390625 0.00859375 0.0265625
2 0.665625 0.33984375 0.0140625 0.02890625
3 0.1703125 0.3828125 0.0140625 0.02109375
3 0.16953125 0.41171875 0.02265625 0.02890625
3 0.1515625 0.38515625 0.01875 0.0359375
2 0.9015625 0.35078125 0.02265625 0.03203125
2 0.1984375 0.38984375 0.0125 0.025
2 0.07734375 0.25390625 0.01015625 0.0265625
3 0.07421875 0.27109375 0.02109375 0.015625
3 0.078125 0.3125 0.02265625 0.01796875
3 0.55 0.4234375 0.028125 0.021875
3 0.61875 0.42734375 0.02265625 0.02109375
1 0.64140625 0.45078125 0.01796875 0.040625
0 0.9890625 0.490625 0.02109375 0.040625
0 0.1109375 0.425 0.046875 0.021875
0 0.2765625 0.43828125 0.06171875 0.0375
0 0.5359375 0.44140625 0.04140625 0.040625
0 0.5171875 0.4453125 0.0578125 0.0515625
0 0.7140625 0.45234375 0.0578125 0.0515625
0 0.82421875 0.54609375 0.303125 0.2765625