2 0.3640625 0.47578125 0.00546875 0.02890625
3 0.303125 0.5484375 0.009375 0.02109375
3 0.26484375 0.50859375 0.0171875 0.0140625
3 0.1859375 0.45078125 0.0140625 0.021875
3 0.5359375 0.56875 0.009375 0.021875
2 0.1609375 0.50546875 0.02109375 0.025
3 0.4609375 0.58828125 0.01015625 0.0125
0 0.35625 0.5984375 0.02109375 0.03359375
0 0.47265625 0.60859375 0.01953125 0.04140625
0 0.3359375 0.609375 0.02421875 0.0640625
0 0.30625 0.61875 0.0640625 0.0984375
0 0.2 0.5828125 0.0375 0.0265625
0 0.1625 0.62734375 0.05 0.1109375
0 0.2296875 0.63125 0.1390625 0.16953125