0 0.0640625 0.446875 0.0921875 0.07109375
0 0.1296875 0.4421875 0.05390625 0.05859375
0 0.225 0.43203125 0.03515625 0.0484375
0 0.1890625 0.44140625 0.0578125 0.059375
0 0.25234375 0.43671875 0.009375 0.02890625
0 0.346875 0.41484375 0.0390625 0.040625
0 0.471875 0.4109375 0.01171875 0.0140625
0 0.478125 0.4171875 0.0109375 0.0140625
0 0.4890625 0.4171875 0.01328125 0.01953125
0 0.5015625 0.43203125 0.02890625 0.04609375
0 0.51796875 0.41796875 0.015625 0.01796875
0 0.58046875 0.415625 0.02421875 0.0109375
0 0.5671875 0.4296875 0.015625 0.028125
0 0.575 0.4328125 0.0171875 0.03203125
0 0.58515625 0.434375 0.01640625 0.034375
0 0.59375 0.4375 0.015625 0.0359375
0 0.60390625 0.44140625 0.015625 0.0390625
0 0.61953125 0.43984375 0.03359375 0.0515625
0 0.6375 0.44453125 0.034375 0.059375
0 0.653125 0.4515625 0.04296875 0.05546875
0 0.65 0.41875 0.021875 0.0109375
0 0.6765625 0.4171875 0.0265625 0.0140625
0 0.721875 0.41796875 0.05234375 0.01796875
0 0.70078125 0.45703125 0.06171875 0.078125
0 0.5375 0.453125 0.04765625 0.0640625
0 0.8921875 0.4296875 0.028125 0.034375
0 0.92890625 0.4328125 0.040625 0.0390625
0 0.01640625 0.41875 0.0328125 0.0609375
3 0.08125 0.359375 0.01953125 0.04296875
3 0.75625 0.3515625 0.01875 0.05703125
1 0.1 0.41328125 0.015625 0.04140625
1 0.040625 0.4140625 0.01171875 0.03046875
1 0.053125 0.403125 0.0140625 0.028125
3 0.5828125 0.378125 0.00703125 0.01953125
3 0.6140625 0.39609375 0.0109375 0.0234375
2 0.56953125 0.40390625 0.00859375 0.0125
2 0.5125 0.36875 0.00625 0.0140625
2 0.47265625 0.384375 0.00703125 0.0125
1 0.628125 0.44765625 0.0109375 0.059375