2 0.4890625 0.5625 0.00625 0.0140625
2 0.45625 0.5671875 0.0078125 0.0140625
0 0.46171875 0.6109375 0.0109375 0.0265625
0 0.453125 0.609375 0.0078125 0.0234375
0 0.4421875 0.61328125 0.01171875 0.0265625
0 0.4328125 0.61640625 0.0171875 0.0375
0 0.35625 0.62578125 0.01328125 0.03046875
0 0.3015625 0.63828125 0.090625 0.109375
0 0.11171875 0.69296875 0.2234375 0.25390625
0 0.478125 0.61875 0.02890625 0.04453125
0 0.63515625 0.62421875 0.09296875 0.11953125
0 0.75703125 0.5921875 0.090625 0.08203125
0 0.540625 0.653125 0.1140625 0.15546875
0 0.8390625 0.67734375 0.278125 0.21953125