2 0.45625 0.484375 0.00859375 0.02890625
2 0.521875 0.490625 0.01015625 0.021875
2 0.4046875 0.56328125 0.01171875 0.01640625
3 0.578125 0.4953125 0.01015625 0.025
3 0.578125 0.534375 0.01171875 0.0125
3 0.6078125 0.52109375 0.009375 0.028125
1 0.23125 0.634375 0.02890625 0.1359375
0 0.63359375 0.603125 0.03125 0.07890625
0 0.6671875 0.6125 0.07578125 0.1125
0 0.58671875 0.61328125 0.08203125 0.13046875
0 0.38125 0.62578125 0.0640625 0.1109375
0 0.04765625 0.859375 0.09375 0.28046875
0 0.328125 0.66015625 0.12265625 0.14296875
0 0.4828125 0.640625 0.1546875 0.2609375
2 0.4515625 0.48125 0.01171875 0.03359375
0 0.978125 0.88515625 0.04296875 0.22890625