0 0.015625 0.38046875 0.03125 0.02890625
0 0.06953125 0.37578125 0.06640625 0.0265625
0 0.14375 0.3734375 0.0515625 0.025
0 0.390625 0.42734375 0.10078125 0.14296875
0 0.48125 0.38671875 0.04921875 0.06796875
0 0.4390625 0.371875 0.02421875 0.03359375
0 0.425 0.36171875 0.0109375 0.02109375
3 0.38515625 0.32578125 0.01796875 0.02109375
3 0.40546875 0.32578125 0.0203125 0.02109375
3 0.42265625 0.32421875 0.01171875 0.01796875
3 0.25625 0.31875 0.01171875 0.0109375
3 0.28203125 0.33203125 0.00390625 0.01640625
3 0.3109375 0.34375 0.00859375 0.01953125
0 0.39765625 0.353125 0.01015625 0.0109375
0 0.35625 0.359375 0.01640625 0.015625
0 0.3296875 0.36171875 0.01328125 0.0125
3 0.01484375 0.2734375 0.02421875 0.028125
3 0.03203125 0.34921875 0.015625 0.02890625
3 0.353125 0.328125 0.0203125 0.01640625