3 0.36640625 0.4 0.0125 0.0109375
3 0.35625 0.4171875 0.0328125 0.028125
3 0.3125 0.41796875 0.04609375 0.0265625
0 0.33359375 0.48046875 0.01796875 0.0234375
0 0.3484375 0.4796875 0.02109375 0.021875
0 0.353125 0.49296875 0.0203125 0.03203125
0 0.3203125 0.484375 0.01796875 0.021875
0 0.3109375 0.47421875 0.0109375 0.0109375
0 0.30625 0.484375 0.0125 0.01796875
0 0.3171875 0.49609375 0.02109375 0.028125
0 0.3671875 0.49921875 0.025 0.05546875
0 0.296875 0.478125 0.0125 0.00703125
0 0.2921875 0.48046875 0.0125 0.009375
0 0.28125 0.478125 0.0109375 0.00859375
0 0.259375 0.49296875 0.01796875 0.025
0 0.2453125 0.50703125 0.03203125 0.04609375
0 0.2875 0.51875 0.06640625 0.08046875
0 0.2203125 0.47421875 0.0296875 0.0140625
0 0.1453125 0.4796875 0.03671875 0.01953125
0 0.11484375 0.478125 0.028125 0.02109375
0 0.096875 0.484375 0.02734375 0.01796875
0 0.071875 0.4828125 0.0296875 0.01640625
0 0.04296875 0.4890625 0.0296875 0.01796875
0 0.0171875 0.490625 0.03203125 0.02109375
0 0.1921875 0.553125 0.13828125 0.15859375
0 0.25234375 0.4765625 0.01796875 0.0125
0 0.43671875 0.5734375 0.165625 0.246875
0 0.5296875 0.496875 0.08671875 0.1234375
0 0.7046875 0.55703125 0.259375 0.265625
0 0.96328125 0.4625 0.071875 0.05859375
0 0.896875 0.4640625 0.05078125 0.046875
0 0.840625 0.4484375 0.04453125 0.01953125
0 0.8078125 0.453125 0.02109375 0.00703125
0 0.778125 0.44296875 0.02890625 0.025
0 0.68515625 0.42265625 0.0390625 0.0140625
0 0.6546875 0.4296875 0.01953125 0.01640625
0 0.021875 0.70234375 0.04140625 0.2140625