0 0.35859375 0.2484375 0.04765625 0.0484375
0 0.40234375 0.2453125 0.03671875 0.05859375
0 0.475 0.2484375 0.0109375 0.0265625
0 0.4875 0.253125 0.02109375 0.034375
0 0.5078125 0.2578125 0.0328125 0.05
0 0.54375 0.2578125 0.0234375 0.03203125
0 0.58046875 0.26484375 0.04375 0.05703125
0 0.89296875 0.29609375 0.2140625 0.2109375
3 0.465625 0.17890625 0.01328125 0.0375
3 0.603125 0.209375 0.01796875 0.0359375
3 0.65625 0.18203125 0.02421875 0.0359375
3 0.65625 0.2078125 0.0203125 0.01953125
3 0.728125 0.18671875 0.01484375 0.0359375
0 0.065625 0.2484375 0.13125 0.159375