0 0.48125 0.43828125 0.09453125 0.14609375
0 0.93515625 0.47265625 0.1296875 0.1734375
0 0.6671875 0.39609375 0.0234375 0.04609375
0 0.64375 0.390625 0.0140625 0.01796875
0 0.628125 0.3953125 0.0203125 0.034375
0 0.56640625 0.3953125 0.03046875 0.03203125
0 0.53359375 0.39453125 0.04140625 0.0625
0 0.6859375 0.40703125 0.03359375 0.05859375
0 0.71796875 0.403125 0.05859375 0.078125
0 0.7515625 0.41953125 0.07265625 0.084375
0 0.821875 0.4328125 0.11953125 0.10390625
0 0.60234375 0.39921875 0.034375 0.04296875
3 0.03515625 0.303125 0.0171875 0.04609375
3 0.784375 0.23984375 0.02734375 0.05390625
3 0.51015625 0.284375 0.01796875 0.05
0 0.66875 0.403125 0.015625 0.04453125