3 0.3109375 0.33046875 0.0140625 0.025
3 0.3125 0.35390625 0.0109375 0.01953125
0 0.6375 0.3640625 0.0140625 0.01640625
0 0.6140625 0.36171875 0.01015625 0.009375
0 0.60234375 0.36484375 0.01328125 0.01796875
0 0.59375 0.375 0.021875 0.0265625
0 0.56953125 0.3796875 0.02890625 0.04296875
0 0.5453125 0.378125 0.02890625 0.04609375
0 0.646875 0.384375 0.025 0.0359375
0 0.44609375 0.3859375 0.0203125 0.028125
0 0.365625 0.3890625 0.0453125 0.05
0 0.184375 0.4109375 0.09375 0.0765625
0 0.31484375 0.4015625 0.06875 0.0765625
0 0.42578125 0.390625 0.03515625 0.04140625
0 0.61875 0.396875 0.04296875 0.07109375
0 0.5078125 0.45390625 0.12421875 0.184375
0 0.746875 0.428125 0.215625 0.271875
0 0.0375 0.42890625 0.07421875 0.16640625