0 0.121875 0.5265625 0.2421875 0.30703125
0 0.2625 0.453125 0.11484375 0.1375
0 0.253125 0.37578125 0.040625 0.02109375
0 0.2953125 0.421875 0.06015625 0.103125
0 0.3203125 0.4109375 0.0640625 0.109375
0 0.34375 0.371875 0.015625 0.0375
0 0.3515625 0.37265625 0.00859375 0.028125
0 0.4140625 0.359375 0.05078125 0.04453125
0 0.4359375 0.39609375 0.05703125 0.0859375
0 0.615625 0.334375 0.0296875 0.0375
0 0.565625 0.34765625 0.05 0.03203125
0 0.3640625 0.3578125 0.0140625 0.01796875
0 0.378125 0.35703125 0.0125 0.01640625
2 0.15078125 0.35625 0.00703125 0.01796875
2 0.23359375 0.3140625 0.009375 0.025
2 0.4953125 0.2515625 0.0140625 0.025
2 0.35546875 0.19765625 0.0109375 0.0375
2 0.415625 0.190625 0.01171875 0.04140625
2 0.37578125 0.26796875 0.0078125 0.0265625
2 0.4265625 0.309375 0.00703125 0.01796875
2 0.1 0.07578125 0.0265625 0.08203125
3 0.58984375 0.259375 0.0375 0.0640625
0 0.54765625 0.55625 0.31484375 0.415625
0 0.80625 0.32734375 0.0546875 0.04296875
0 0.84921875 0.31796875 0.0265625 0.04296875
0 0.4265625 0.4265625 0.03203125 0.0859375