2 0.346875 0.490625 0.0078125 0.02890625
2 0.28359375 0.56875 0.00625 0.01796875
2 0.1421875 0.5078125 0.00859375 0.03203125
2 0.325 0.59453125 0.00390625 0.01640625
3 0.1859375 0.58671875 0.00703125 0.02109375
3 0.0859375 0.5171875 0.0328125 0.01640625
3 0.3765625 0.48515625 0.03046875 0.0125
3 0.4234375 0.4828125 0.01875 0.02890625
2 0.0234375 0.590625 0.01171875 0.0140625
0 0.234375 0.628125 0.01640625 0.025
0 0.2078125 0.63359375 0.02578125 0.0234375
0 0.15234375 0.63671875 0.034375 0.02890625
0 0.103125 0.64296875 0.0453125 0.04140625
0 0.45 0.78671875 0.3109375 0.40390625
3 0.753125 0.046875 0.02578125 0.05703125