2 0.465625 0.428125 0.0078125 0.01796875
2 0.5734375 0.425 0.01015625 0.01796875
2 0.5125 0.47734375 0.01171875 0.0125
2 0.49375 0.48359375 0.00703125 0.015625
2 0.1984375 0.359375 0.02265625 0.034375
2 0.17578125 0.3546875 0.01875 0.03046875
2 0.40625 0.471875 0.00859375 0.015625
0 0.45390625 0.53984375 0.0578125 0.0875
0 0.4140625 0.5265625 0.0265625 0.04609375
0 0.38671875 0.52734375 0.04453125 0.059375
0 0.3703125 0.540625 0.03125 0.06796875
0 0.36015625 0.54921875 0.034375 0.0859375
0 0.321875 0.55546875 0.06875 0.125
0 0.22109375 0.5734375 0.18359375 0.24453125
0 0.09609375 0.6046875 0.1921875 0.29140625
0 0.5 0.540625 0.03125 0.040625
0 0.5359375 0.525 0.04765625 0.06796875
0 0.6328125 0.54140625 0.0484375 0.09453125
0 0.58359375 0.553125 0.08125 0.09609375
0 0.7625 0.61796875 0.27421875 0.2625
1 0.9078125 0.565625 0.02421875 0.10546875
1 0.940625 0.571875 0.03359375 0.1140625
1 0.8609375 0.528125 0.01875 0.05859375