1 0.94453125 0.75234375 0.1109375 0.49140625
1 0.8359375 0.59765625 0.04296875 0.153125
1 0.8 0.62734375 0.05078125 0.18203125
1 0.7515625 0.63046875 0.040625 0.09609375
0 0.484375 0.55859375 0.02109375 0.03046875
0 0.26640625 0.56953125 0.05390625 0.0859375
0 0.4328125 0.55546875 0.06328125 0.05703125
0 0.13046875 0.621875 0.2609375 0.3265625
0 0.346875 0.73671875 0.328125 0.403125
2 0.396875 0.47734375 0.0109375 0.028125
2 0.490625 0.4890625 0.009375 0.028125
3 0.3453125 0.45390625 0.01015625 0.01796875