2 0.5078125 0.253125 0.01484375 0.06640625
2 0.02109375 0.08203125 0.025 0.1015625
2 0.05859375 0.10390625 0.0125 0.0875
2 0.68125 0.421875 0.02578125 0.034375
2 0.99375 0.26015625 0.01171875 0.090625
2 0.959375 0.27265625 0.03671875 0.09140625
2 0.1109375 0.4609375 0.01640625 0.02890625
3 0.675 0.33984375 0.02109375 0.01640625
3 0.6640625 0.37421875 0.0328125 0.02109375
3 0.5796875 0.43984375 0.01015625 0.015625
3 0.5546875 0.48359375 0.009375 0.0234375
1 0.6765625 0.5203125 0.0125 0.0609375
1 0.6859375 0.53671875 0.01640625 0.071875
1 0.6265625 0.54296875 0.02421875 0.0984375
0 0.3953125 0.53046875 0.02734375 0.05859375
0 0.50390625 0.51796875 0.00625 0.02109375
0 0.5125 0.51640625 0.01171875 0.01796875
0 0.4953125 0.5203125 0.0125 0.021875
0 0.4859375 0.528125 0.02265625 0.08046875
0 0.1328125 0.5953125 0.17890625 0.16796875
0 0.4421875 0.5375 0.08828125 0.134375
0 0.528125 0.5203125 0.02109375 0.03359375
0 0.90703125 0.6171875 0.18515625 0.55
1 0.253125 0.55078125 0.0140625 0.0515625