2 0.584375 0.390625 0.00546875 0.02109375
2 0.5609375 0.41796875 0.00546875 0.0140625
0 0.5984375 0.52734375 0.23125 0.134375
0 0.3625 0.52109375 0.08125 0.10546875
0 0.2828125 0.52890625 0.07578125 0.0859375
0 0.415625 0.49140625 0.03671875 0.0609375
0 0.34921875 0.484375 0.05390625 0.065625
0 0.3875 0.4625 0.02109375 0.01953125
0 0.4078125 0.45390625 0.0296875 0.02109375
0 0.4453125 0.4671875 0.0265625 0.040625
0 0.4328125 0.44609375 0.0203125 0.0234375
0 0.4671875 0.4484375 0.01875 0.0265625
0 0.475 0.43125 0.01484375 0.015625
0 0.49609375 0.440625 0.01796875 0.025
0 0.5265625 0.43828125 0.01796875 0.0265625
0 0.571875 0.446875 0.021875 0.028125
0 0.56484375 0.43984375 0.02265625 0.0265625
0 0.5453125 0.44296875 0.015625 0.01953125
0 0.5171875 0.42578125 0.01171875 0.015625
3 0.2171875 0.41328125 0.02890625 0.05859375
3 0.28359375 0.421875 0.02265625 0.03203125