0 0.49765625 0.4484375 0.12265625 0.184375
0 0.7609375 0.49765625 0.47734375 0.5890625
0 0.325 0.47734375 0.25703125 0.41953125
0 0.1859375 0.4234375 0.09375 0.14140625
1 0.128125 0.409375 0.009375 0.04453125
1 0.1046875 0.41484375 0.01484375 0.05703125
1 0.07265625 0.4171875 0.01328125 0.0609375
1 0.05625 0.4296875 0.01875 0.0640625
1 0.0125 0.42890625 0.0171875 0.075
3 0.1078125 0.27109375 0.05234375 0.025
3 0.528125 0.19140625 0.078125 0.0265625
3 0.465625 0.20859375 0.0171875 0.046875
3 0.0890625 0.24609375 0.015625 0.028125
3 0.08515625 0.27890625 0.01171875 0.0375
2 0.153125 0.2515625 0.0109375 0.046875
2 0.16875 0.25390625 0.0109375 0.04453125
2 0.13984375 0.2484375 0.0109375 0.0375
2 0.415625 0.21328125 0.01328125 0.05703125
2 0.45 0.215625 0.01171875 0.065625
2 0.4375 0.21484375 0.0171875 0.0640625
2 0.0703125 0.36796875 0.01328125 0.028125
2 0.55625 0.3203125 0.0078125 0.03359375
2 0.55 0.309375 0.01015625 0.0640625