0 0.37109375 0.365625 0.025 0.0265625
0 0.39765625 0.39921875 0.03515625 0.06953125
0 0.50078125 0.4015625 0.06015625 0.090625
0 0.7796875 0.45703125 0.20078125 0.171875
0 0.440625 0.38828125 0.071875 0.1515625
0 0.121875 0.37734375 0.20625 0.3109375
0 0.603125 0.4265625 0.16484375 0.23203125
1 0.0046875 0.31796875 0.009375 0.04609375
1 0.0078125 0.35703125 0.015625 0.0765625
1 0.2625 0.37265625 0.01328125 0.05859375
1 0.253125 0.371875 0.0140625 0.0609375
1 0.23125 0.378125 0.02890625 0.115625
3 0.2609375 0.278125 0.0171875 0.0609375
3 0.2859375 0.2703125 0.01171875 0.0359375
3 0.29921875 0.303125 0.0140625 0.025
3 0.296875 0.15859375 0.025 0.040625
3 0.859375 0.2203125 0.0265625 0.04609375
3 0.1234375 0.184375 0.0359375 0.028125
2 0.128125 0.22421875 0.0171875 0.0359375
2 0.34375 0.334375 0.01015625 0.028125
2 0.284375 0.30390625 0.01875 0.03359375
2 0.45390625 0.1359375 0.0140625 0.05390625
2 0.39453125 0.32109375 0.01328125 0.025
2 0.8546875 0.065625 0.021875 0.0609375
0 0.66953125 0.37265625 0.10390625 0.125
1 0.29921875 0.37265625 0.01484375 0.0625
1 0.17734375 0.796875 0.003125 0.025
2 0.22578125 0.034375 0.0234375 0.0640625
3 0.9796875 0.35078125 0.03984375 0.02890625
3 0.97890625 0.384375 0.0421875 0.0375