2 0.3125 0.41171875 0.01328125 0.04453125
2 0.4546875 0.44609375 0.0171875 0.0515625
2 0.1609375 0.51875 0.0234375 0.04140625
2 0.58828125 0.55 0.015625 0.0265625
2 0.709375 0.528125 0.0234375 0.0234375
2 0.325 0.41171875 0.009375 0.034375
2 0.43515625 0.55 0.0078125 0.02109375
2 0.4703125 0.5546875 0.0109375 0.0265625
3 0.175 0.4765625 0.03046875 0.03359375
3 0.5765625 0.5265625 0.01875 0.02109375
3 0.5703125 0.465625 0.01484375 0.03046875
3 0.4953125 0.55859375 0.01484375 0.01953125
3 0.5109375 0.5546875 0.0078125 0.0265625
2 0.0125 0.48359375 0.01875 0.05703125
0 0.40546875 0.61171875 0.01640625 0.0359375
0 0.38671875 0.61640625 0.01640625 0.04140625
0 0.371875 0.621875 0.01640625 0.040625
0 0.5 0.61484375 0.01484375 0.01953125
0 0.5828125 0.64140625 0.05234375 0.115625
0 0.65 0.63828125 0.12421875 0.196875
0 0.8140625 0.6765625 0.31875 0.34453125
0 0.5171875 0.6125 0.025 0.03359375
0 0.340625 0.621875 0.059375 0.0609375
0 0.1359375 0.690625 0.271875 0.296875
0 0.95234375 0.753125 0.0953125 0.29296875