2 0.21953125 0.075 0.0203125 0.071875
2 0.978125 0.16328125 0.03828125 0.06796875
2 0.31796875 0.18671875 0.01484375 0.0609375
2 0.2421875 0.07578125 0.021875 0.0734375
2 0.953125 0.1703125 0.02421875 0.08203125
3 0.325 0.259375 0.0265625 0.01640625
3 0.2953125 0.24375 0.01796875 0.01953125
3 0.3046875 0.27890625 0.02265625 0.0140625
2 0.3296875 0.31484375 0.01875 0.0390625
3 0.9296875 0.08359375 0.08125 0.05859375
3 0.9203125 0.19609375 0.059375 0.11640625
0 0.684375 0.40859375 0.08125 0.090625
0 0.88046875 0.4 0.05625 0.0515625
0 0.94375 0.41171875 0.10234375 0.103125
0 0.98671875 0.390625 0.025 0.059375
0 0.2234375 0.484375 0.3015625 0.2375
0 0.0640625 0.43359375 0.12578125 0.09453125
0 0.5875 0.41640625 0.121875 0.103125
0 0.81875 0.40859375 0.0765625 0.0640625
0 0.48046875 0.41875 0.03671875 0.1375
0 0.4765625 0.4515625 0.06015625 0.11640625