3 0.446875 0.44921875 0.01015625 0.0125
0 0.325 0.4875 0.03515625 0.046875
0 0.29453125 0.49296875 0.04140625 0.06640625
0 0.2703125 0.50078125 0.040625 0.078125
0 0.440625 0.46875 0.01875 0.03046875
0 0.4859375 0.47578125 0.0546875 0.071875
0 0.534375 0.49296875 0.071875 0.090625
3 0.578125 0.38515625 0.009375 0.02109375
0 0.38515625 0.51796875 0.09296875 0.13359375
0 0.20625 0.5109375 0.12421875 0.1484375
0 0.6390625 0.5046875 0.16796875 0.19453125
1 0.7625 0.51875 0.02421875 0.1625
0 0.46015625 0.471875 0.01875 0.0484375