3 0.0421875 0.16328125 0.04296875 0.090625
3 0.4 0.396875 0.0109375 0.021875
3 0.5109375 0.3890625 0.0109375 0.025
3 0.49375 0.409375 0.00859375 0.015625
3 0.41875 0.40625 0.0078125 0.0109375
3 0.41875 0.4171875 0.009375 0.0140625
0 0.45078125 0.43125 0.0171875 0.025
0 0.4390625 0.4359375 0.01484375 0.0234375
0 0.4265625 0.43671875 0.021875 0.03203125
0 0.41875 0.4375 0.0234375 0.03046875
0 0.4078125 0.44140625 0.0265625 0.04140625
0 0.37734375 0.45 0.05859375 0.09453125
0 0.296875 0.48671875 0.15 0.196875
0 0.4828125 0.43203125 0.015625 0.028125
0 0.50859375 0.43515625 0.0328125 0.05859375
0 0.5296875 0.440625 0.034375 0.0640625
0 0.56171875 0.4515625 0.0421875 0.1015625
0 0.6203125 0.4578125 0.13515625 0.17890625
0 0.7296875 0.490625 0.240625 0.2484375
0 0.1375 0.53203125 0.27421875 0.3015625
0 0.88515625 0.56171875 0.22421875 0.39140625