2 0.334375 0.11796875 0.028125 0.04296875
2 0.19921875 0.2734375 0.025 0.040625
2 0.53125 0.1296875 0.02734375 0.04453125
2 0.6421875 0.2859375 0.02265625 0.0359375
2 0.3578125 0.44140625 0.015625 0.028125
2 0.64375 0.37421875 0.01953125 0.0375
2 0.0328125 0.2875 0.0171875 0.040625
2 0.7546875 0.2984375 0.01171875 0.04140625
2 0.3046875 0.43515625 0.009375 0.01640625
2 0.2375 0.4171875 0.0125 0.025
3 0.02578125 0.2359375 0.0515625 0.13046875
3 0.015625 0.3265625 0.03046875 0.04140625
3 0.77421875 0.25390625 0.07578125 0.128125
3 0.771875 0.3421875 0.0484375 0.04296875
3 0.44765625 0.30625 0.03359375 0.0484375
3 0.4171875 0.3015625 0.028125 0.04296875
1 0.6875 0.4796875 0.025 0.08203125
1 0.63671875 0.48671875 0.01953125 0.046875
1 0.7296875 0.51640625 0.03203125 0.190625
1 0.79609375 0.521875 0.04453125 0.20546875
1 0.89609375 0.5328125 0.040625 0.14453125
1 0.93515625 0.540625 0.04296875 0.1625
3 0.6328125 0.409375 0.01484375 0.028125
3 0.1578125 0.4125 0.03125 0.08046875
3 0.1859375 0.41328125 0.02578125 0.0859375
0 0.353125 0.51484375 0.02109375 0.034375
0 0.3046875 0.51484375 0.02109375 0.025
0 0.3984375 0.515625 0.01875 0.02890625
0 0.5640625 0.4953125 0.07890625 0.13046875
0 0.328125 0.5078125 0.03515625 0.0640625
0 0.471875 0.540625 0.15625 0.271875
1 0.125 0.521875 0.04296875 0.21796875
0 0.2140625 0.509375 0.06953125 0.04453125