2 0.3078125 0.3546875 0.01171875 0.046875
2 0.5796875 0.33046875 0.01015625 0.03046875
2 0.690625 0.40390625 0.01171875 0.01640625
2 0.4546875 0.446875 0.00546875 0.02109375
2 0.31875 0.353125 0.00703125 0.04296875
2 0.58984375 0.3296875 0.00546875 0.034375
2 0.14375 0.490625 0.01328125 0.0265625
2 0.790625 0.35859375 0.02578125 0.0375
3 0.14375 0.43125 0.0140625 0.025
3 0.21796875 0.4640625 0.01015625 0.01796875
3 0.7703125 0.334375 0.0328125 0.00859375
3 0.67421875 0.35625 0.02421875 0.0125
3 0.68046875 0.37421875 0.01640625 0.009375
3 0.875 0.21796875 0.03828125 0.0390625
3 0.8703125 0.178125 0.025 0.0390625
1 0.96875 0.44609375 0.0421875 0.1515625
1 0.8625 0.440625 0.02109375 0.09609375
1 0.784375 0.43828125 0.01171875 0.04609375
1 0.6859375 0.46640625 0.00703125 0.04296875
1 0.72890625 0.45390625 0.0125 0.059375
0 0.36875 0.5328125 0.05 0.07109375
0 0.4328125 0.5125 0.02890625 0.04296875
0 0.53671875 0.49375 0.03046875 0.04140625
0 0.5640625 0.484375 0.021875 0.03046875
0 0.515625 0.4890625 0.01953125 0.0390625
0 0.590625 0.47421875 0.02109375 0.04453125
0 0.56640625 0.46484375 0.01796875 0.02109375
0 0.91640625 0.421875 0.0328125 0.09140625