2 0.384375 0.3453125 0.0078125 0.01796875
2 0.10625 0.328125 0.009375 0.01796875
2 0.54296875 0.340625 0.01015625 0.02109375
2 0.365625 0.37421875 0.01015625 0.0140625
2 0.62890625 0.3796875 0.01171875 0.0125
3 0.37109375 0.34140625 0.009375 0.0125
3 0.6296875 0.35703125 0.01171875 0.009375
3 0.9125 0.0171875 0.04609375 0.034375
3 0.921875 0.246875 0.0171875 0.021875
3 0.909375 0.20390625 0.04296875 0.06640625
3 0.63984375 0.340625 0.01484375 0.021875
3 0.6234375 0.30234375 0.01171875 0.0125
3 0.640625 0.31796875 0.0171875 0.0265625
2 0.921875 0.31796875 0.02421875 0.05
2 0.89453125 0.32109375 0.0125 0.03046875
2 0.9234375 0.1046875 0.0203125 0.08203125
1 0.0875 0.415625 0.0234375 0.10390625
1 0.0625 0.41796875 0.021875 0.1015625
1 0.6671875 0.41484375 0.0125 0.06796875
1 0.6921875 0.41875 0.009375 0.0515625
1 0.68125 0.41640625 0.009375 0.059375
1 0.646875 0.415625 0.009375 0.05859375
1 0.12265625 0.3671875 0.0125 0.01796875
1 0.70234375 0.41953125 0.01640625 0.0640625
1 0.715625 0.41328125 0.01015625 0.046875
1 0.7234375 0.41875 0.0078125 0.04609375
1 0.73125 0.4125 0.0140625 0.04609375
1 0.65390625 0.41953125 0.01015625 0.05546875
1 0.63984375 0.415625 0.0078125 0.05546875
1 0.628125 0.41953125 0.009375 0.0515625
1 0.615625 0.41640625 0.01015625 0.04609375
1 0.60625 0.41015625 0.009375 0.0375
1 0.6015625 0.409375 0.01171875 0.04296875
0 0.3796875 0.403125 0.0140625 0.04140625
0 0.5375 0.3921875 0.01484375 0.028125
0 0.57109375 0.421875 0.06875 0.1015625
0 0.4578125 0.42734375 0.159375 0.27109375
0 0.240625 0.3984375 0.171875 0.29453125
0 0.97890625 0.45 0.0421875 0.075
0 0.84453125 0.52109375 0.3109375 0.2671875
3 0.08046875 0.23515625 0.02109375 0.025
0 0.35625 0.40703125 0.03671875 0.0484375