0 0.5421875 0.421875 0.0125 0.02890625
0 0.5515625 0.4234375 0.0125 0.0359375
0 0.55625 0.425 0.0109375 0.04296875
0 0.565625 0.43125 0.01875 0.04609375
0 0.578125 0.4296875 0.0234375 0.053125
0 0.6046875 0.43671875 0.0453125 0.06796875
0 0.609375 0.446875 0.034375 0.06796875
0 0.6234375 0.453125 0.03984375 0.075
0 0.678125 0.45234375 0.10078125 0.13203125
0 0.70625 0.47578125 0.07578125 0.15546875
0 0.8390625 0.48984375 0.26796875 0.2890625
0 0.5046875 0.4171875 0.009375 0.0234375
0 0.50078125 0.41640625 0.0125 0.0265625
0 0.4859375 0.4265625 0.02578125 0.04609375
0 0.46640625 0.434375 0.03125 0.05703125
0 0.45859375 0.440625 0.0265625 0.05703125
0 0.45625 0.44609375 0.0234375 0.0609375
0 0.440625 0.44765625 0.03671875 0.08046875
0 0.4203125 0.465625 0.0546875 0.09453125
0 0.38046875 0.48203125 0.08046875 0.13359375
0 0.26875 0.5234375 0.2296875 0.23046875
0 0.53203125 0.425 0.01875 0.03359375
0 0.515625 0.4125 0.01328125 0.02890625
0 0.11796875 0.63984375 0.23515625 0.42890625
0 0.9328125 0.521875 0.13359375 0.36953125
3 0.36484375 0.315625 0.01328125 0.0234375
3 0.6546875 0.33984375 0.01640625 0.01953125