3 0.09296875 0.4140625 0.0140625 0.01796875
3 0.1015625 0.4484375 0.02890625 0.021875
3 0.38671875 0.46328125 0.02578125 0.0125
3 0.3390625 0.496875 0.01171875 0.0125
3 0.60078125 0.50859375 0.01015625 0.01640625
3 0.6015625 0.47109375 0.01015625 0.02109375
3 0.74609375 0.4265625 0.01875 0.025
3 0.6921875 0.48515625 0.01015625 0.01953125
3 0.38203125 0.515625 0.0140625 0.01796875
3 0.5171875 0.515625 0.00703125 0.0125
3 0.453125 0.5140625 0.009375 0.009375
2 0.0875 0.48203125 0.02578125 0.03359375
2 0.41875 0.45703125 0.0078125 0.028125
2 0.509375 0.4578125 0.0078125 0.0265625
2 0.5921875 0.51171875 0.01015625 0.03046875
2 0.425 0.45546875 0.00703125 0.025
2 0.515625 0.4546875 0.00625 0.021875
1 0.609375 0.56171875 0.01171875 0.04609375
1 0.578125 0.56484375 0.01484375 0.03203125
0 0.478125 0.54765625 0.0078125 0.009375
0 0.47890625 0.55390625 0.00703125 0.0125
0 0.484375 0.55703125 0.01171875 0.01796875
0 0.47109375 0.55390625 0.01015625 0.01796875
0 0.46484375 0.55390625 0.01171875 0.015625
0 0.4546875 0.55625 0.01171875 0.01953125
0 0.5140625 0.55546875 0.0125 0.009375
0 0.40625 0.54375 0.02265625 0.02109375
0 0.134375 0.55546875 0.028125 0.025
0 0.07265625 0.56953125 0.03203125 0.0484375
0 0.103125 0.56875 0.0671875 0.059375
0 0.1796875 0.578125 0.1140625 0.11953125
0 0.28203125 0.5859375 0.13828125 0.140625
0 0.3921875 0.5734375 0.0546875 0.059375
0 0.6765625 0.55390625 0.01484375 0.021875
0 0.690625 0.55390625 0.015625 0.021875
0 0.70234375 0.5546875 0.00859375 0.025
0 0.734375 0.5484375 0.059375 0.0359375
0 0.7625 0.55625 0.04140625 0.03046875
0 0.8171875 0.5625 0.0984375 0.0765625
0 0.89609375 0.62265625 0.2078125 0.3515625
0 0.50078125 0.5546875 0.0109375 0.01796875