0 0.2921875 0.6203125 0.11171875 0.24453125
0 0.3390625 0.59453125 0.03984375 0.1640625
0 0.35625 0.57734375 0.04140625 0.125
0 0.378125 0.5640625 0.02109375 0.0484375
0 0.4046875 0.56171875 0.01875 0.04140625
0 0.4578125 0.559375 0.0140625 0.0375
0 0.778125 0.57421875 0.16015625 0.24140625
0 0.16015625 0.7453125 0.31796875 0.50859375
0 0.89609375 0.6046875 0.2078125 0.334375
0 0.5953125 0.578125 0.246875 0.31953125
0 0.4328125 0.559375 0.04375 0.071875
1 0.4046875 0.5671875 0.0125 0.05546875
2 0.34453125 0.45546875 0.00390625 0.01953125
2 0.35 0.45546875 0.0046875 0.01953125
2 0.3546875 0.45859375 0.00703125 0.025
2 0.465625 0.44140625 0.00703125 0.025
2 0.47109375 0.440625 0.00546875 0.021875
2 0.4765625 0.44375 0.00703125 0.025