3 0.88125 0.2734375 0.02734375 0.01640625
3 0.871875 0.3 0.015625 0.01640625
3 0.684375 0.353125 0.03046875 0.02109375
3 0.66484375 0.384375 0.00390625 0.015625
3 0.71171875 0.38515625 0.009375 0.015625
2 0.6234375 0.36640625 0.0046875 0.01953125
2 0.5734375 0.3703125 0.00390625 0.015625
3 0.5484375 0.3984375 0.0078125 0.0140625
0 0.94609375 0.4421875 0.1078125 0.240625
0 0.70625 0.4375 0.04296875 0.053125
0 0.1171875 0.4515625 0.23359375 0.19453125
0 0.22578125 0.44140625 0.1859375 0.12109375
0 0.321875 0.440625 0.12578125 0.084375
0 0.4546875 0.4328125 0.0546875 0.05390625
0 0.5046875 0.4296875 0.03125 0.034375
0 0.52109375 0.41875 0.028125 0.03359375
0 0.396875 0.42265625 0.0234375 0.0484375
0 0.59609375 0.421875 0.025 0.03359375