0 0.28671875 0.6109375 0.01875 0.03359375
0 0.30703125 0.6125 0.01875 0.03359375
0 0.3296875 0.6203125 0.021875 0.040625
0 0.35234375 0.62421875 0.01796875 0.034375
0 0.375 0.62890625 0.02421875 0.040625
0 0.3984375 0.6359375 0.02265625 0.04296875
0 0.42109375 0.63515625 0.02421875 0.0515625
0 0.45 0.6390625 0.05390625 0.078125
0 0.48515625 0.6515625 0.05078125 0.078125
0 0.53125 0.65625 0.0734375 0.11640625
0 0.590625 0.66484375 0.096875 0.153125
0 0.7703125 0.71640625 0.28828125 0.259375
0 0.0375 0.66875 0.075 0.10625
3 0.890625 0.39375 0.04375 0.04609375
0 0.14375 0.6234375 0.03828125 0.0625
0 0.11484375 0.65234375 0.078125 0.09140625
0 0.1703125 0.6140625 0.01953125 0.04609375