2 0.2859375 0.49375 0.0078125 0.034375
2 0.3609375 0.5265625 0.0078125 0.0265625
2 0.346875 0.53125 0.0078125 0.02109375
2 0.29765625 0.51953125 0.00625 0.0265625
3 0.390625 0.53515625 0.0078125 0.01953125
3 0.459375 0.5375 0.0171875 0.04140625
0 0.3875 0.60625 0.015625 0.040625
0 0.40703125 0.615625 0.040625 0.0640625
0 0.4421875 0.63515625 0.0484375 0.08203125
0 0.4953125 0.6515625 0.1015625 0.128125
1 0.3625 0.58984375 0.01328125 0.0484375
0 0.2625 0.56484375 0.01640625 0.0265625
0 0.2765625 0.565625 0.01171875 0.02109375