0 0.4921875 0.0546875 0.0140625 0.01953125
0 0.5015625 0.06171875 0.01171875 0.03359375
0 0.5203125 0.06015625 0.03515625 0.0640625
0 0.4421875 0.0546875 0.01015625 0.03203125
0 0.43359375 0.06015625 0.015625 0.04609375
0 0.41640625 0.0609375 0.02734375 0.053125
0 0.36328125 0.065625 0.0140625 0.0375
0 0.70625 0.03359375 0.05546875 0.021875
0 0.4875 0.03828125 0.01171875 0.01640625
0 0.09140625 0.2328125 0.1828125 0.421875
0 0.2984375 0.084375 0.11640625 0.1640625
0 0.3859375 0.0703125 0.0546875 0.071875
0 0.4671875 0.06015625 0.03984375 0.07109375
0 0.5515625 0.075 0.053125 0.078125
1 0.1609375 0.065625 0.01484375 0.0765625
1 0.18515625 0.075 0.0203125 0.1125
0 0.8953125 0.3046875 0.2078125 0.5