2 0.0140625 0.3609375 0.02734375 0.0359375
2 0.7125 0.18515625 0.0171875 0.06953125
2 0.040625 0.36328125 0.00859375 0.02890625
2 0.69375 0.190625 0.0171875 0.06953125
2 0.72734375 0.18828125 0.0078125 0.0609375
2 0.86171875 0.3921875 0.01953125 0.040625
3 0.865625 0.33125 0.02734375 0.01640625
3 0.840625 0.3140625 0.0078125 0.01640625
0 0.16171875 0.4875 0.084375 0.09140625
0 0.27734375 0.478125 0.07265625 0.075
0 0.38359375 0.4671875 0.06171875 0.08203125
0 0.4859375 0.4765625 0.096875 0.09140625
2 0.47265625 0.41953125 0.00546875 0.0140625
2 0.48203125 0.41953125 0.0046875 0.02109375
0 0.215625 0.478125 0.04609375 0.071875
0 0.3203125 0.465625 0.03515625 0.0609375
0 0.3484375 0.46171875 0.025 0.046875
0 0.425 0.4484375 0.02421875 0.04140625
0 0.584375 0.46875 0.05703125 0.075
0 0.5515625 0.471875 0.0265625 0.0609375