0 0.3953125 0.5140625 0.00703125 0.01796875
0 0.4046875 0.51796875 0.0171875 0.0390625
0 0.4265625 0.5171875 0.01796875 0.021875
0 0.415625 0.52890625 0.02109375 0.03046875
0 0.35625 0.50859375 0.01640625 0.02109375
0 0.3234375 0.53203125 0.02890625 0.04609375
0 0.3515625 0.5453125 0.0453125 0.0625
0 0.46640625 0.575 0.09453125 0.12890625
0 0.6078125 0.584375 0.121875 0.134375
0 0.2125 0.54609375 0.05390625 0.06640625
0 0.271875 0.5640625 0.10390625 0.13046875
0 0.1859375 0.55390625 0.0421875 0.08359375
0 0.08671875 0.496875 0.1734375 0.3265625
1 0.9390625 0.59453125 0.06171875 0.184375
1 0.55078125 0.53671875 0.01171875 0.046875
1 0.634375 0.5203125 0.01171875 0.01796875
1 0.54140625 0.5375 0.01171875 0.04609375
1 0.5125 0.53984375 0.009375 0.04609375
3 0.49375 0.44375 0.0125 0.025
3 0.528125 0.47109375 0.01484375 0.0125
3 0.534375 0.4640625 0.01171875 0.0140625
3 0.1390625 0.3703125 0.0125 0.01796875
2 0.28671875 0.428125 0.0078125 0.03046875
2 0.44765625 0.44140625 0.00703125 0.02109375
2 0.29375 0.425 0.00703125 0.02890625
2 0.2125 0.4890625 0.0078125 0.01796875