2 0.0140625 0.01875 0.02578125 0.0359375
2 0.146875 0.2734375 0.01640625 0.10546875
3 0.6234375 0.4515625 0.01953125 0.01640625
3 0.6140625 0.471875 0.0328125 0.03203125
3 0.9203125 0.4625 0.01875 0.02109375
3 0.99140625 0.50390625 0.0171875 0.03359375
3 0.9734375 0.509375 0.015625 0.02890625
3 0.85625 0.5015625 0.01484375 0.0234375
0 0.6734375 0.57578125 0.04375 0.05703125
0 0.7015625 0.57734375 0.06875 0.078125
0 0.7265625 0.5828125 0.06875 0.0640625
0 0.76875 0.584375 0.05234375 0.071875
0 0.81875 0.584375 0.0921875 0.0890625
0 0.859375 0.58984375 0.12265625 0.09296875
0 0.934375 0.5921875 0.13046875 0.1265625
3 0.26875 0.5453125 0.01953125 0.040625
3 0.25546875 0.5609375 0.0109375 0.01953125
3 0.30546875 0.56796875 0.00546875 0.015625
3 0.46875 0.534375 0.00859375 0.0234375
0 0.25625 0.58125 0.0140625 0.015625
0 0.22734375 0.5828125 0.01796875 0.021875
0 0.2046875 0.578125 0.03046875 0.028125
0 0.178125 0.57734375 0.02421875 0.03203125
0 0.15625 0.58359375 0.02109375 0.028125
0 0.1421875 0.584375 0.0125 0.025
0 0.11875 0.578125 0.01640625 0.03046875
0 0.0859375 0.5765625 0.04375 0.0390625
0 0.05859375 0.5796875 0.06796875 0.040625
0 0.015625 0.57578125 0.03125 0.05390625
0 0.00625 0.5875 0.0125 0.028125
3 0.01640625 0.50859375 0.0078125 0.01796875
2 0.4359375 0.5296875 0.0078125 0.01640625
2 0.415625 0.55 0.00703125 0.0125
2 0.44453125 0.559375 0.00703125 0.0125
2 0.4359375 0.55234375 0.00703125 0.0125
0 0.415625 0.56015625 0.01796875 0.0125
0 0.4140625 0.58203125 0.0125 0.028125
0 0.43125 0.584375 0.03125 0.04296875
0 0.3828125 0.59453125 0.05703125 0.078125
0 0.0421875 0.584375 0.0453125 0.040625