1 0.128125 0.646875 0.01640625 0.08046875
0 0.615625 0.715625 0.16640625 0.18359375
0 0.53125 0.6515625 0.028125 0.0375
0 0.46875 0.65546875 0.02421875 0.0375
0 0.45 0.63515625 0.009375 0.0140625
0 0.4328125 0.6328125 0.01015625 0.01640625
1 0.5 0.64375 0.009375 0.0390625
0 0.421875 0.63515625 0.01015625 0.0140625
0 0.4140625 0.63515625 0.0125 0.01796875
0 0.40234375 0.63671875 0.01015625 0.01640625
2 0.3375 0.6078125 0.00390625 0.01640625
2 0.5015625 0.196875 0.03359375 0.1234375
2 0.68046875 0.39921875 0.03203125 0.1234375
3 0.0859375 0.509375 0.01171875 0.025
3 0.08125 0.546875 0.01875 0.05
3 0.1140625 0.4875 0.0078125 0.01796875
3 0.50078125 0.60625 0.009375 0.01640625