0 0.6609375 0.50390625 0.03515625 0.0484375
0 0.69375 0.509375 0.034375 0.0484375
0 0.79375 0.528125 0.03828125 0.065625
0 0.85703125 0.54140625 0.0609375 0.090625
0 0.9328125 0.53984375 0.06640625 0.090625
0 0.47734375 0.478125 0.028125 0.025
0 0.2359375 0.4765625 0.025 0.05546875
0 0.1828125 0.4796875 0.04765625 0.071875
0 0.12734375 0.49609375 0.08203125 0.071875
0 0.06875 0.50234375 0.04296875 0.06640625
0 0.0109375 0.50078125 0.02109375 0.06640625
0 0.33359375 0.53046875 0.21171875 0.2484375
0 0.559375 0.5109375 0.0609375 0.0765625
0 0.4859375 0.5 0.0453125 0.04453125
0 0.625 0.47734375 0.01640625 0.025
0 0.60625 0.478125 0.01796875 0.021875
2 0.521875 0.44140625 0.0140625 0.025
0 0.4390625 0.48828125 0.021875 0.065625