1 0.3 0.2546875 0.01484375 0.084375
1 0.3375 0.265625 0.00703125 0.059375
1 0.3296875 0.265625 0.0140625 0.071875
1 0.43125 0.26796875 0.0078125 0.05
0 0.446875 0.2625 0.01875 0.059375
0 0.4609375 0.271875 0.03203125 0.05859375
0 0.49453125 0.2765625 0.05078125 0.0875
0 0.58125 0.27734375 0.13203125 0.19296875
1 0.69375 0.278125 0.02109375 0.09140625
1 0.7984375 0.23359375 0.02109375 0.0515625
1 0.9484375 0.296875 0.04453125 0.18046875
1 0.9109375 0.2703125 0.0328125 0.1375
3 0.35078125 0.0984375 0.02109375 0.03359375
2 0.453125 0.2109375 0.01171875 0.025