1 0.44921875 0.4828125 0.01953125 0.1234375
3 0.778125 0.37109375 0.09765625 0.090625
0 0.103125 0.578125 0.20546875 0.3375
0 0.1734375 0.51953125 0.24296875 0.2140625
0 0.2484375 0.4921875 0.171875 0.15703125
0 0.275 0.47109375 0.1453125 0.1515625
0 0.359375 0.4984375 0.0375 0.075
0 0.59140625 0.54375 0.1640625 0.215625
0 0.56328125 0.42890625 0.07578125 0.046875
0 0.6703125 0.490625 0.053125 0.06640625
0 0.7921875 0.49140625 0.134375 0.140625
0 0.8078125 0.5171875 0.09140625 0.13046875
0 0.903125 0.4984375 0.128125 0.20546875
0 0.934375 0.50703125 0.13125 0.21640625