3 0.503125 0.4546875 0.01171875 0.01953125
3 0.1953125 0.36015625 0.01171875 0.0125
2 0.45 0.43984375 0.00703125 0.01640625
2 0.409375 0.434375 0.009375 0.015625
0 0.4484375 0.47421875 0.009375 0.0109375
0 0.4578125 0.478125 0.009375 0.0109375
0 0.46796875 0.48828125 0.00859375 0.02109375
0 0.43203125 0.49765625 0.03515625 0.0484375
0 0.48203125 0.5015625 0.02890625 0.0390625
0 0.3953125 0.48125 0.01328125 0.01953125
0 0.3734375 0.478125 0.0140625 0.028125
0 0.359375 0.478125 0.0140625 0.01953125
0 0.296875 0.48984375 0.03046875 0.040625
0 0.2890625 0.4671875 0.01796875 0.02109375
0 0.2578125 0.46953125 0.02265625 0.025
0 0.2359375 0.46953125 0.02421875 0.02890625
0 0.221875 0.4640625 0.01796875 0.01953125
0 0.190625 0.4671875 0.05390625 0.0390625
0 0.33203125 0.48984375 0.053125 0.0734375
0 0.2234375 0.496875 0.05859375 0.05859375
0 0.1203125 0.46015625 0.05 0.025
0 0.09609375 0.45 0.025 0.0125
0 0.07578125 0.45 0.04453125 0.02890625
0 0.05703125 0.45390625 0.053125 0.046875
0 0.02734375 0.45390625 0.0546875 0.046875
0 0.0328125 0.50234375 0.06484375 0.1
0 0.10546875 0.50234375 0.09140625 0.07890625
0 0.525 0.5203125 0.04921875 0.06796875
0 0.5828125 0.54375 0.096875 0.115625
0 0.8734375 0.51328125 0.11875 0.05703125
0 0.9609375 0.54140625 0.0734375 0.06796875
0 0.73984375 0.63984375 0.26875 0.2609375
0 0.890625 0.7046875 0.21796875 0.39453125