2 0.28359375 0.39765625 0.0078125 0.040625
2 0.703125 0.4921875 0.01953125 0.03359375
3 0.171875 0.36484375 0.05390625 0.1015625
3 0.17109375 0.29921875 0.05703125 0.03046875
3 0.690625 0.44609375 0.025 0.01953125
3 0.6984375 0.4171875 0.02109375 0.01953125
3 0.6359375 0.38828125 0.040625 0.021875
3 0.36875 0.50703125 0.01875 0.01953125
1 0.1921875 0.5640625 0.03828125 0.1234375
0 0.28125 0.5703125 0.03828125 0.0609375
0 0.2046875 0.59453125 0.1328125 0.1015625
0 0.4171875 0.5625 0.028125 0.08046875
0 0.8484375 0.575 0.303125 0.49609375
0 0.1125 0.71640625 0.225 0.5078125
0 0.3359375 0.60546875 0.1078125 0.14453125
3 0.99375 0.32734375 0.0109375 0.03046875
3 0.9890625 0.2890625 0.02109375 0.03359375