3 0.2953125 0.27578125 0.03671875 0.071875
3 0.32890625 0.2484375 0.009375 0.025
3 0.31640625 0.30546875 0.015625 0.025
3 0.3265625 0.2796875 0.01875 0.03203125
0 0.328125 0.46796875 0.15390625 0.19140625
0 0.453125 0.4 0.03984375 0.05546875
0 0.4453125 0.4375 0.0296875 0.04453125
0 0.675 0.40546875 0.0265625 0.04453125
0 0.659375 0.4109375 0.02265625 0.0515625
0 0.7296875 0.4609375 0.1453125 0.2
0 0.85078125 0.52890625 0.29140625 0.27109375
0 0.5328125 0.496875 0.20703125 0.3
0 0.1421875 0.58046875 0.284375 0.5453125
3 0.775 0.29140625 0.04296875 0.07109375