0 0.153125 0.62421875 0.30546875 0.325
0 0.90390625 0.6484375 0.1921875 0.228125
0 0.315625 0.57109375 0.0453125 0.09453125
0 0.353125 0.5734375 0.04453125 0.071875
0 0.37890625 0.56796875 0.03828125 0.05546875
0 0.403125 0.565625 0.028125 0.0515625
0 0.80078125 0.60546875 0.121875 0.14140625
0 0.734375 0.5828125 0.09921875 0.1265625
0 0.690625 0.57421875 0.034375 0.07109375
0 0.6734375 0.5640625 0.06484375 0.0765625
0 0.62890625 0.55546875 0.0359375 0.04296875
0 0.61796875 0.55703125 0.02421875 0.034375
0 0.60546875 0.5515625 0.01640625 0.028125
0 0.596875 0.546875 0.01875 0.025
0 0.5875 0.54140625 0.01484375 0.01953125
0 0.45 0.553125 0.03046875 0.040625
0 0.46796875 0.55234375 0.015625 0.02890625
0 0.4796875 0.553125 0.00703125 0.02109375
0 0.4875 0.553125 0.00859375 0.025
0 0.49375 0.553125 0.00625 0.025
0 0.49765625 0.54921875 0.0109375 0.01953125
0 0.4984375 0.54296875 0.01484375 0.021875
0 0.5078125 0.54921875 0.00859375 0.01640625
0 0.515625 0.55 0.01171875 0.02109375
0 0.54375 0.54453125 0.0109375 0.0140625
0 0.5640625 0.5421875 0.00625 0.015625
0 0.534375 0.5453125 0.009375 0.015625
0 0.55625 0.54375 0.0078125 0.015625