2 0.240625 0.36640625 0.009375 0.02109375
2 0.1875 0.41796875 0.00625 0.02109375
2 0.1828125 0.4375 0.0109375 0.0140625
2 0.2796875 0.38125 0.00625 0.01953125
2 0.4796875 0.39921875 0.00625 0.02109375
2 0.2484375 0.3671875 0.00546875 0.01953125
2 0.1109375 0.37578125 0.00625 0.0234375
2 0.10078125 0.4328125 0.01171875 0.01640625
3 0.625 0.22109375 0.02109375 0.01953125
3 0.6046875 0.20703125 0.0171875 0.028125
3 0.625 0.196875 0.02265625 0.028125
3 0.6109375 0.1625 0.0234375 0.0515625
3 0.24921875 0.41328125 0.01328125 0.028125
3 0.4640625 0.3984375 0.0109375 0.0234375
1 0.7484375 0.46796875 0.015625 0.14296875
1 0.65859375 0.475 0.02734375 0.13359375
1 0.5984375 0.4484375 0.0109375 0.075
1 0.5890625 0.453125 0.0171875 0.0890625
1 0.53671875 0.4359375 0.0078125 0.0484375
1 0.53046875 0.45 0.009375 0.04453125
1 0.5203125 0.44140625 0.0078125 0.05703125
1 0.496875 0.434375 0.009375 0.03359375
1 0.48203125 0.4328125 0.00625 0.01953125
1 0.4203125 0.44453125 0.00625 0.028125
1 0.4140625 0.4390625 0.00546875 0.02109375
1 0.29453125 0.44453125 0.00625 0.0234375
1 0.18984375 0.471875 0.00546875 0.0375
1 0.15546875 0.48203125 0.00546875 0.03359375
1 0.1484375 0.4828125 0.0078125 0.040625
1 0.14375 0.48515625 0.0109375 0.034375
1 0.134375 0.4921875 0.0078125 0.05390625
1 0.1625 0.484375 0.0078125 0.0375
1 0.0453125 0.503125 0.0109375 0.05859375
1 0.0234375 0.50859375 0.0171875 0.0640625
1 0.0734375 0.49609375 0.01484375 0.046875
1 0.1 0.49453125 0.01328125 0.05859375
0 0.1734375 0.4734375 0.01484375 0.03046875
0 0.36953125 0.4421875 0.0140625 0.025
0 0.31171875 0.4421875 0.02265625 0.01640625
0 0.4265625 0.43671875 0.01484375 0.0234375
0 0.453125 0.43203125 0.01484375 0.01796875
0 0.278125 0.46875 0.046875 0.0640625
0 0.34609375 0.4625 0.04375 0.059375
0 0.0671875 0.48984375 0.05 0.0484375
0 0.203125 0.4796875 0.0171875 0.0625
0 0.38671875 0.46328125 0.04453125 0.0734375
0 0.321875 0.47734375 0.05546875 0.0640625
0 0.234375 0.48203125 0.07265625 0.07890625
1 0.0078125 0.51171875 0.0109375 0.07109375
0 0.440625 0.4328125 0.0234375 0.015625