3 0.2296875 0.45625 0.00703125 0.0125
3 0.15859375 0.4328125 0.01875 0.01796875
3 0.41796875 0.4828125 0.00859375 0.0125
3 0.484375 0.49140625 0.00546875 0.0140625
3 0.45234375 0.465625 0.06015625 0.08203125
3 0.5421875 0.440625 0.0171875 0.040625
3 0.784375 0.484375 0.015625 0.03046875
0 0.271875 0.4734375 0.009375 0.00859375
0 0.25703125 0.4640625 0.0125 0.0109375
0 0.2421875 0.46953125 0.0125 0.015625
0 0.25625 0.4765625 0.01796875 0.025
0 0.20625 0.46171875 0.01171875 0.0140625
0 0.1921875 0.4609375 0.0171875 0.015625
0 0.1671875 0.46015625 0.0140625 0.01796875
0 0.15390625 0.4640625 0.01875 0.02109375
0 0.203125 0.48203125 0.0203125 0.02890625
0 0.17890625 0.478125 0.02421875 0.0234375
0 0.1625 0.50234375 0.0375 0.04453125
0 0.08125 0.45390625 0.0265625 0.0375
0 0.096875 0.46484375 0.02734375 0.03046875
0 0.021875 0.46484375 0.01875 0.0265625
0 0.053125 0.48046875 0.0484375 0.04453125
0 0.02109375 0.50390625 0.0421875 0.1015625
0 0.1171875 0.46953125 0.02734375 0.03046875
0 0.178125 0.51796875 0.053125 0.05859375
0 0.246875 0.484375 0.021875 0.025
0 0.28515625 0.478125 0.01640625 0.025
0 0.2796875 0.509375 0.03046875 0.040625