2 0.04453125 0.27109375 0.03515625 0.053125
2 0.3828125 0.35859375 0.0140625 0.021875
2 0.1375 0.2984375 0.01015625 0.025
2 0.2765625 0.34609375 0.01015625 0.025
2 0.37109375 0.35 0.00703125 0.03203125
2 0.4203125 0.415625 0.009375 0.01796875
2 0.39296875 0.41640625 0.009375 0.01640625
2 0.446875 0.37734375 0.01015625 0.01796875
2 0.26328125 0.428125 0.009375 0.01640625
2 0.12890625 0.371875 0.00859375 0.01640625
3 0.1234375 0.39921875 0.01015625 0.025
3 0.3921875 0.4328125 0.009375 0.01640625
3 0.571875 0.390625 0.04140625 0.0984375
2 0.453125 0.41953125 0.009375 0.01796875
3 0.4484375 0.39375 0.01875 0.0234375
1 0.49375 0.4953125 0.01015625 0.05546875
3 0.215625 0.403125 0.00859375 0.0109375
3 0.3171875 0.415625 0.009375 0.009375
0 0.371875 0.446875 0.04921875 0.0375
0 0.434375 0.5078125 0.06328125 0.096875
0 0.24765625 0.4515625 0.03359375 0.03046875
0 0.1953125 0.43359375 0.01171875 0.0265625
0 0.1859375 0.4296875 0.01328125 0.03359375
0 0.21328125 0.43671875 0.02265625 0.02890625
0 0.1671875 0.42734375 0.0359375 0.0390625
0 0.13125 0.42578125 0.0359375 0.04609375
0 0.1046875 0.41953125 0.01796875 0.03046875
0 0.08203125 0.40703125 0.03671875 0.046875
0 0.05234375 0.4046875 0.0265625 0.0515625
0 0.01640625 0.403125 0.03203125 0.04453125
0 0.234375 0.440625 0.01953125 0.0265625
0 0.2765625 0.47890625 0.05 0.08359375
0 0.3359375 0.590625 0.19609375 0.296875