2 0.39375 0.28671875 0.01328125 0.075
2 0.57421875 0.35390625 0.00625 0.028125
2 0.1859375 0.3078125 0.0109375 0.03359375
2 0.175 0.30859375 0.0078125 0.03046875
2 0.4 0.3796875 0.009375 0.03359375
2 0.6734375 0.32734375 0.009375 0.03046875
2 0.75703125 0.34609375 0.0109375 0.03046875
2 0.759375 0.4046875 0.01328125 0.01640625
2 0.8953125 0.40234375 0.0078125 0.02109375
2 0.66015625 0.40234375 0.01484375 0.0265625
3 0.3796875 0.3546875 0.02265625 0.0375
3 0.16875 0.359375 0.0140625 0.0140625
3 0.0984375 0.34140625 0.01484375 0.02109375
3 0.678125 0.3953125 0.021875 0.04609375
3 0.6453125 0.36796875 0.0140625 0.025
3 0.7421875 0.384375 0.01171875 0.0375
2 0.25859375 0.42421875 0.0109375 0.015625
0 0.44921875 0.45859375 0.01484375 0.0234375
0 0.4296875 0.45546875 0.03046875 0.0359375
0 0.39921875 0.4515625 0.0296875 0.03203125
0 0.62578125 0.4453125 0.02578125 0.04296875
0 0.67109375 0.48828125 0.09765625 0.140625
0 0.5375 0.509375 0.18359375 0.284375
0 0.790625 0.53046875 0.2265625 0.24140625