3 0.37890625 0.41484375 0.009375 0.00703125
3 0.37421875 0.46328125 0.009375 0.0125
3 0.928125 0.22109375 0.05234375 0.084375
3 0.94375 0.3 0.0203125 0.025
3 0.93125 0.34453125 0.0328125 0.059375
2 0.31875 0.41015625 0.0109375 0.02109375
0 0.36484375 0.48125 0.01875 0.0359375
0 0.33515625 0.49453125 0.02734375 0.040625
0 0.28125 0.490625 0.07890625 0.0859375
0 0.6609375 0.4859375 0.06015625 0.0875
0 0.93125 0.55234375 0.1375 0.271875
0 0.76875 0.56640625 0.24375 0.2640625
0 0.5046875 0.553125 0.29140625 0.43046875