0 0.89375 0.615625 0.21171875 0.67109375
0 0.5015625 0.66875 0.1734375 0.23359375
0 0.4140625 0.62265625 0.05078125 0.09140625
0 0.5828125 0.625 0.071875 0.134375
1 0.6671875 0.615625 0.01875 0.071875
2 0.4609375 0.43046875 0.0078125 0.03359375
2 0.540625 0.465625 0.0078125 0.03203125
2 0.546875 0.54453125 0.02109375 0.021875
2 0.6671875 0.50546875 0.021875 0.03359375
2 0.3765625 0.415625 0.01640625 0.05859375
2 0.36171875 0.4734375 0.0125 0.0359375
2 0.3796875 0.52421875 0.00703125 0.0265625
3 0.5390625 0.409375 0.02421875 0.02890625
3 0.53984375 0.434375 0.0125 0.01640625
3 0.6484375 0.41640625 0.03203125 0.0234375
3 0.60234375 0.54375 0.0125 0.0125
3 0.54453125 0.49765625 0.01328125 0.021875
3 0.5453125 0.31328125 0.0890625 0.07109375
3 0.68359375 0.5109375 0.0109375 0.0234375