2 0.42109375 0.078125 0.01875 0.07109375
2 0.73125 0.015625 0.01875 0.02890625
3 0.0484375 0.184375 0.0578125 0.0359375
3 0.10390625 0.19609375 0.028125 0.040625
3 0.084375 0.21171875 0.03515625 0.0265625
3 0.2078125 0.2609375 0.0171875 0.0375
3 0.8828125 0.1984375 0.03671875 0.0265625
3 0.8734375 0.228125 0.02421875 0.02890625
3 0.8703125 0.2734375 0.01796875 0.06640625
2 0.8921875 0.3 0.02421875 0.04609375
1 0.634375 0.39765625 0.01875 0.065625
1 0.64375 0.39140625 0.0109375 0.0640625
1 0.6640625 0.40078125 0.02421875 0.075
1 0.675 0.40390625 0.02421875 0.084375
1 0.6921875 0.4 0.02734375 0.08359375
1 0.803125 0.4203125 0.02109375 0.0984375
1 0.834375 0.40078125 0.03203125 0.078125
1 0.91171875 0.44609375 0.0375 0.1390625
1 0.9671875 0.44453125 0.0359375 0.165625
1 0.9890625 0.45859375 0.0203125 0.1640625
0 0.4359375 0.38984375 0.03671875 0.046875
0 0.3640625 0.346875 0.05078125 0.040625
0 0.4046875 0.378125 0.025 0.046875
0 0.4921875 0.3953125 0.0359375 0.059375
0 0.53125 0.365625 0.0234375 0.0234375
0 0.56875 0.378125 0.05390625 0.0859375
0 0.3703125 0.421875 0.0890625 0.13203125
0 0.5265625 0.42265625 0.071875 0.096875
0 0.17734375 0.521875 0.3546875 0.54296875
3 0.75 0.0296875 0.04375 0.05859375
3 0.8015625 0.02890625 0.0515625 0.05703125
1 0.740625 0.415625 0.025 0.10546875
3 0.87578125 0.353125 0.0359375 0.07109375