0 0.5921875 0.52265625 0.0609375 0.06796875
0 0.4359375 0.50703125 0.02265625 0.0359375
0 0.565625 0.5078125 0.04921875 0.06640625
0 0.5015625 0.471875 0.02265625 0.01953125
0 0.165625 0.52109375 0.01328125 0.02890625
0 0.496875 0.4734375 0.0078125 0.021875
1 0.29375 0.49765625 0.00703125 0.0265625
1 0.28203125 0.496875 0.0078125 0.03359375
3 0.36953125 0.4125 0.01640625 0.0265625
3 0.371875 0.45625 0.0125 0.0125
3 0.31875 0.425 0.0109375 0.01640625
3 0.346875 0.41875 0.0109375 0.02890625
3 0.346875 0.43984375 0.01328125 0.01640625
3 0.35 0.4640625 0.0125 0.021875
3 0.5421875 0.43671875 0.01484375 0.0265625
3 0.5421875 0.4578125 0.0109375 0.009375
2 0.396875 0.4234375 0.00546875 0.02890625
2 0.56875 0.4296875 0.009375 0.0265625
2 0.48984375 0.371875 0.0078125 0.03203125
2 0.4796875 0.3734375 0.00546875 0.0265625
2 0.1265625 0.34375 0.0078125 0.04296875
2 0.1078125 0.48671875 0.01328125 0.01953125
3 0.3140625 0.38359375 0.0109375 0.01640625
0 0.2265625 0.390625 0.01953125 0.01796875
3 0.3890625 0.4734375 0.0109375 0.0265625
3 0.371875 0.43203125 0.0234375 0.00703125
3 0.371875 0.44453125 0.01640625 0.0125