3 0.1578125 0.1625 0.01875 0.05
3 0.146875 0.23125 0.02578125 0.078125
3 0.1203125 0.1265625 0.04296875 0.03046875
3 0.57109375 0.36640625 0.015625 0.028125
3 0.5546875 0.36796875 0.009375 0.0234375
3 0.4015625 0.359375 0.01953125 0.03359375
3 0.40234375 0.31796875 0.015625 0.03046875
3 0.38984375 0.37109375 0.01171875 0.01953125
3 0.4421875 0.33515625 0.0109375 0.0234375
3 0.53515625 0.3703125 0.009375 0.01953125
3 0.51953125 0.36875 0.0109375 0.01953125
3 0.45234375 0.3625 0.0078125 0.02109375
1 0.13203125 0.4078125 0.01015625 0.0359375
1 0.05625 0.40703125 0.02265625 0.0265625
0 0.465625 0.39296875 0.01328125 0.03046875
0 0.4578125 0.40234375 0.01484375 0.03046875
0 0.45625 0.409375 0.01328125 0.034375
0 0.4515625 0.4140625 0.015625 0.05390625
0 0.4359375 0.41328125 0.03046875 0.046875
0 0.425 0.421875 0.01875 0.06953125
0 0.403125 0.428125 0.0484375 0.08046875
0 0.4125 0.43515625 0.02734375 0.08046875
0 0.3875 0.44375 0.06015625 0.0890625
0 0.3546875 0.4578125 0.06015625 0.10546875
0 0.509375 0.39140625 0.0109375 0.0234375
0 0.5171875 0.3984375 0.015625 0.0375
0 0.528125 0.40234375 0.01484375 0.0484375
0 0.5453125 0.4078125 0.03828125 0.05859375
0 0.54609375 0.41640625 0.02109375 0.05390625
0 0.578125 0.41328125 0.04375 0.0515625
0 0.6140625 0.409375 0.04765625 0.04453125
0 0.4828125 0.3828125 0.0109375 0.01953125
0 0.49375 0.41484375 0.034375 0.0515625
0 0.2828125 0.4796875 0.14765625 0.165625
0 0.6921875 0.4921875 0.35078125 0.20703125
0 0.75546875 0.40703125 0.06953125 0.04453125
0 0.83515625 0.415625 0.08359375 0.09453125
0 0.4359375 0.421875 0.01953125 0.0484375