0 0.05390625 0.49453125 0.04609375 0.0265625
0 0.125 0.4875 0.04765625 0.03046875
0 0.18125 0.4859375 0.04140625 0.01796875
0 0.246875 0.48359375 0.02734375 0.01796875
0 0.2828125 0.4828125 0.01953125 0.015625
0 0.30390625 0.48046875 0.01875 0.0140625
0 0.33125 0.4796875 0.01484375 0.0125
0 0.4359375 0.4765625 0.01796875 0.028125
0 0.484375 0.5203125 0.0890625 0.121875
3 0.51953125 0.43046875 0.0171875 0.03046875
3 0.5046875 0.425 0.009375 0.01953125
3 0.32421875 0.453125 0.02421875 0.01796875
3 0.4703125 0.45 0.00703125 0.0140625
3 0.17265625 0.459375 0.01640625 0.0234375
0 0.2046875 0.4828125 0.0125 0.0109375