0 0.7203125 0.56484375 0.009375 0.00703125
0 0.7359375 0.56484375 0.0078125 0.0125
0 0.7203125 0.5859375 0.0109375 0.01640625
0 0.740625 0.60078125 0.0125 0.01640625
0 0.74296875 0.60859375 0.01328125 0.021875
0 0.753125 0.603125 0.0125 0.0265625
0 0.7625 0.60078125 0.01953125 0.03203125
0 0.7875 0.6046875 0.03515625 0.053125
0 0.8171875 0.61484375 0.0546875 0.071875
0 0.859375 0.6328125 0.0734375 0.11953125
0 0.93046875 0.6484375 0.1390625 0.20390625
0 0.96484375 0.69375 0.0703125 0.203125
0 0.7296875 0.603125 0.0109375 0.0140625
0 0.7 0.60625 0.01640625 0.0234375
0 0.68671875 0.5953125 0.01796875 0.04140625
0 0.675 0.5921875 0.02578125 0.04609375
0 0.66484375 0.596875 0.0234375 0.04296875
0 0.63984375 0.6 0.04921875 0.07109375
0 0.5890625 0.61796875 0.075 0.09140625
0 0.325 0.625 0.1078125 0.08046875
0 0.215625 0.628125 0.121875 0.121875
0 0.084375 0.65234375 0.16796875 0.1484375
3 0.9578125 0.4578125 0.03515625 0.0984375
3 0.7515625 0.52734375 0.01796875 0.02890625