2 0.05703125 0.54453125 0.0125 0.0234375
2 0.15078125 0.42265625 0.0109375 0.03359375
2 0.346875 0.375 0.00703125 0.03359375
2 0.1578125 0.428125 0.00859375 0.02109375
2 0.1515625 0.50078125 0.015625 0.01953125
2 0.35390625 0.371875 0.00703125 0.03203125
2 0.46953125 0.421875 0.0109375 0.025
3 0.0421875 0.52421875 0.0203125 0.0109375
3 0.44453125 0.296875 0.015625 0.04453125
3 0.4640625 0.35 0.03203125 0.01953125
3 0.4515625 0.38671875 0.02421875 0.021875
1 0.49140625 0.5 0.01640625 0.0734375
0 0.34375 0.51953125 0.01640625 0.03046875
0 0.33359375 0.5296875 0.01953125 0.05
0 0.3140625 0.5359375 0.0328125 0.05390625
0 0.353125 0.53046875 0.00859375 0.0515625
0 0.378125 0.52734375 0.04921875 0.07890625
1 0.509375 0.48125 0.009375 0.0484375