1 0.559375 0.4625 0.05703125 0.20703125
2 0.5 0.040625 0.025 0.08046875
2 0.47421875 0.040625 0.0234375 0.08125
0 0.425 0.39296875 0.00859375 0.0109375
0 0.4140625 0.39140625 0.0078125 0.0140625
0 0.40390625 0.4046875 0.0140625 0.01953125
0 0.3953125 0.39765625 0.00625 0.0125
0 0.38359375 0.40546875 0.00546875 0.01640625
0 0.3765625 0.40703125 0.0109375 0.0140625
0 0.36796875 0.4109375 0.009375 0.01796875
0 0.390625 0.42734375 0.028125 0.040625
0 0.35703125 0.409375 0.00859375 0.01953125
0 0.2703125 0.41953125 0.025 0.028125
0 0.240625 0.45390625 0.05703125 0.0734375
0 0.3640625 0.44453125 0.02109375 0.0625
0 0.3125 0.4515625 0.0953125 0.12890625
0 0.43515625 0.403125 0.00859375 0.02109375
0 0.4484375 0.403125 0.01484375 0.01796875
0 0.46171875 0.43125 0.01875 0.04453125
0 0.49140625 0.43359375 0.04765625 0.0859375
0 0.50625 0.45 0.04375 0.08046875
0 0.5265625 0.459375 0.0515625 0.0859375
2 0.0265625 0.32578125 0.02109375 0.04609375
3 0.015625 0.22890625 0.03125 0.028125
2 0.7109375 0.3078125 0.025 0.0390625
3 0.67734375 0.2390625 0.0453125 0.028125
3 0.70078125 0.20390625 0.02890625 0.0265625
0 0.94921875 0.4875 0.1015625 0.128125
0 0.44921875 0.4234375 0.0171875 0.03046875