3 0.290625 0.221875 0.03046875 0.021875
3 0.5703125 0.2734375 0.0125 0.0265625
3 0.80078125 0.26015625 0.0171875 0.0109375
3 0.7984375 0.28671875 0.01640625 0.0359375
2 0.484375 0.2890625 0.00546875 0.02109375
2 0.5046875 0.29765625 0.0046875 0.0140625
2 0.54453125 0.321875 0.00703125 0.0109375
1 0.64375 0.3484375 0.01328125 0.0640625
1 0.675 0.36640625 0.01953125 0.0890625
1 0.7625 0.3640625 0.01875 0.06953125
0 0.4953125 0.35546875 0.040625 0.09140625
0 0.853125 0.38046875 0.0765625 0.075
0 0.9453125 0.384375 0.06953125 0.06640625
0 0.475 0.340625 0.0046875 0.0140625
0 0.4703125 0.33828125 0.00625 0.0109375
0 0.5828125 0.34609375 0.0125 0.0234375
0 0.4625 0.3375 0.01015625 0.0140625
3 0.90234375 0.0578125 0.04609375 0.04296875