3 0.2875 0.2375 0.01640625 0.009375
3 0.296875 0.271875 0.01875 0.0140625
3 0.7015625 0.13046875 0.0375 0.01953125
3 0.68125 0.16015625 0.03671875 0.021875
3 0.68046875 0.21015625 0.01171875 0.01953125
3 0.5890625 0.2703125 0.0171875 0.0140625
2 0.1484375 0.27890625 0.01640625 0.028125
2 0.1625 0.28046875 0.009375 0.028125
2 0.33828125 0.146875 0.009375 0.04140625
2 0.48125 0.17578125 0.0078125 0.03359375
2 0.35078125 0.146875 0.01171875 0.04140625
2 0.490625 0.17578125 0.0109375 0.0359375
2 0.6984375 0.25078125 0.01875 0.03203125
2 0.28828125 0.296875 0.0125 0.01796875
1 0.715625 0.35078125 0.02109375 0.05703125
1 0.2203125 0.3609375 0.01328125 0.05703125
1 0.328125 0.34765625 0.01328125 0.046875
1 0.109375 0.37734375 0.01953125 0.109375
0 0.8203125 0.45 0.28828125 0.2859375
0 0.71328125 0.35546875 0.0421875 0.04453125
0 0.478125 0.35703125 0.05234375 0.07890625
0 0.5390625 0.3578125 0.0375 0.05390625
0 0.52265625 0.3421875 0.02578125 0.04296875
0 0.50703125 0.3359375 0.0171875 0.03046875
0 0.353125 0.3671875 0.04375 0.05859375
0 0.4328125 0.33828125 0.028125 0.04296875
0 0.4515625 0.33671875 0.0125 0.01796875
2 0.4296875 0.284375 0.00546875 0.01640625
0 0.046875 0.3703125 0.09375 0.08203125
0 0.09296875 0.36796875 0.01484375 0.0640625
0 0.1390625 0.35625 0.05625 0.0640625
0 0.1953125 0.35703125 0.03828125 0.04453125
0 0.22265625 0.36015625 0.0546875 0.04296875
0 0.2265625 0.34375 0.0421875 0.0265625
0 0.3140625 0.34453125 0.04765625 0.028125