2 0.346875 0.19453125 0.00625 0.0234375
2 0.459375 0.18828125 0.00703125 0.025
0 0.4109375 0.24765625 0.0234375 0.03046875
0 0.45 0.25234375 0.009375 0.01796875
0 0.46875 0.259375 0.01171875 0.028125
0 0.484375 0.2671875 0.02265625 0.04453125
0 0.503125 0.275 0.028125 0.07109375
0 0.54296875 0.2859375 0.06796875 0.09140625
1 0.53203125 0.315625 0.02109375 0.11953125
0 0.57578125 0.321875 0.07421875 0.09296875
0 0.0546875 0.3734375 0.10859375 0.2
2 0.8140625 0.19453125 0.01328125 0.03046875
3 0.84375 0.140625 0.02109375 0.01953125
2 0.8015625 0.19296875 0.0125 0.03359375
3 0.5046875 0.1859375 0.021875 0.0125
3 0.33125 0.20234375 0.0203125 0.0109375
0 0.475 0.26171875 0.0140625 0.0359375