0 0.190625 0.5671875 0.2453125 0.28203125
0 0.3765625 0.490625 0.03828125 0.053125
0 0.45546875 0.490625 0.05859375 0.0875
0 0.790625 0.50859375 0.14609375 0.1375
0 0.953125 0.5375 0.09296875 0.1625
0 0.021875 0.50390625 0.04296875 0.065625
0 0.04140625 0.47578125 0.03828125 0.025
0 0.06875 0.50625 0.07890625 0.0734375
0 0.10703125 0.4734375 0.02734375 0.02109375
0 0.2859375 0.490625 0.02265625 0.0515625
0 0.309375 0.48828125 0.0328125 0.046875
0 0.33046875 0.4890625 0.021875 0.0390625
0 0.34375 0.490625 0.015625 0.028125
0 0.353125 0.47890625 0.0125 0.01640625
0 0.421875 0.4859375 0.01796875 0.03203125
0 0.403125 0.490625 0.01015625 0.0109375
3 0.5109375 0.41796875 0.0078125 0.0109375
3 0.55078125 0.421875 0.01328125 0.028125
3 0.575 0.40546875 0.00859375 0.021875
3 0.5765625 0.4265625 0.009375 0.015625
3 0.5390625 0.44375 0.0125 0.01953125
2 0.3390625 0.4328125 0.00625 0.021875
2 0.396875 0.4453125 0.00546875 0.0140625
2 0.4984375 0.41015625 0.00546875 0.02109375
2 0.4234375 0.4140625 0.00390625 0.01953125
2 0.32890625 0.4109375 0.00625 0.01953125
3 0.615625 0.40078125 0.021875 0.03359375
3 0.01875 0.3640625 0.034375 0.06953125