2 0.3453125 0.2453125 0.00703125 0.01953125
2 0.4765625 0.240625 0.00546875 0.015625
2 0.39453125 0.28671875 0.00546875 0.0125
2 0.390625 0.30703125 0.00859375 0.00546875
3 0.23125 0.22734375 0.015625 0.025
3 0.22890625 0.259375 0.00859375 0.009375
3 0.23203125 0.28125 0.0203125 0.0265625
3 0.21328125 0.28203125 0.01484375 0.028125
3 0.2921875 0.25 0.0109375 0.0125
3 0.2859375 0.29140625 0.015625 0.0109375
3 0.5671875 0.246875 0.01875 0.0109375
3 0.60703125 0.209375 0.02265625 0.0140625
3 0.61171875 0.1890625 0.0265625 0.02109375
3 0.5125 0.23203125 0.0109375 0.00546875
2 0.509375 0.28125 0.00625 0.0140625
1 0.36171875 0.290625 0.0296875 0.0484375
0 0.315625 0.3171875 0.0796875 0.07109375
0 0.26953125 0.37734375 0.0828125 0.1125
0 0.459375 0.34375 0.11328125 0.153125
0 0.5078125 0.3203125 0.0109375 0.0484375
0 0.5265625 0.33203125 0.04296875 0.071875
0 0.5875 0.2859375 0.07890625 0.04140625
0 0.553125 0.35078125 0.0578125 0.09453125
0 0.59375 0.3671875 0.0734375 0.125
0 0.60546875 0.3953125 0.04921875 0.1734375
0 0.1375 0.440625 0.2734375 0.44609375
0 0.3921875 0.49609375 0.27265625 0.36953125