0 0.053125 0.7265625 0.10546875 0.246875
0 0.06171875 0.57890625 0.10390625 0.07109375
0 0.14765625 0.6625 0.24453125 0.22109375
3 0.37265625 0.46328125 0.01328125 0.009375
3 0.3796875 0.471875 0.01796875 0.0109375
2 0.36953125 0.509375 0.00625 0.01953125
0 0.4265625 0.6046875 0.08046875 0.10859375
0 0.496875 0.58046875 0.05390625 0.0890625
0 0.55078125 0.5671875 0.03046875 0.05
0 0.528125 0.56328125 0.01484375 0.0234375
2 0.45 0.40234375 0.0078125 0.02890625
2 0.4609375 0.403125 0.01171875 0.03203125
2 0.5515625 0.36015625 0.01171875 0.0484375
2 0.24375 0.465625 0.02421875 0.03359375
3 0.2703125 0.453125 0.0109375 0.02109375
0 0.884375 0.70234375 0.23046875 0.5859375
3 0.14375 0.378125 0.02890625 0.0375
0 0.45859375 0.56640625 0.01171875 0.025