3 0.6171875 0.434375 0.015625 0.034375
3 0.6125 0.40390625 0.05 0.02890625
3 0.68203125 0.45390625 0.0109375 0.028125
0 0.1609375 0.571875 0.125 0.12109375
0 0.34140625 0.509375 0.0359375 0.0515625
0 0.384375 0.496875 0.0234375 0.02890625
0 0.415625 0.48359375 0.01875 0.0234375
0 0.4390625 0.484375 0.015625 0.021875
0 0.4578125 0.47421875 0.01171875 0.015625
0 0.4765625 0.471875 0.0109375 0.01953125
0 0.0546875 0.5109375 0.02421875 0.021875
0 0.0375 0.5078125 0.01328125 0.01640625
0 0.1078125 0.5078125 0.01640625 0.01640625
0 0.13046875 0.51015625 0.01796875 0.0234375
0 0.28125 0.50234375 0.0328125 0.0375
0 0.3234375 0.496875 0.01484375 0.025
0 0.35625 0.49453125 0.01484375 0.028125
0 0.36953125 0.48359375 0.009375 0.0125
0 0.3859375 0.478125 0.01171875 0.00703125
0 0.396875 0.478125 0.009375 0.0140625
0 0.43828125 0.465625 0.00703125 0.0140625
0 0.4890625 0.459375 0.00859375 0.0109375
0 0.496875 0.45390625 0.00703125 0.0140625
0 0.425 0.46953125 0.0078125 0.0109375