2 0.4859375 0.21015625 0.015625 0.05859375
2 0.9171875 0.2328125 0.02421875 0.06953125
2 0.97421875 0.2296875 0.04765625 0.0890625
2 0.471875 0.21015625 0.01484375 0.05859375
2 0.175 0.1109375 0.01484375 0.05703125
2 0.1953125 0.1046875 0.01484375 0.0609375
0 0.34609375 0.4875 0.01328125 0.0515625
0 0.334375 0.4890625 0.02421875 0.0640625
0 0.2859375 0.46953125 0.021875 0.0234375
0 0.25 0.503125 0.065625 0.084375
0 0.3046875 0.50625 0.06875 0.078125
3 0.94140625 0.3265625 0.04296875 0.0875
0 0.8546875 0.52890625 0.28984375 0.3390625
0 0.94609375 0.64609375 0.1078125 0.334375
0 0.5125 0.540625 0.3515625 0.453125
3 0.93828125 0.16875 0.07734375 0.04296875