0 0.140625 0.559375 0.22265625 0.33046875
0 0.35 0.484375 0.0265625 0.0390625
0 0.31328125 0.48671875 0.0296875 0.04140625
0 0.4890625 0.4890625 0.04375 0.084375
0 0.55 0.51328125 0.12890625 0.15390625
0 0.703125 0.540625 0.259375 0.2265625
0 0.29375 0.48125 0.0203125 0.03359375
0 0.3375 0.4796875 0.01171875 0.03046875
0 0.28125 0.478125 0.0078125 0.0234375
0 0.2796875 0.49296875 0.0078125 0.0234375
0 0.903125 0.55390625 0.19296875 0.3265625
2 0.3734375 0.42890625 0.0078125 0.02890625
2 0.24140625 0.3921875 0.00703125 0.03359375
0 0.2640625 0.48203125 0.00859375 0.03359375