0 0.97890625 0.453125 0.0421875 0.084375
0 0.0453125 0.54921875 0.08984375 0.275
2 0.44375 0.1265625 0.01640625 0.078125
2 0.6359375 0.33671875 0.02265625 0.0359375
2 0.421875 0.128125 0.02578125 0.08203125
3 0.609375 0.28046875 0.0359375 0.02109375
2 0.353125 0.3984375 0.00703125 0.01640625
2 0.42265625 0.38828125 0.0046875 0.021875
0 0.46015625 0.465625 0.021875 0.040625
0 0.471875 0.47265625 0.0140625 0.0515625
0 0.490625 0.47578125 0.03984375 0.06953125
0 0.521875 0.484375 0.06796875 0.0859375
0 0.359375 0.47421875 0.01015625 0.025
0 0.3734375 0.4734375 0.02265625 0.0390625
0 0.41171875 0.49140625 0.07265625 0.10390625
0 0.3265625 0.4765625 0.0328125 0.04609375
0 0.3015625 0.4875 0.0359375 0.0515625
0 0.28046875 0.5 0.0234375 0.046875
0 0.2484375 0.496875 0.05390625 0.0734375
0 0.23125 0.509375 0.046875 0.075
0 0.1765625 0.51640625 0.0921875 0.10703125
2 0.6171875 0.33671875 0.01171875 0.04453125
0 0.4453125 0.46328125 0.01328125 0.0234375
2 0.41875 0.3890625 0.003125 0.02109375
2 0.48984375 0.478125 0.02578125 0.06953125
0 0.465625 0.475 0.0125 0.04296875