0 0.15078125 0.63359375 0.3015625 0.3515625
0 0.7484375 0.65234375 0.22890625 0.21796875
0 0.4671875 0.57421875 0.03515625 0.05546875
0 0.29140625 0.56328125 0.0328125 0.0234375
0 0.371875 0.5625 0.01171875 0.01640625
0 0.3625 0.56328125 0.0109375 0.0140625
0 0.35234375 0.56328125 0.01328125 0.01640625
0 0.41640625 0.565625 0.009375 0.01953125
0 0.4375 0.56484375 0.0125 0.0234375
0 0.4515625 0.5671875 0.00703125 0.02109375
0 0.49375 0.57265625 0.02265625 0.03203125
0 0.425 0.5703125 0.01953125 0.0265625
3 0.40546875 0.3421875 0.03125 0.021875
3 0.5078125 0.35703125 0.03828125 0.0234375
3 0.5859375 0.3625 0.040625 0.02109375
3 0.5859375 0.40859375 0.096875 0.07109375
3 0.49375 0.38984375 0.078125 0.046875
3 0.4046875 0.4 0.09140625 0.09609375
3 0.53203125 0.53046875 0.01640625 0.01953125