3 0.46640625 0.37578125 0.015625 0.02890625
3 0.571875 0.346875 0.0125 0.025
3 0.578125 0.36640625 0.01015625 0.021875
3 0.61796875 0.315625 0.0640625 0.05703125
3 0.23671875 0.39375 0.01875 0.01640625
3 0.278125 0.36796875 0.0171875 0.03046875
2 0.53671875 0.35234375 0.00546875 0.01640625
2 0.521875 0.3546875 0.00546875 0.01640625
2 0.51796875 0.36015625 0.0046875 0.01640625
2 0.5515625 0.35 0.00625 0.015625
1 0.5703125 0.39609375 0.00625 0.021875
0 0.103125 0.4640625 0.134375 0.1265625
0 0.43125 0.40546875 0.025 0.01796875
0 0.4078125 0.40546875 0.02578125 0.01953125
0 0.5125 0.396875 0.01015625 0.009375
0 0.5015625 0.396875 0.01015625 0.009375
0 0.5375 0.39453125 0.00859375 0.00703125
0 0.528125 0.39609375 0.00859375 0.009375
0 0.5203125 0.3953125 0.0078125 0.009375
0 0.55625 0.3921875 0.01328125 0.009375