2 0.284375 0.34609375 0.015625 0.0265625
2 0.57421875 0.246875 0.0125 0.05703125
2 0.4953125 0.46015625 0.00859375 0.0109375
2 0.53125 0.453125 0.009375 0.0140625
2 0.5625 0.24765625 0.0140625 0.05703125
2 0.58671875 0.2453125 0.01171875 0.05703125
3 0.2859375 0.3859375 0.01875 0.0359375
3 0.28828125 0.4359375 0.01640625 0.03359375
0 0.54375 0.48515625 0.0125 0.01796875
0 0.56953125 0.48046875 0.0375 0.05
0 0.3953125 0.5046875 0.01875 0.02109375
0 0.378125 0.50703125 0.01640625 0.01953125
0 0.36328125 0.51171875 0.01796875 0.021875
0 0.34140625 0.509375 0.01875 0.01796875
0 0.3265625 0.509375 0.01796875 0.01796875
0 0.309375 0.515625 0.025 0.028125
0 0.2796875 0.515625 0.01640625 0.028125
0 0.2578125 0.5234375 0.03125 0.03359375
0 0.21875 0.53359375 0.04296875 0.0640625
0 0.18203125 0.53515625 0.05859375 0.075
0 0.1390625 0.54375 0.0515625 0.06796875
0 0.0671875 0.55 0.09453125 0.0859375
0 0.0171875 0.565625 0.03359375 0.06796875
0 0.7734375 0.52734375 0.3734375 0.425