1 0.01171875 0.42421875 0.0234375 0.140625
1 0.04453125 0.41484375 0.04453125 0.16640625
1 0.684375 0.41796875 0.0078125 0.021875
1 0.6921875 0.4234375 0.0078125 0.034375
1 0.7 0.41796875 0.00703125 0.021875
1 0.70859375 0.415625 0.009375 0.01953125
1 0.721875 0.41953125 0.00703125 0.01640625
1 0.7421875 0.43359375 0.01015625 0.04453125
1 0.7796875 0.4390625 0.0125 0.059375
1 0.8421875 0.46640625 0.01484375 0.090625
1 0.99765625 0.48203125 0.003125 0.06796875
1 0.7953125 0.4546875 0.01171875 0.0609375
1 0.22109375 0.428125 0.0234375 0.1015625
1 0.9453125 0.47578125 0.028125 0.1
1 0.915625 0.45390625 0.03359375 0.0984375
1 0.8828125 0.4609375 0.02578125 0.1015625
1 0.821875 0.46953125 0.02421875 0.09609375
1 0.753125 0.440625 0.01171875 0.0625
0 0.3359375 0.403125 0.0078125 0.04296875
0 0.3265625 0.40390625 0.015625 0.053125
0 0.34375 0.3953125 0.01015625 0.028125
0 0.4703125 0.4140625 0.02109375 0.040625
0 0.49375 0.43359375 0.05078125 0.0734375
0 0.6546875 0.4625 0.08671875 0.10859375
0 0.7203125 0.46171875 0.05625 0.071875
1 0.7328125 0.42109375 0.00859375 0.025
0 0.284375 0.41796875 0.0671875 0.0890625
0 0.4 0.43046875 0.12265625 0.28359375
0 0.559375 0.453125 0.11328125 0.14609375
0 0.99140625 0.61875 0.0171875 0.140625
1 0.159375 0.41484375 0.01015625 0.0734375
1 0.125 0.39375 0.0171875 0.071875
3 0.178125 0.059375 0.0328125 0.02109375
3 0.17734375 0.0921875 0.03203125 0.0375
3 0.17578125 0.24921875 0.03203125 0.01640625
3 0.846875 0.30859375 0.028125 0.01796875
2 0.3609375 0.1296875 0.0140625 0.05859375
2 0.671875 0.21015625 0.0109375 0.04609375
2 0.859375 0.371875 0.01484375 0.0265625
2 0.1625 0.315625 0.0125 0.03046875
2 0.51328125 0.35859375 0.00546875 0.0125
2 0.3734375 0.13671875 0.01171875 0.053125
0 0.0828125 0.434375 0.04296875 0.175