2 0.271875 0.20546875 0.01328125 0.06796875
2 0.63125 0.0390625 0.02421875 0.0765625
2 0.09921875 0.4484375 0.01640625 0.034375
2 0.60859375 0.0375 0.01796875 0.075
2 0.9234375 0.35390625 0.01484375 0.06796875
2 0.946875 0.359375 0.01953125 0.06796875
2 0.671875 0.48203125 0.01953125 0.0234375
2 0.14296875 0.32890625 0.015625 0.0515625
3 0.103125 0.3765625 0.0359375 0.01640625
3 0.9296875 0.428125 0.021875 0.046875
0 0.3234375 0.53671875 0.0140625 0.0234375
0 0.3390625 0.54140625 0.021875 0.028125
0 0.20703125 0.665625 0.21328125 0.2640625
3 0.4625 0.53046875 0.009375 0.028125