0 0.503125 0.4984375 0.0390625 0.09296875
0 0.56171875 0.47265625 0.1203125 0.2109375
2 0.6953125 0.346875 0.00859375 0.03046875
3 0.6890625 0.26796875 0.015625 0.02109375
2 0.5125 0.228125 0.01328125 0.05859375
2 0.31484375 0.3109375 0.01328125 0.025
2 0.56875 0.265625 0.015625 0.03046875
2 0.4984375 0.234375 0.01171875 0.05546875
0 0.8453125 0.4765625 0.284375 0.30546875
0 0.68359375 0.57109375 0.278125 0.315625
0 0.36796875 0.553125 0.30703125 0.5125
3 0.009375 0.20390625 0.01875 0.03046875
0 0.43515625 0.37578125 0.025 0.03359375