3 0.43125 0.328125 0.04453125 0.0265625
3 0.4578125 0.3828125 0.00546875 0.0109375
0 0.19140625 0.39375 0.03046875 0.0109375
0 0.2546875 0.39296875 0.01640625 0.009375
0 0.3640625 0.396875 0.009375 0.0140625
0 0.38125 0.39921875 0.01484375 0.021875
0 0.42734375 0.3953125 0.00546875 0.0140625
0 0.346875 0.40625 0.03203125 0.04453125
0 0.3140625 0.403125 0.0265625 0.034375
0 0.409375 0.41015625 0.03828125 0.0609375
0 0.728125 0.51015625 0.28203125 0.24609375
3 0.44609375 0.3109375 0.01484375 0.00859375