0 0.44375 0.57734375 0.025 0.059375
0 0.2953125 0.57734375 0.0328125 0.04609375
0 0.3296875 0.5671875 0.034375 0.03203125
0 0.396875 0.57265625 0.0234375 0.0375
1 0.553125 0.5484375 0.00859375 0.0125
0 0.5625 0.546875 0.0078125 0.0140625
0 0.5453125 0.54921875 0.00859375 0.0109375
0 0.53671875 0.553125 0.01015625 0.01640625
0 0.528125 0.55625 0.01484375 0.01796875
0 0.61015625 0.5390625 0.01015625 0.01953125
1 0.6234375 0.540625 0.01171875 0.0234375
0 0.6359375 0.5484375 0.021875 0.02109375
0 0.65625 0.55546875 0.02734375 0.03203125
0 0.684375 0.56328125 0.03046875 0.0390625
0 0.70625 0.56640625 0.03046875 0.05
0 0.7390625 0.56171875 0.053125 0.07109375
0 0.365625 0.571875 0.03515625 0.04609375
0 0.51875 0.5640625 0.01640625 0.0234375
0 0.48359375 0.56796875 0.025 0.04296875
0 0.421875 0.5890625 0.0421875 0.05703125
0 0.31171875 0.62109375 0.09453125 0.09140625
0 0.02265625 0.66328125 0.0453125 0.19140625
0 0.9296875 0.528125 0.05703125 0.04140625
3 0.4640625 0.50859375 0.01015625 0.009375
3 0.46640625 0.52421875 0.009375 0.00703125
3 0.67265625 0.5 0.009375 0.01953125