0 0.3109375 0.359375 0.04296875 0.134375
0 0.4828125 0.35078125 0.0390625 0.05546875
0 0.4515625 0.371875 0.0484375 0.0765625
0 0.65625 0.3953125 0.11015625 0.1640625
0 0.18125 0.35859375 0.225 0.4734375
0 0.59609375 0.528125 0.3359375 0.38359375
0 0.859375 0.5328125 0.278125 0.25703125
3 0.8796875 0.03828125 0.05 0.06796875
3 0.90390625 0.15390625 0.06171875 0.09296875
3 0.896875 0.22109375 0.0234375 0.04453125
2 0.4671875 0.12578125 0.01875 0.0515625
2 0.6765625 0.2984375 0.009375 0.028125
3 0.16328125 0.11640625 0.01875 0.01796875
3 0.171875 0.14453125 0.025 0.01796875