0 0.278125 0.4046875 0.02578125 0.03046875
0 0.3828125 0.38828125 0.0171875 0.0234375
0 0.41328125 0.396875 0.0203125 0.025
0 0.21875 0.40390625 0.02734375 0.02109375
0 0.15 0.43046875 0.071875 0.0515625
0 0.2203125 0.47890625 0.11640625 0.13203125
0 0.2578125 0.41015625 0.01484375 0.01796875
0 0.19140625 0.39765625 0.025 0.025
0 0.60546875 0.3984375 0.01484375 0.0140625
0 0.61875 0.4 0.01171875 0.02109375
0 0.634375 0.403125 0.0140625 0.0140625
0 0.65703125 0.4 0.02421875 0.025
0 0.7015625 0.40703125 0.01171875 0.021875
0 0.7171875 0.409375 0.0125 0.01640625
0 0.73125 0.409375 0.0140625 0.0140625
0 0.75 0.41796875 0.01796875 0.0125
0 0.7734375 0.41171875 0.02265625 0.01640625
0 0.75 0.3984375 0.021875 0.01796875
0 0.79296875 0.4109375 0.01640625 0.01796875
0 0.80859375 0.409375 0.0125 0.02890625
0 0.68046875 0.403125 0.02265625 0.00546875
0 0.99140625 0.41328125 0.01640625 0.01796875
0 0.93984375 0.4046875 0.01640625 0.01796875
0 0.909375 0.40546875 0.0171875 0.01640625
0 0.8859375 0.40234375 0.0203125 0.01640625
0 0.865625 0.40234375 0.01953125 0.01640625
0 0.846875 0.40078125 0.01953125 0.01796875
0 0.975 0.41328125 0.01484375 0.01796875
0 0.9609375 0.409375 0.02265625 0.02890625
0 0.984375 0.44765625 0.025 0.01796875
0 0.9578125 0.4359375 0.02265625 0.025
0 0.93515625 0.421875 0.0203125 0.03203125
0 0.8859375 0.42265625 0.0265625 0.021875
0 0.8296875 0.4109375 0.0171875 0.03046875
0 0.8515625 0.415625 0.01640625 0.01796875
0 0.91171875 0.47890625 0.1109375 0.065625
0 0.9109375 0.42890625 0.02265625 0.03046875
0 0.771875 0.43984375 0.04453125 0.05546875
0 0.96875 0.49609375 0.0609375 0.07109375
3 0.6203125 0.35703125 0.0234375 0.05390625
0 0.18515625 0.40625 0.0296875 0.021875