0 0.3859375 0.4890625 0.02421875 0.021875
0 0.40859375 0.490625 0.0203125 0.02890625
0 0.421875 0.49453125 0.040625 0.02890625
0 0.4390625 0.49765625 0.0390625 0.0359375
0 0.3640625 0.484375 0.01875 0.0265625
0 0.4890625 0.49375 0.06328125 0.040625
0 0.5171875 0.5046875 0.0453125 0.040625
0 0.5390625 0.503125 0.04921875 0.05546875
0 0.571875 0.509375 0.04765625 0.05859375
0 0.58671875 0.51015625 0.053125 0.05546875
0 0.6078125 0.51328125 0.0640625 0.0625
0 0.64375 0.51953125 0.08203125 0.06953125
0 0.65546875 0.5203125 0.0640625 0.071875
0 0.703125 0.5234375 0.09609375 0.0875
0 0.7453125 0.525 0.07578125 0.084375
0 0.778125 0.5234375 0.0921875 0.08359375
0 0.79453125 0.5328125 0.10859375 0.09609375
0 0.8390625 0.540625 0.16640625 0.11640625
0 0.89609375 0.5484375 0.16015625 0.128125
0 0.090625 0.48828125 0.0703125 0.05
0 0.23125 0.490625 0.01640625 0.0359375
0 0.203125 0.496875 0.04765625 0.065625
0 0.24921875 0.49296875 0.02109375 0.0265625
0 0.3078125 0.48671875 0.0140625 0.01796875
0 0.3234375 0.49296875 0.01484375 0.01796875
0 0.3375 0.48515625 0.0125 0.02109375
3 0.97109375 0.05546875 0.05703125 0.046875
3 0.60234375 0.40546875 0.0125 0.05546875