2 0.2265625 0.04765625 0.0203125 0.075
2 0.24765625 0.05859375 0.0234375 0.08203125
2 0.9734375 0.3296875 0.015625 0.05703125
0 0.6890625 0.5875 0.18359375 0.28046875
0 0.8515625 0.578125 0.11171875 0.096875
0 0.51328125 0.46953125 0.02421875 0.0375
0 0.5359375 0.465625 0.01484375 0.0234375
0 0.49765625 0.4578125 0.01640625 0.0234375
2 0.47265625 0.4140625 0.00390625 0.01640625
0 0.5859375 0.471875 0.0421875 0.078125
0 0.615625 0.4953125 0.05078125 0.0890625
0 0.5609375 0.45546875 0.0234375 0.04609375