2 0.22890625 0.06953125 0.01171875 0.05390625
2 0.59375 0.1890625 0.0109375 0.0484375
2 0.9015625 0.26875 0.03828125 0.040625
2 0.68984375 0.32265625 0.01875 0.03046875
2 0.25390625 0.3078125 0.01484375 0.0234375
2 0.2171875 0.07421875 0.01328125 0.0484375
2 0.24609375 0.07109375 0.0171875 0.0515625
2 0.6046875 0.18828125 0.009375 0.04140625
2 0.584375 0.18515625 0.01484375 0.046875
3 0.7921875 0.1703125 0.065625 0.109375
3 0.7046875 0.271875 0.01953125 0.028125
3 0.71875 0.24140625 0.0265625 0.0234375
1 0.73515625 0.38828125 0.025 0.109375
0 0.8296875 0.39765625 0.13828125 0.09140625
0 0.5671875 0.3953125 0.01953125 0.03046875
0 0.5875 0.39296875 0.02265625 0.03046875
0 0.45234375 0.46640625 0.24765625 0.4265625
0 0.9515625 0.39453125 0.0953125 0.084375
0 0.9640625 0.41640625 0.07109375 0.1015625