1 0.49140625 0.41484375 0.01875 0.0359375
1 0.4671875 0.42109375 0.0109375 0.02109375
1 0.45625 0.421875 0.009375 0.02109375
0 0.41875 0.425 0.01640625 0.02890625
0 0.28671875 0.43515625 0.05625 0.090625
1 0.509375 0.41796875 0.0125 0.021875
1 0.5234375 0.415625 0.01953125 0.040625
0 0.53984375 0.41171875 0.025 0.04453125
0 0.57421875 0.4109375 0.05234375 0.084375
0 0.384375 0.42578125 0.065625 0.0625
0 0.63203125 0.42109375 0.0984375 0.134375
0 0.2234375 0.4484375 0.10390625 0.11640625
0 0.50078125 0.42109375 0.0125 0.0265625
0 0.5 0.409375 0.0140625 0.0265625
0 0.4390625 0.42109375 0.03125 0.0390625