3 0.1296875 0.14921875 0.0203125 0.0234375
3 0.340625 0.178125 0.01875 0.0265625
3 0.94609375 0.040625 0.0421875 0.021875
3 0.94296875 0.0828125 0.034375 0.05
3 0.64921875 0.12265625 0.0171875 0.02109375
3 0.765625 0.14296875 0.0125 0.0265625
2 0.584375 0.184375 0.0046875 0.02109375
2 0.584375 0.22109375 0.0046875 0.01953125
2 0.540625 0.246875 0.00546875 0.015625
2 0.43203125 0.20234375 0.00546875 0.021875
3 0.3703125 0.221875 0.009375 0.009375
2 0.590625 0.265625 0.0078125 0.0125
2 0.578125 0.184375 0.00390625 0.021875
2 0.58984375 0.184375 0.00546875 0.021875
1 0.74921875 0.325 0.0203125 0.0890625
1 0.79453125 0.30390625 0.0171875 0.0640625
1 0.7046875 0.28984375 0.01171875 0.0234375
1 0.6578125 0.28359375 0.00703125 0.021875
1 0.6140625 0.30078125 0.00859375 0.02890625
0 0.41953125 0.29765625 0.03984375 0.065625
0 0.478125 0.29375 0.0234375 0.034375
0 0.50625 0.290625 0.01328125 0.01953125
0 0.51875 0.2890625 0.0109375 0.015625
0 0.35 0.284375 0.0109375 0.0234375