2 0.328125 0.32578125 0.00546875 0.03046875
2 0.54921875 0.35390625 0.00546875 0.0265625
2 0.596875 0.37734375 0.0046875 0.021875
2 0.590625 0.37734375 0.00546875 0.021875
3 0.07109375 0.30546875 0.01171875 0.021875
3 0.06640625 0.33984375 0.01171875 0.034375
3 0.0765625 0.334375 0.0078125 0.028125
3 0.14296875 0.40546875 0.0125 0.0375
3 0.74375 0.38515625 0.02109375 0.05
3 0.8265625 0.33515625 0.0203125 0.034375
3 0.8265625 0.37421875 0.03125 0.040625
3 0.740625 0.4203125 0.0265625 0.021875
3 0.4890625 0.434375 0.0109375 0.0265625
3 0.26875 0.35859375 0.0125 0.009375
3 0.66015625 0.33671875 0.02421875 0.06640625
1 0.4109375 0.496875 0.01640625 0.0765625
1 0.3578125 0.47578125 0.01484375 0.046875
1 0.03125 0.475 0.01328125 0.0765625
1 0.0171875 0.47109375 0.015625 0.07109375
1 0.884375 0.509375 0.0203125 0.0859375
1 0.8546875 0.50703125 0.02109375 0.103125
1 0.8 0.4984375 0.01484375 0.0609375
1 0.7671875 0.490625 0.01328125 0.0640625
1 0.834375 0.5078125 0.0171875 0.090625
1 0.8109375 0.490625 0.01171875 0.075
1 0.7421875 0.49375 0.009375 0.0515625
1 0.7234375 0.490625 0.01875 0.05546875
1 0.1328125 0.46875 0.0109375 0.06640625
1 0.5734375 0.47265625 0.00546875 0.02109375
1 0.58046875 0.478125 0.0046875 0.021875
1 0.5921875 0.4875 0.009375 0.02890625
1 0.609375 0.4890625 0.00703125 0.0375
1 0.603125 0.4765625 0.01171875 0.0234375
0 0.28828125 0.47890625 0.0359375 0.040625
0 0.66875 0.49609375 0.0484375 0.0609375
0 0.553125 0.484375 0.0359375 0.02890625
0 0.53046875 0.4765625 0.02890625 0.0375
3 0.6734375 0.403125 0.0265625 0.03203125
3 0.69375 0.42890625 0.01328125 0.021875
3 0.63359375 0.3578125 0.0171875 0.02890625
0 0.978125 0.490625 0.040625 0.125
0 0.36328125 0.45859375 0.0125 0.01953125
0 0.38046875 0.459375 0.01484375 0.01640625
1 0.1046875 0.48203125 0.01328125 0.04140625
1 0.1890625 0.48515625 0.00703125 0.034375
0 0.725 0.490625 0.05234375 0.04453125