0 0.0625 0.3796875 0.121875 0.08046875
0 0.215625 0.39609375 0.06015625 0.0390625
0 0.26484375 0.409375 0.0296875 0.0265625
0 0.5078125 0.428125 0.01484375 0.0265625
0 0.56953125 0.428125 0.0140625 0.03046875
0 0.5421875 0.4421875 0.05078125 0.078125
0 0.48046875 0.42890625 0.0140625 0.01640625
0 0.4984375 0.43203125 0.021875 0.03046875
0 0.465625 0.425 0.01171875 0.01953125
0 0.8046875 0.521875 0.3390625 0.34609375
0 0.60859375 0.45625 0.01796875 0.03359375
0 0.6078125 0.44609375 0.01484375 0.03203125
3 0.7296875 0.32421875 0.01875 0.021875
3 0.55625 0.328125 0.03515625 0.034375
3 0.32109375 0.34609375 0.0515625 0.05546875
2 0.19921875 0.28515625 0.0109375 0.0390625
2 0.58046875 0.34375 0.0078125 0.03203125
2 0.4953125 0.3328125 0.0078125 0.025