2 0.29375 0.32890625 0.01640625 0.065625
2 0.5171875 0.31015625 0.01171875 0.0484375
2 0.3953125 0.309375 0.0109375 0.04609375
2 0.6453125 0.42890625 0.01171875 0.05
2 0.3046875 0.446875 0.0078125 0.03203125
2 0.28359375 0.446875 0.01015625 0.03046875
2 0.3609375 0.4875 0.003125 0.015625
2 0.3578125 0.48984375 0.00390625 0.0140625
2 0.3453125 0.4953125 0.003125 0.009375
2 0.3421875 0.49453125 0.00390625 0.0125
2 0.6359375 0.434375 0.00859375 0.04296875
3 0.2953125 0.40703125 0.03125 0.046875
3 0.2953125 0.54375 0.01171875 0.01953125
3 0.2703125 0.56171875 0.01171875 0.01796875
3 0.26875 0.584375 0.01171875 0.021875
3 0.26875 0.52265625 0.02265625 0.0515625
0 0.875 0.64296875 0.21484375 0.17890625
1 0.709375 0.59609375 0.0171875 0.1015625
1 0.6515625 0.5953125 0.02578125 0.121875
1 0.69453125 0.60234375 0.0171875 0.1234375
0 0.6859375 0.55625 0.015625 0.03046875
0 0.2171875 0.571875 0.0359375 0.034375
0 0.24375 0.575 0.0234375 0.0375
0 0.40546875 0.57890625 0.06640625 0.1015625
0 0.1171875 0.63984375 0.2328125 0.34609375
1 0.465625 0.56640625 0.00859375 0.046875
3 0.42890625 0.31640625 0.02734375 0.046875
3 0.753125 0.32734375 0.0203125 0.02890625
3 0.7640625 0.35703125 0.03515625 0.0265625
2 0.43984375 0.496875 0.00390625 0.015625