0 0.8171875 0.46875 0.36171875 0.44609375
0 0.5609375 0.36796875 0.1296875 0.15703125
0 0.50546875 0.35078125 0.07109375 0.1234375
0 0.4390625 0.33203125 0.01171875 0.05
0 0.43125 0.328125 0.009375 0.040625
0 0.4234375 0.325 0.0078125 0.0359375
0 0.415625 0.328125 0.00859375 0.0234375
0 0.40625 0.32421875 0.02109375 0.03046875
0 0.3984375 0.31953125 0.02421875 0.04296875
0 0.35625 0.321875 0.015625 0.0140625
0 0.3375 0.32578125 0.01171875 0.0140625
2 0.3015625 0.296875 0.00546875 0.021875
2 0.3296875 0.25625 0.0046875 0.02109375
2 0.3484375 0.24921875 0.00703125 0.02109375