0 0.37109375 0.4125 0.01484375 0.034375
0 0.3515625 0.409375 0.0265625 0.0515625
0 0.3375 0.41328125 0.0234375 0.0515625
0 0.3234375 0.41640625 0.0171875 0.05859375
0 0.2578125 0.425 0.02265625 0.05703125
0 0.4234375 0.4078125 0.01875 0.040625
0 0.4328125 0.4203125 0.015625 0.07109375
0 0.46875 0.440625 0.0828125 0.146875
0 0.5 0.4859375 0.1171875 0.1734375
0 0.5125 0.515625 0.1453125 0.1609375
1 0.303125 0.47421875 0.05 0.27890625
1 0.66875 0.5234375 0.0484375 0.296875
1 0.76015625 0.471875 0.01953125 0.17109375
1 0.7421875 0.48671875 0.05703125 0.215625
1 0.7875 0.4828125 0.03828125 0.19140625
1 0.8203125 0.5015625 0.03984375 0.22109375
1 0.865625 0.54765625 0.03203125 0.09453125
1 0.809375 0.51015625 0.06953125 0.24296875
1 0.2796875 0.49296875 0.08984375 0.26953125
1 0.22421875 0.409375 0.015625 0.07109375
0 0.0703125 0.4421875 0.04375 0.17109375
0 0.5984375 0.45390625 0.0359375 0.1609375
3 0.56484375 0.28203125 0.01953125 0.03046875
2 0.9875 0.22265625 0.0234375 0.078125
3 0.365625 0.37265625 0.0078125 0.02109375
1 0.01953125 0.390625 0.02109375 0.1234375
1 0.225 0.6984375 0.06171875 0.0109375