2 0.34296875 0.296875 0.009375 0.04296875
2 0.2140625 0.29140625 0.01171875 0.046875
0 0.0671875 0.5375 0.134375 0.3984375
0 0.27265625 0.46875 0.0796875 0.103125
0 0.37734375 0.45859375 0.071875 0.1125
0 0.3359375 0.44921875 0.0265625 0.05
0 0.21875 0.44453125 0.02109375 0.046875
0 0.34375 0.41640625 0.02109375 0.021875
0 0.30703125 0.4328125 0.0234375 0.040625
3 0.253125 0.359375 0.02265625 0.0109375
2 0.28125 0.3625 0.009375 0.01640625
3 0.95078125 0.06328125 0.09453125 0.11953125
2 0.05625 0.384375 0.0078125 0.015625
2 0.390625 0.36484375 0.0046875 0.015625