3 0.509375 0.4046875 0.0328125 0.02890625
0 0.0046875 0.60625 0.00859375 0.096875
0 0.83125 0.59609375 0.31484375 0.27109375
0 0.4703125 0.4890625 0.0421875 0.071875
0 0.390625 0.48984375 0.040625 0.0609375
0 0.6359375 0.525 0.10703125 0.1140625
0 0.5703125 0.49609375 0.0625 0.084375
0 0.52890625 0.48984375 0.03203125 0.046875
0 0.5078125 0.48203125 0.0234375 0.028125
0 0.3640625 0.47265625 0.028125 0.0515625
0 0.49609375 0.46953125 0.0171875 0.028125
0 0.4484375 0.471875 0.0125 0.01953125
0 0.04453125 0.465625 0.08671875 0.071875
0 0.11015625 0.47578125 0.025 0.05390625
0 0.0921875 0.46796875 0.03203125 0.05546875