2 0.390625 0.4890625 0.0125 0.01640625
2 0.41953125 0.53359375 0.00703125 0.021875
2 0.5375 0.46875 0.01171875 0.01796875
2 0.46875 0.52734375 0.0078125 0.01796875
2 0.4578125 0.55234375 0.009375 0.0140625
2 0.659375 0.5703125 0.01484375 0.02109375
3 0.5359375 0.5375 0.0046875 0.01796875
3 0.18984375 0.328125 0.02421875 0.03359375
2 0.1609375 0.43671875 0.0171875 0.03359375
3 0.18984375 0.26328125 0.0265625 0.096875
0 0.51875 0.57265625 0.0171875 0.034375
0 0.4625 0.571875 0.009375 0.025
0 0.4265625 0.56875 0.0125 0.03046875
0 0.4921875 0.571875 0.04140625 0.06640625
0 0.44453125 0.57421875 0.03046875 0.05859375
3 0.7359375 0.565625 0.01484375 0.01640625
3 0.740625 0.459375 0.0234375 0.02109375