2 0.359375 0.64609375 0.0046875 0.021875
2 0.44453125 0.63359375 0.0078125 0.021875
3 0.4609375 0.634375 0.009375 0.009375
3 0.3421875 0.65390625 0.00859375 0.015625
0 0.34375 0.69609375 0.0265625 0.02890625
0 0.29296875 0.70625 0.01875 0.01953125
0 0.2703125 0.709375 0.01953125 0.02890625
0 0.2546875 0.71484375 0.0171875 0.0265625
0 0.23984375 0.7171875 0.02109375 0.02109375
0 0.2265625 0.7296875 0.01953125 0.028125
0 0.2 0.734375 0.0265625 0.02890625
0 0.175 0.74140625 0.02890625 0.04453125
0 0.13125 0.74921875 0.06171875 0.0609375
0 0.06953125 0.75625 0.06328125 0.078125
0 0.0265625 0.77421875 0.05234375 0.1
0 0.4765625 0.68203125 0.01875 0.0265625
0 0.496875 0.6828125 0.02421875 0.028125
0 0.51171875 0.6765625 0.03671875 0.04296875
0 0.5359375 0.6859375 0.0390625 0.0515625
0 0.5765625 0.6890625 0.0546875 0.078125
0 0.640625 0.69765625 0.103125 0.11796875
0 0.8296875 0.72421875 0.23515625 0.221875
0 0.95078125 0.784375 0.096875 0.253125
0 0.46640625 0.67578125 0.0125 0.0265625
0 0.4625 0.67265625 0.01796875 0.0265625