0 0.325 0.38828125 0.075 0.13359375
0 0.41328125 0.36796875 0.02734375 0.05546875
0 0.16328125 0.36328125 0.12734375 0.075
1 0.1875 0.3703125 0.0203125 0.046875
1 0.16640625 0.371875 0.02421875 0.0765625
1 0.56875 0.371875 0.02734375 0.1359375
0 0.253125 0.44296875 0.1796875 0.215625
0 0.47578125 0.43046875 0.153125 0.24453125
2 0.2890625 0.203125 0.00859375 0.040625
2 0.5890625 0.146875 0.00859375 0.0515625
2 0.603125 0.14453125 0.01640625 0.0515625
3 0.29375 0.2703125 0.02734375 0.01640625
0 0.39296875 0.346875 0.01328125 0.025
3 0.85 0.14765625 0.01015625 0.01640625
2 0.4203125 0.3140625 0.00703125 0.0125
2 0.43125 0.3078125 0.00625 0.0125
2 0.4484375 0.29921875 0.00546875 0.0140625