0 0.36875 0.51484375 0.02109375 0.0375
0 0.378125 0.53203125 0.0265625 0.0890625
0 0.5859375 0.51015625 0.06640625 0.05390625
0 0.67265625 0.50625 0.09765625 0.0609375
0 0.77109375 0.503125 0.04296875 0.03046875
0 0.1609375 0.61015625 0.321875 0.31640625
0 0.4734375 0.54765625 0.18671875 0.278125
0 0.97890625 0.49609375 0.0390625 0.05859375
2 0.1 0.33828125 0.01953125 0.034375
2 0.175 0.42890625 0.009375 0.03046875
2 0.1078125 0.44296875 0.01171875 0.0265625
2 0.4265625 0.35703125 0.0125 0.021875
2 0.3953125 0.4046875 0.0125 0.02890625
2 0.3609375 0.434375 0.0140625 0.01796875
2 0.528125 0.39765625 0.0125 0.034375
2 0.47421875 0.36171875 0.01171875 0.04140625
2 0.51015625 0.38515625 0.01171875 0.034375
2 0.43671875 0.378125 0.01015625 0.02109375
2 0.6859375 0.440625 0.01171875 0.01796875
3 0.5953125 0.39296875 0.04765625 0.05390625
3 0.69453125 0.23359375 0.09375 0.18359375
3 0.86171875 0.32265625 0.03359375 0.0859375
2 0.8734375 0.37421875 0.0171875 0.025
2 0.115625 0.3609375 0.01640625 0.06796875
2 0.084375 0.353125 0.009375 0.05859375
2 0.003125 0.4265625 0.00625 0.034375