2 0.4546875 0.37109375 0.009375 0.028125
2 0.4296875 0.4609375 0.0109375 0.0140625
2 0.48359375 0.48671875 0.0078125 0.0140625
2 0.575 0.44765625 0.00859375 0.0265625
3 0.35859375 0.3640625 0.0234375 0.0140625
3 0.38203125 0.41015625 0.01328125 0.01640625
0 0.4109375 0.50859375 0.015625 0.01953125
0 0.425 0.50859375 0.0203125 0.02890625
0 0.4421875 0.5046875 0.0234375 0.02890625
0 0.4953125 0.5140625 0.0203125 0.0359375
0 0.4703125 0.51328125 0.0390625 0.071875
0 0.7125 0.55546875 0.13515625 0.1375
0 0.8546875 0.59453125 0.21484375 0.16953125
0 0.5453125 0.5375 0.103125 0.1765625
0 0.3734375 0.509375 0.02890625 0.0359375
0 0.3453125 0.51328125 0.01875 0.034375
0 0.321875 0.51796875 0.02890625 0.04609375
0 0.278125 0.5109375 0.04453125 0.065625
0 0.2375 0.525 0.03125 0.034375
0 0.20625 0.52890625 0.03515625 0.046875
0 0.17421875 0.5546875 0.0671875 0.05859375
0 0.05625 0.57578125 0.10859375 0.11953125
1 0.1328125 0.503125 0.01328125 0.034375
1 0.15 0.50625 0.0109375 0.034375