2 0.4875 0.515625 0.00859375 0.015625
0 0.4765625 0.53828125 0.01171875 0.021875
0 0.4625 0.54140625 0.015625 0.0359375
0 0.4546875 0.5453125 0.02109375 0.040625
0 0.440625 0.55234375 0.02109375 0.05859375
0 0.38828125 0.54921875 0.090625 0.134375
0 0.35859375 0.56953125 0.09765625 0.171875
0 0.2921875 0.6078125 0.14453125 0.2140625
0 0.503125 0.534375 0.01171875 0.028125
0 0.51796875 0.5453125 0.02265625 0.040625
0 0.5328125 0.55 0.025 0.08203125
0 0.55 0.56015625 0.02734375 0.09140625
0 0.5734375 0.571875 0.0515625 0.10703125
0 0.6078125 0.596875 0.08984375 0.1484375
0 0.6796875 0.628125 0.15 0.23359375
0 0.1484375 0.65546875 0.296875 0.4546875
0 0.84375 0.66171875 0.31015625 0.653125