3 0.68203125 0.2484375 0.0296875 0.05859375
0 0.2421875 0.30703125 0.05078125 0.034375
0 0.58203125 0.34296875 0.03515625 0.025
0 0.43125 0.32578125 0.02421875 0.01640625
0 0.60859375 0.34921875 0.01875 0.01796875
0 0.625 0.35 0.025 0.021875
0 0.63984375 0.35 0.01875 0.0265625
0 0.6546875 0.35 0.0171875 0.02890625
0 0.69375 0.34375 0.0203125 0.01953125
0 0.78046875 0.3640625 0.0734375 0.05390625
0 0.7203125 0.36328125 0.0609375 0.03359375
0 0.3671875 0.36328125 0.08125 0.096875
0 0.9625 0.37109375 0.07421875 0.06796875