0 0.4046875 0.42265625 0.0203125 0.028125
0 0.4375 0.403125 0.009375 0.02109375
0 0.4453125 0.4140625 0.01328125 0.01796875
0 0.45625 0.4265625 0.01484375 0.02109375
0 0.465625 0.4265625 0.01328125 0.03203125
0 0.4859375 0.43359375 0.0421875 0.04609375
0 0.496875 0.44375 0.03828125 0.0359375
0 0.5421875 0.46484375 0.0953125 0.071875
3 0.6828125 0.37578125 0.01328125 0.0375
0 0.6359375 0.509375 0.11953125 0.12890625
0 0.67734375 0.53671875 0.1578125 0.171875
0 0.9640625 0.64609375 0.071875 0.434375
0 0.85625 0.60703125 0.2875 0.36796875