3 0.115625 0.3109375 0.0328125 0.0359375
3 0.065625 0.409375 0.034375 0.02109375
3 0.6515625 0.3796875 0.02890625 0.009375
3 0.6359375 0.42421875 0.0265625 0.015625
3 0.16875 0.46640625 0.00546875 0.04140625
3 0.38125 0.50546875 0.0109375 0.040625
3 0.2578125 0.5125 0.0171875 0.03359375
2 0.984375 0.3796875 0.02890625 0.0625
2 0.65078125 0.4734375 0.01640625 0.02109375
2 0.0453125 0.4671875 0.015625 0.0265625
2 0.07109375 0.47109375 0.0078125 0.01953125
2 0.1859375 0.27890625 0.01796875 0.065625
1 0.01953125 0.56484375 0.01953125 0.08203125
1 0.09296875 0.5671875 0.0203125 0.1109375
1 0.165625 0.56171875 0.01640625 0.090625
1 0.13125 0.53828125 0.01875 0.046875
1 0.14609375 0.53671875 0.009375 0.03359375
1 0.79375 0.55546875 0.0203125 0.075
1 0.81875 0.55703125 0.01875 0.071875
0 0.2265625 0.56171875 0.07421875 0.0859375
0 0.303125 0.5828125 0.08203125 0.0859375
0 0.3578125 0.5625 0.0328125 0.046875
0 0.48125 0.5578125 0.0546875 0.084375
0 0.553125 0.55234375 0.046875 0.03359375
0 0.60390625 0.559375 0.03984375 0.0359375
0 0.6375 0.53984375 0.02890625 0.01640625
0 0.6671875 0.534375 0.0265625 0.015625
0 0.703125 0.5359375 0.0421875 0.01640625
0 0.2734375 0.54765625 0.02265625 0.0484375