0 0.0578125 0.50859375 0.115625 0.2671875
0 0.2046875 0.4578125 0.18515625 0.2265625
0 0.340625 0.4328125 0.071875 0.1
0 0.37890625 0.43359375 0.0328125 0.071875
0 0.39375 0.428125 0.02421875 0.05859375
0 0.43984375 0.4046875 0.01875 0.03203125
0 0.48046875 0.40234375 0.01953125 0.015625
0 0.4953125 0.40390625 0.01171875 0.01796875
0 0.46875 0.44375 0.06640625 0.09453125
0 0.640625 0.4765625 0.190625 0.2609375
0 0.5078125 0.40390625 0.0078125 0.01796875
3 0.3515625 0.3328125 0.0203125 0.03359375
3 0.39296875 0.3390625 0.0125 0.02109375
3 0.534375 0.37265625 0.01015625 0.01953125
3 0.5484375 0.3546875 0.01484375 0.0109375
1 0.521875 0.40625 0.01015625 0.034375
3 0.9375 0.3953125 0.02265625 0.046875