0 0.284375 0.475 0.009375 0.0140625
0 0.29296875 0.475 0.01015625 0.0140625
0 0.30078125 0.47890625 0.01171875 0.021875
0 0.3109375 0.478125 0.01015625 0.02890625
0 0.31875 0.4765625 0.0140625 0.03359375
0 0.3875 0.47890625 0.03828125 0.084375
0 0.41484375 0.4828125 0.05 0.09140625
0 0.4640625 0.48671875 0.08671875 0.1375
0 0.2265625 0.478125 0.00546875 0.01640625
0 0.2203125 0.47890625 0.00546875 0.01796875
0 0.215625 0.48046875 0.0078125 0.02109375
0 0.203125 0.484375 0.01640625 0.025
0 0.1625 0.49609375 0.03125 0.0390625
0 0.128125 0.50390625 0.0453125 0.0515625
0 0.040625 0.525 0.05859375 0.0890625
0 0.01171875 0.52890625 0.0234375 0.1015625
0 0.334375 0.47890625 0.03515625 0.04296875
0 0.5953125 0.453125 0.2296875 0.29609375
0 0.90546875 0.528125 0.1875 0.39140625
0 0.265625 0.47734375 0.02109375 0.03046875
2 0.11953125 0.346875 0.01171875 0.03046875
2 0.2828125 0.35703125 0.0078125 0.021875
2 0.221875 0.428125 0.00546875 0.01640625
2 0.278125 0.4265625 0.00703125 0.02109375
2 0.1078125 0.346875 0.01171875 0.03046875
2 0.265625 0.44375 0.003125 0.01640625
2 0.23984375 0.44375 0.0046875 0.01640625
2 0.0625 0.46171875 0.01171875 0.0140625
2 0.38125 0.42265625 0.01171875 0.02109375
3 0.42578125 0.353125 0.01171875 0.0140625
3 0.4390625 0.3984375 0.009375 0.0140625