2 0.45703125 0.5484375 0.009375 0.01953125
2 0.45703125 0.5296875 0.01171875 0.01953125
2 0.3421875 0.52265625 0.0109375 0.0234375
3 0.26875 0.48671875 0.025 0.01640625
3 0.47265625 0.53515625 0.009375 0.0234375
3 0.45625 0.5078125 0.015625 0.0140625
1 0.6953125 0.659375 0.0421875 0.1875
1 0.6578125 0.61484375 0.01875 0.0890625
0 0.4 0.57734375 0.0234375 0.0375
0 0.36875 0.56328125 0.01328125 0.01953125
0 0.3546875 0.56328125 0.0171875 0.028125
0 0.340625 0.57109375 0.0109375 0.034375
0 0.33125 0.5671875 0.015625 0.0375
0 0.32265625 0.5734375 0.01484375 0.034375
0 0.265625 0.58828125 0.034375 0.0609375
0 0.4875 0.58984375 0.02109375 0.04453125
0 0.51171875 0.59921875 0.03984375 0.071875
0 0.546875 0.609375 0.06484375 0.084375
0 0.303125 0.58046875 0.03203125 0.04453125
0 0.2296875 0.59453125 0.06328125 0.078125
0 0.58125 0.634375 0.0921875 0.103125
0 0.434375 0.65703125 0.12578125 0.178125