3 0.584375 0.49140625 0.021875 0.0515625
0 0.45234375 0.58203125 0.0375 0.05390625
0 0.86953125 0.5828125 0.03515625 0.05859375
0 0.83671875 0.57890625 0.0328125 0.04140625
0 0.78828125 0.57265625 0.04765625 0.03359375
0 0.7546875 0.57578125 0.02734375 0.03359375
0 0.71328125 0.57578125 0.03671875 0.0265625
0 0.4140625 0.5640625 0.02578125 0.021875
2 0.5 0.53671875 0.01328125 0.01953125
2 0.515625 0.54140625 0.0109375 0.01953125
2 0.5046875 0.559375 0.00703125 0.01953125
2 0.5140625 0.55546875 0.00703125 0.021875