2 0.62734375 0.15703125 0.01484375 0.075
2 0.67109375 0.1953125 0.009375 0.04140625
3 0.6078125 0.228125 0.01875 0.015625
3 0.44609375 0.3234375 0.0140625 0.0125
3 0.434375 0.34296875 0.04140625 0.0265625
3 0.3953125 0.38984375 0.02265625 0.021875
3 0.41640625 0.390625 0.0203125 0.015625
3 0.88046875 0.2734375 0.01640625 0.015625
3 0.87421875 0.290625 0.02109375 0.0109375
0 0.71484375 0.396875 0.071875 0.06640625
0 0.67265625 0.396875 0.0375 0.04453125
0 0.6328125 0.39296875 0.0359375 0.04609375
0 0.559375 0.39375 0.040625 0.021875
0 0.0140625 0.43359375 0.0265625 0.034375
0 0.0453125 0.43046875 0.05703125 0.0375
0 0.05625 0.40703125 0.028125 0.0234375
0 0.0265625 0.41015625 0.0234375 0.0140625
0 0.08984375 0.40859375 0.0265625 0.01796875
0 0.0875 0.4296875 0.0265625 0.028125
0 0.125 0.42421875 0.0609375 0.03046875
0 0.18828125 0.4203125 0.04453125 0.03046875
0 0.215625 0.4203125 0.021875 0.028125
0 0.2390625 0.41484375 0.02265625 0.021875
0 0.2890625 0.4140625 0.00703125 0.0125
0 0.303125 0.41328125 0.015625 0.0109375
0 0.3203125 0.4171875 0.01484375 0.03046875
0 0.34453125 0.4140625 0.0140625 0.02109375
0 0.4125 0.41484375 0.009375 0.01953125
0 0.3984375 0.41953125 0.021875 0.0265625
0 0.3859375 0.42578125 0.02109375 0.04140625
0 0.271875 0.41953125 0.040625 0.0625
0 0.3671875 0.43359375 0.04140625 0.05390625
0 0.3328125 0.428125 0.03046875 0.040625
0 0.434375 0.421875 0.0421875 0.071875
0 0.6015625 0.39140625 0.03515625 0.0375