0 0.3828125 0.24453125 0.0109375 0.0234375
0 0.3734375 0.2453125 0.01328125 0.03046875
0 0.3609375 0.253125 0.02109375 0.046875
0 0.353125 0.259375 0.01953125 0.05390625
0 0.3375 0.26328125 0.0265625 0.065625
0 0.31875 0.26640625 0.034375 0.071875
0 0.30546875 0.27890625 0.03828125 0.0890625
0 0.2734375 0.28359375 0.059375 0.1140625
0 0.4171875 0.24453125 0.00546875 0.0234375
0 0.421875 0.246875 0.00625 0.0234375
0 0.428125 0.25 0.01484375 0.0265625
0 0.4421875 0.25625 0.0359375 0.0609375
0 0.453125 0.265625 0.01484375 0.0515625
0 0.47421875 0.27109375 0.0515625 0.0859375
0 0.4828125 0.27734375 0.0359375 0.075
0 0.503125 0.2859375 0.03828125 0.09453125
0 0.2015625 0.30390625 0.13203125 0.165625
0 0.55625 0.3140625 0.11875 0.1515625