0 0.41171875 0.4390625 0.0078125 0.00859375
0 0.403125 0.43828125 0.00859375 0.00859375
0 0.4078125 0.44296875 0.01015625 0.00703125
0 0.3921875 0.4359375 0.01015625 0.00703125
0 0.3953125 0.44140625 0.015625 0.0109375
0 0.3828125 0.440625 0.009375 0.015625
0 0.36875 0.4375 0.015625 0.0140625
0 0.375 0.43828125 0.01171875 0.015625
0 0.36015625 0.4375 0.0171875 0.01640625
0 0.3421875 0.4296875 0.01640625 0.00703125
0 0.3375 0.4359375 0.00859375 0.0140625
0 0.346875 0.4375 0.0171875 0.0140625
0 0.3 0.434375 0.0109375 0.01953125
0 0.3171875 0.43515625 0.03125 0.0234375
0 0.28984375 0.43515625 0.015625 0.01953125
0 0.26796875 0.43125 0.03203125 0.0265625
0 0.2421875 0.42734375 0.02421875 0.03359375
0 0.1875 0.421875 0.0671875 0.040625
0 0.1390625 0.42421875 0.04296875 0.0359375
0 0.090625 0.4234375 0.0765625 0.0375
0 0.03984375 0.4140625 0.0796875 0.0515625
0 0.5296875 0.46015625 0.02109375 0.0390625
0 0.609375 0.47265625 0.0265625 0.0484375
0 0.721875 0.48984375 0.01484375 0.071875
0 0.42578125 0.4515625 0.02265625 0.03359375
0 0.57109375 0.46484375 0.053125 0.075
0 0.659375 0.4765625 0.11328125 0.140625
0 0.8046875 0.509375 0.128125 0.1140625
0 0.48671875 0.46640625 0.078125 0.1234375
3 0.3875 0.3671875 0.0328125 0.034375
3 0.50234375 0.3984375 0.034375 0.0390625
3 0.534375 0.403125 0.02890625 0.021875