3 0.6234375 0.459375 0.02109375 0.03203125
3 0.5796875 0.54921875 0.0125 0.01953125
2 0.4515625 0.553125 0.0109375 0.03203125
2 0.5203125 0.55390625 0.0125 0.02890625
0 0.3765625 0.63359375 0.0234375 0.040625
0 0.35 0.634375 0.03984375 0.0484375
0 0.31015625 0.63671875 0.04609375 0.0609375
0 0.24921875 0.63125 0.0953125 0.103125
0 0.50390625 0.6265625 0.01875 0.02890625
0 0.4796875 0.62578125 0.0234375 0.0390625
0 0.5546875 0.63125 0.01484375 0.02890625
0 0.5359375 0.62421875 0.01484375 0.01953125
0 0.1421875 0.65625 0.11796875 0.10546875
0 0.44296875 0.6328125 0.04609375 0.05859375
0 0.5875 0.62890625 0.04765625 0.07890625
3 0.415625 0.56875 0.01328125 0.0140625
3 0.3828125 0.55546875 0.0125 0.00859375