0 0.2671875 0.384375 0.02109375 0.0265625
0 0.33359375 0.37734375 0.0234375 0.025
0 0.39375 0.39921875 0.02890625 0.040625
0 0.65859375 0.4015625 0.03046875 0.03203125
0 0.58984375 0.446875 0.1328125 0.1734375
3 0.6078125 0.20859375 0.0265625 0.05546875
3 0.1296875 0.23203125 0.04453125 0.0640625
3 0.13046875 0.28671875 0.025 0.0359375
3 0.25859375 0.328125 0.02109375 0.0359375
3 0.30859375 0.328125 0.009375 0.02109375
3 0.3453125 0.3328125 0.009375 0.015625
3 0.36015625 0.346875 0.009375 0.02109375
3 0.4703125 0.30703125 0.0171875 0.021875
3 0.4234375 0.23125 0.04921875 0.05390625
3 0.48125 0.33828125 0.03359375 0.03359375