3 0.43203125 0.48125 0.01171875 0.00859375
2 0.4453125 0.4796875 0.0078125 0.01640625
2 0.484375 0.4796875 0.003125 0.01640625
3 0.5875 0.4640625 0.01171875 0.021875
0 0.84375 0.66015625 0.3078125 0.35
0 0.609375 0.56875 0.08359375 0.096875
0 0.5546875 0.54609375 0.0421875 0.07890625
0 0.521875 0.540625 0.0234375 0.034375
0 0.5125 0.5359375 0.01953125 0.040625
0 0.4984375 0.528125 0.0109375 0.021875
0 0.490625 0.528125 0.009375 0.01640625
0 0.4828125 0.51484375 0.0078125 0.01640625
0 0.6609375 0.540625 0.04765625 0.0484375
0 0.02109375 0.59140625 0.0421875 0.1515625
0 0.103125 0.54765625 0.16484375 0.1859375
0 0.2140625 0.55546875 0.0703125 0.09296875
0 0.2640625 0.546875 0.03828125 0.06796875
0 0.3046875 0.5421875 0.046875 0.0625
0 0.3578125 0.53515625 0.03359375 0.0375
0 0.3828125 0.52890625 0.0171875 0.034375
0 0.3984375 0.525 0.01328125 0.03046875
0 0.4109375 0.525 0.01171875 0.0234375
0 0.44140625 0.5234375 0.0171875 0.028125
0 0.46015625 0.51015625 0.01328125 0.021875