0 0.14765625 0.57890625 0.03828125 0.04140625
0 0.0859375 0.5765625 0.06953125 0.0734375
0 0.2734375 0.57890625 0.02265625 0.04140625
0 0.25 0.5875 0.0390625 0.0625
0 0.2125 0.5984375 0.075 0.0875
0 0.31328125 0.6296875 0.1 0.14296875
0 0.46015625 0.6 0.01484375 0.0265625
0 0.4703125 0.5984375 0.01171875 0.02890625
0 0.4859375 0.60390625 0.01796875 0.02890625
0 0.6015625 0.640625 0.0625 0.071875
0 0.7125 0.63671875 0.16796875 0.2015625
0 0.8640625 0.6796875 0.13359375 0.11953125
0 0.034375 0.66953125 0.06875 0.25390625
3 0.396875 0.4859375 0.028125 0.034375
3 0.4078125 0.44453125 0.028125 0.0125
3 0.39296875 0.5265625 0.0265625 0.04453125
2 0.25546875 0.325 0.015625 0.0734375
2 0.44140625 0.3984375 0.0109375 0.05546875
2 0.6296875 0.41953125 0.01171875 0.0515625
2 0.425 0.51953125 0.01171875 0.025
2 0.81171875 0.56484375 0.015625 0.028125
3 0.809375 0.43125 0.01796875 0.01953125
3 0.81875 0.50234375 0.03203125 0.0125