3 0.1109375 0.075 0.03671875 0.0234375
3 0.0984375 0.14375 0.02890625 0.0234375
3 0.103125 0.1984375 0.01875 0.0515625
3 0.090625 0.2703125 0.0234375 0.02109375
3 0.26640625 0.2578125 0.0109375 0.03359375
3 0.2671875 0.2859375 0.01328125 0.0234375
3 0.265625 0.315625 0.00546875 0.02109375
3 0.1078125 0.096875 0.01171875 0.0265625
3 0.678125 0.134375 0.02421875 0.040625
3 0.684375 0.20859375 0.01640625 0.03203125
3 0.4484375 0.2828125 0.01484375 0.0109375
3 0.44765625 0.29375 0.01171875 0.01640625
3 0.45390625 0.32734375 0.009375 0.0125
3 0.58828125 0.2875 0.01640625 0.02890625
3 0.584375 0.25390625 0.01640625 0.0375
3 0.0890625 0.2953125 0.0078125 0.0265625
1 0.259375 0.35 0.0078125 0.03359375
0 0.046875 0.36171875 0.02421875 0.0359375
0 0.46875 0.3703125 0.0328125 0.04140625
0 0.34609375 0.3828125 0.0890625 0.1125
0 0.29375 0.36875 0.0375 0.053125
0 0.534375 0.39921875 0.10390625 0.15703125
0 0.4109375 0.371875 0.1046875 0.04140625
0 0.4078125 0.57265625 0.2609375 0.3734375
0 0.94765625 0.38359375 0.1046875 0.0953125
0 0.9859375 0.4015625 0.0265625 0.0765625
2 0.35078125 0.2953125 0.00546875 0.025