2 0.321875 0.24453125 0.02109375 0.084375
2 0.6875 0.45234375 0.0140625 0.0640625
2 0.7140625 0.51171875 0.01875 0.03359375
2 0.415625 0.559375 0.0078125 0.02109375
2 0.3484375 0.25546875 0.0234375 0.0875
2 0.6984375 0.50859375 0.0140625 0.0390625
3 0.2 0.409375 0.0359375 0.02109375
3 0.2234375 0.3921875 0.0265625 0.021875
3 0.68359375 0.403125 0.03828125 0.02890625
3 0.88203125 0.534375 0.04921875 0.1125
3 0.7953125 0.54375 0.04296875 0.040625
3 0.1171875 0.48984375 0.02890625 0.0890625
3 0.5140625 0.5828125 0.009375 0.01640625
0 0.3890625 0.6328125 0.01640625 0.0375
0 0.3953125 0.6390625 0.01875 0.04609375
0 0.45625 0.66796875 0.12265625 0.19609375
0 0.32734375 0.63125 0.0796875 0.15546875
1 0.14296875 0.64140625 0.01484375 0.05546875
1 0.790625 0.65546875 0.03359375 0.12109375
1 0.9203125 0.67109375 0.05625 0.2015625
1 0.8828125 0.671875 0.04453125 0.1875
1 0.1171875 0.6390625 0.015625 0.05390625
1 0.12421875 0.64765625 0.01015625 0.046875
1 0.1546875 0.64140625 0.0140625 0.04296875
1 0.16796875 0.6375 0.0140625 0.0390625
1 0.5265625 0.62734375 0.01015625 0.0390625
1 0.54609375 0.62890625 0.01171875 0.0515625
1 0.55546875 0.634375 0.01640625 0.0625
1 0.61875 0.62265625 0.021875 0.0765625
3 0.4875 0.54921875 0.0125 0.025
3 0.20390625 0.46171875 0.040625 0.02890625