2 0.259375 0.484375 0.00703125 0.03046875
2 0.40546875 0.4609375 0.0078125 0.0390625
2 0.26875 0.48359375 0.00859375 0.03203125
3 0.2796875 0.54921875 0.021875 0.015625
3 0.22109375 0.57578125 0.015625 0.025
3 0.4859375 0.46171875 0.03984375 0.01953125
3 0.6109375 0.48203125 0.0234375 0.10390625
3 0.6421875 0.478125 0.01171875 0.065625
3 0.56796875 0.4390625 0.0203125 0.0125
3 0.5546875 0.53515625 0.0171875 0.01796875
2 0.56953125 0.54296875 0.01015625 0.025
2 0.39765625 0.46328125 0.00703125 0.0359375
2 0.43359375 0.51640625 0.0078125 0.02109375
2 0.4390625 0.515625 0.0078125 0.0234375
1 0.703125 0.62109375 0.01171875 0.0765625
1 0.69375 0.6203125 0.00859375 0.08046875
1 0.646875 0.61875 0.01484375 0.08046875
1 0.625 0.5921875 0.01171875 0.04140625
1 0.6359375 0.62421875 0.015625 0.10390625
1 0.690625 0.61796875 0.01796875 0.08359375
1 0.6671875 0.62109375 0.0203125 0.09453125
1 0.56875 0.58203125 0.0109375 0.03203125
1 0.57265625 0.615625 0.01875 0.09296875
1 0.875 0.6828125 0.028125 0.19140625
1 0.83984375 0.684375 0.06171875 0.20703125
0 0.05546875 0.67578125 0.090625 0.2390625
0 0.06015625 0.7515625 0.11875 0.221875
1 0.146875 0.63046875 0.01015625 0.03359375
1 0.15625 0.628125 0.01015625 0.0390625
1 0.2125 0.6359375 0.01171875 0.02890625
1 0.2015625 0.6359375 0.0140625 0.046875
3 0.359375 0.59375 0.02421875 0.02109375
3 0.328125 0.546875 0.00859375 0.0390625
2 0.3109375 0.53203125 0.01015625 0.0265625
0 0.3859375 0.60625 0.0140625 0.025
0 0.4734375 0.6890625 0.24765625 0.4
0 0.2609375 0.64765625 0.084375 0.11953125