2 0.73203125 0.340625 0.0359375 0.0625
2 0.7703125 0.33515625 0.03359375 0.07109375
0 0.95703125 0.56953125 0.0859375 0.05390625
0 0.8640625 0.56953125 0.053125 0.0625
0 0.8109375 0.57109375 0.05390625 0.065625
0 0.72109375 0.575 0.07421875 0.059375
0 0.1828125 0.56640625 0.02109375 0.025
0 0.203125 0.5625 0.01484375 0.0234375
0 0.2265625 0.5609375 0.03515625 0.028125
0 0.259375 0.56484375 0.028125 0.025
0 0.3078125 0.56171875 0.0453125 0.0484375
0 0.3625 0.565625 0.0609375 0.05546875
3 0.5703125 0.45625 0.025 0.01796875