2 0.1140625 0.253125 0.01484375 0.0625
2 0.396875 0.3625 0.01328125 0.0390625
2 0.290625 0.4890625 0.0125 0.01953125
2 0.3125 0.51484375 0.0109375 0.01640625
2 0.67265625 0.44765625 0.0296875 0.0484375
2 0.64140625 0.26640625 0.01328125 0.08046875
2 0.128125 0.25859375 0.01484375 0.0625
2 0.10390625 0.259375 0.009375 0.0609375
2 0.07578125 0.4859375 0.01875 0.03203125
2 0.5109375 0.49921875 0.01484375 0.02890625
3 0.0796875 0.40625 0.0203125 0.02890625
3 0.0890625 0.428125 0.02890625 0.0234375
3 0.49609375 0.3859375 0.01796875 0.0359375
3 0.4953125 0.453125 0.01875 0.04296875
3 0.41875 0.496875 0.01015625 0.02890625
3 0.64609375 0.3359375 0.05078125 0.0390625
3 0.66875 0.28515625 0.03828125 0.02890625
3 0.65703125 0.24140625 0.02578125 0.05859375
3 0.7015625 0.38828125 0.0328125 0.04140625
2 0.384375 0.3671875 0.01484375 0.05859375
0 0.2859375 0.565625 0.03984375 0.065625
0 0.3140625 0.565625 0.02734375 0.065625
0 0.24140625 0.57421875 0.0625 0.078125
0 0.1671875 0.57890625 0.0671875 0.08203125
0 0.5671875 0.5984375 0.1375 0.096875
0 0.8140625 0.578125 0.07109375 0.0890625
0 0.721875 0.68203125 0.2671875 0.24296875
0 0.8765625 0.7390625 0.24453125 0.3640625
0 0.3828125 0.615625 0.1515625 0.21796875
1 0.56953125 0.6203125 0.03125 0.20390625
1 0.71796875 0.540625 0.02734375 0.0484375
1 0.9375 0.534375 0.053125 0.15546875