0 0.2421875 0.50234375 0.03046875 0.06953125
0 0.5390625 0.50703125 0.06015625 0.084375
0 0.590625 0.51015625 0.0546875 0.11640625
0 0.6453125 0.52109375 0.1015625 0.18203125
0 0.38125 0.52109375 0.26640625 0.425
2 0.4640625 0.309375 0.00703125 0.034375
2 0.4578125 0.3125 0.00625 0.028125
2 0.6671875 0.3734375 0.02578125 0.0375
2 0.58984375 0.428125 0.015625 0.02109375
3 0.803125 0.2875 0.03359375 0.1234375
3 0.1921875 0.3953125 0.015625 0.02109375
3 0.58125 0.3765625 0.02109375 0.01640625
3 0.54453125 0.4453125 0.00703125 0.01796875
2 0.6375 0.221875 0.01171875 0.053125