0 0.2953125 0.34453125 0.0203125 0.034375
0 0.221875 0.35078125 0.01484375 0.046875
0 0.2109375 0.353125 0.02890625 0.05859375
0 0.18203125 0.359375 0.0390625 0.071875
0 0.1375 0.36484375 0.06796875 0.0890625
0 0.3203125 0.34921875 0.021875 0.03359375
0 0.34921875 0.3546875 0.01640625 0.028125
0 0.35625 0.3546875 0.01875 0.0265625
0 0.37109375 0.35546875 0.01875 0.0375
0 0.3984375 0.378125 0.04921875 0.0625
0 0.2484375 0.36484375 0.04375 0.05546875
0 0.559375 0.44453125 0.16640625 0.19296875
0 0.6609375 0.39921875 0.05390625 0.03359375
0 0.7625 0.565625 0.38125 0.340625
2 0.053125 0.090625 0.01171875 0.0515625
2 0.07421875 0.08671875 0.02109375 0.0640625
2 0.05625 0.27890625 0.01484375 0.025
2 0.3640625 0.15546875 0.0125 0.0375
2 0.4703125 0.3109375 0.0140625 0.0265625
2 0.58203125 0.28984375 0.01171875 0.02890625
2 0.26953125 0.27265625 0.0125 0.02109375
2 0.34375 0.28359375 0.01015625 0.02109375
2 0.3265625 0.31875 0.009375 0.02109375
2 0.50390625 0.2828125 0.0078125 0.021875