2 0.5078125 0.48125 0.00703125 0.021875
3 0.4890625 0.48515625 0.01640625 0.009375
2 0.571875 0.4875 0.00703125 0.01953125
2 0.546875 0.51640625 0.009375 0.0140625
0 0.503125 0.53984375 0.025 0.0359375
0 0.478125 0.5453125 0.009375 0.0265625
0 0.46640625 0.54296875 0.00859375 0.0265625
0 0.45625 0.54140625 0.0109375 0.0359375
0 0.4390625 0.54609375 0.02265625 0.040625
0 0.409375 0.54140625 0.04140625 0.05390625
0 0.3453125 0.546875 0.0890625 0.1
0 0.2296875 0.58203125 0.1296875 0.09609375
0 0.52734375 0.53984375 0.01875 0.02890625
0 0.5640625 0.54140625 0.009375 0.01953125
0 0.5765625 0.540625 0.0125 0.028125
0 0.58984375 0.5453125 0.02109375 0.05390625
0 0.6046875 0.5515625 0.0234375 0.065625
0 0.6328125 0.55703125 0.03984375 0.09140625
0 0.66875 0.571875 0.07734375 0.1265625
0 0.72421875 0.59921875 0.11484375 0.1625
0 0.875 0.646875 0.25 0.3640625
3 0.78125 0.37421875 0.025 0.028125
3 0.77734375 0.41328125 0.0203125 0.02109375