0 0.5015625 0.37265625 0.01640625 0.01953125
0 0.48984375 0.378125 0.0109375 0.01953125
0 0.471875 0.38515625 0.034375 0.05
0 0.403125 0.37890625 0.0109375 0.021875
0 0.3875 0.37421875 0.0140625 0.021875
0 0.24296875 0.3953125 0.06328125 0.08046875
0 0.0859375 0.36953125 0.04296875 0.02890625
0 0.00234375 0.421875 0.0046875 0.040625
0 0.04453125 0.3703125 0.0296875 0.01796875
0 0.01171875 0.37421875 0.0234375 0.0359375
0 0.05 0.403125 0.08515625 0.071875
0 0.43125 0.3984375 0.0546875 0.084375
0 0.5203125 0.39921875 0.04140625 0.05390625
0 0.3296875 0.446875 0.1578125 0.1890625
0 0.67578125 0.378125 0.0453125 0.04140625