0 0.4640625 0.540625 0.0078125 0.01953125
0 0.4546875 0.5390625 0.0109375 0.01953125
0 0.44765625 0.5390625 0.01171875 0.03359375
0 0.4265625 0.54375 0.03046875 0.04140625
0 0.409375 0.55390625 0.02265625 0.05390625
0 0.3921875 0.5625 0.0328125 0.065625
0 0.371875 0.57265625 0.03671875 0.109375
0 0.309375 0.578125 0.12265625 0.1765625
0 0.1578125 0.640625 0.3046875 0.25546875
0 0.4734375 0.53828125 0.01484375 0.0109375
0 0.484375 0.5390625 0.01171875 0.0140625
0 0.49296875 0.54375 0.01328125 0.0234375
0 0.50703125 0.546875 0.0171875 0.03046875
0 0.52734375 0.553125 0.02109375 0.046875
0 0.54453125 0.55390625 0.03203125 0.05390625
0 0.571875 0.5671875 0.0515625 0.08359375
0 0.61875 0.57265625 0.07890625 0.153125
3 0.5171875 0.51640625 0.0109375 0.01640625
0 0.703125 0.59453125 0.18046875 0.2265625