2 0.3234375 0.315625 0.0171875 0.0640625
2 0.2984375 0.4671875 0.01328125 0.025
2 0.3390625 0.47265625 0.0078125 0.02109375
2 0.5703125 0.53671875 0.00390625 0.0140625
2 0.5875 0.53984375 0.0046875 0.01640625
0 0.596875 0.57109375 0.01484375 0.0109375
0 0.57578125 0.5703125 0.01171875 0.00859375
0 0.5734375 0.5796875 0.0078125 0.02109375
0 0.56484375 0.58125 0.0078125 0.01953125
0 0.54375 0.5875 0.0234375 0.0359375
0 0.534375 0.60078125 0.01953125 0.0375
0 0.5125 0.5875 0.02890625 0.04296875
0 0.50859375 0.603125 0.02421875 0.0484375
0 0.4796875 0.6078125 0.0421875 0.0765625
0 0.43125 0.61875 0.090625 0.0984375
0 0.61328125 0.5734375 0.01171875 0.01640625
0 0.62578125 0.57578125 0.0109375 0.01640625
0 0.64140625 0.584375 0.01640625 0.02109375
0 0.5984375 0.59140625 0.025 0.034375
0 0.68671875 0.6296875 0.1046875 0.1140625
0 0.7875 0.61015625 0.06953125 0.06953125
3 0.328125 0.4296875 0.0375 0.02109375
3 0.3125 0.390625 0.02734375 0.0234375
1 0.990625 0.6171875 0.0109375 0.0640625
1 0.3359375 0.565625 0.01015625 0.05
1 0.3171875 0.5703125 0.0078125 0.05546875
1 0.45 0.5640625 0.0109375 0.01796875
1 0.425 0.56328125 0.01171875 0.01640625
1 0.2015625 0.603125 0.0359375 0.125
1 0.078125 0.6203125 0.0453125 0.16953125
0 0.75390625 0.6140625 0.02265625 0.04296875