3 0.6734375 0.42890625 0.03125 0.015625
3 0.71171875 0.42578125 0.01953125 0.02890625
2 0.4828125 0.4609375 0.00703125 0.02109375
2 0.64140625 0.42578125 0.00546875 0.0265625
2 0.7203125 0.50859375 0.00546875 0.015625
2 0.38125 0.5015625 0.00703125 0.021875
2 0.63515625 0.4296875 0.0046875 0.02109375
2 0.384375 0.43984375 0.00703125 0.02890625
1 0.9046875 0.52578125 0.01171875 0.01953125
1 0.88984375 0.52421875 0.015625 0.015625
0 0.078125 0.66640625 0.15390625 0.509375
0 0.2625 0.640625 0.1875 0.2765625
0 0.38125 0.59921875 0.0578125 0.12109375
0 0.9453125 0.60234375 0.0609375 0.128125
0 0.446875 0.61171875 0.09375 0.12109375
0 0.59609375 0.66328125 0.15078125 0.2125
0 0.834375 0.65625 0.2453125 0.2515625
0 0.50703125 0.571875 0.03125 0.065625
0 0.465625 0.5453125 0.0515625 0.02890625
0 0.64453125 0.56875 0.0328125 0.06953125
0 0.5921875 0.55234375 0.0515625 0.015625
0 0.6484375 0.52890625 0.028125 0.03046875
0 0.7234375 0.57421875 0.06640625 0.075
0 0.540625 0.575 0.03515625 0.0765625