0 0.5171875 0.75078125 0.0109375 0.0125
0 0.4984375 0.75078125 0.021875 0.01640625
0 0.478125 0.7515625 0.0140625 0.015625
0 0.46171875 0.7515625 0.021875 0.0234375
0 0.4390625 0.753125 0.01796875 0.02109375
0 0.3609375 0.75703125 0.034375 0.03359375
0 0.325 0.7625 0.05859375 0.040625
0 0.17109375 0.765625 0.1265625 0.06796875
0 0.6234375 0.7546875 0.0140625 0.01953125
0 0.603125 0.7578125 0.03359375 0.046875
0 0.6421875 0.75859375 0.03359375 0.04296875
0 0.65234375 0.74296875 0.0109375 0.0125
0 0.6640625 0.75390625 0.015625 0.0390625
0 0.6859375 0.76171875 0.046875 0.0609375
0 0.721875 0.76328125 0.0546875 0.0875
0 0.828125 0.7734375 0.23984375 0.14453125
0 0.55625 0.7609375 0.06640625 0.10703125
3 0.5609375 0.70078125 0.01640625 0.0234375
3 0.590625 0.703125 0.01640625 0.02109375
2 0.5125 0.721875 0.009375 0.01640625
2 0.503125 0.72109375 0.00703125 0.01953125