3 0.14375 0.3921875 0.0109375 0.03046875
3 0.0953125 0.46015625 0.0171875 0.040625
3 0.371875 0.49296875 0.01875 0.04296875
3 0.3796875 0.42109375 0.0125 0.034375
3 0.61640625 0.5234375 0.01640625 0.040625
3 0.746875 0.53359375 0.01640625 0.040625
3 0.7046875 0.4375 0.015625 0.03203125
3 0.8 0.4921875 0.01484375 0.02890625
3 0.80234375 0.46640625 0.01953125 0.03046875
3 0.91640625 0.46796875 0.01875 0.03359375
3 0.9859375 0.56015625 0.015625 0.04609375
3 0.565625 0.428125 0.01328125 0.0125
0 0.36796875 0.4484375 0.01015625 0.01640625
0 0.36171875 0.45390625 0.0171875 0.01796875
0 0.3453125 0.46796875 0.02734375 0.0515625
0 0.328125 0.471875 0.03046875 0.06640625
0 0.28828125 0.48359375 0.07734375 0.09296875
0 0.6265625 0.50078125 0.0484375 0.0609375
0 0.8765625 0.509375 0.08828125 0.0375
0 0.7953125 0.49765625 0.034375 0.03046875
0 0.1890625 0.503125 0.153125 0.1625
0 0.0984375 0.409375 0.034375 0.02890625
0 0.40703125 0.4625 0.01640625 0.040625
3 0.56015625 0.228125 0.06640625 0.08359375
3 0.078125 0.140625 0.06875 0.090625
3 0.2046875 0.16484375 0.071875 0.09609375
3 0.3265625 0.18515625 0.06875 0.09453125
3 0.44453125 0.20703125 0.0671875 0.090625
3 0.67109375 0.24609375 0.06484375 0.084375
3 0.78046875 0.26484375 0.0671875 0.084375
3 0.8859375 0.27890625 0.071875 0.08359375
3 0.9765625 0.296875 0.04140625 0.0765625
0 0.428125 0.48203125 0.0265625 0.10390625
3 0.58984375 0.4234375 0.0078125 0.01640625
0 0.890625 0.55 0.13125 0.1015625