3 0.46875 0.56328125 0.040625 0.0265625
3 0.52734375 0.56484375 0.03984375 0.03359375
2 0.959375 0.53828125 0.01796875 0.0359375
2 0.94609375 0.5359375 0.01328125 0.03203125
0 0.0515625 0.72265625 0.10234375 0.146875
0 0.0234375 0.8859375 0.046875 0.21640625
0 0.35625 0.6453125 0.01875 0.02890625
0 0.371875 0.6375 0.01328125 0.02890625
0 0.3890625 0.640625 0.0203125 0.0234375
0 0.43046875 0.6265625 0.01484375 0.021875
0 0.44375 0.628125 0.01328125 0.01953125
0 0.4609375 0.62265625 0.0109375 0.02890625
0 0.4765625 0.621875 0.01484375 0.021875
0 0.4234375 0.640625 0.0078125 0.03359375
0 0.40625 0.65625 0.034375 0.046875
0 0.296875 0.684375 0.11875 0.14609375
0 0.5140625 0.66953125 0.034375 0.06796875
0 0.53671875 0.665625 0.0140625 0.05
0 0.46875 0.7140625 0.1 0.15859375
0 0.5859375 0.69765625 0.078125 0.11640625
0 0.66328125 0.640625 0.0625 0.0234375
0 0.71328125 0.6328125 0.02578125 0.01953125
0 0.740625 0.62890625 0.03828125 0.0265625
0 0.78125 0.6328125 0.0328125 0.0234375
0 0.8421875 0.6328125 0.0953125 0.0390625
0 0.89609375 0.634375 0.01796875 0.03046875
2 0.975 0.6640625 0.04609375 0.1359375
2 0.1234375 0.59453125 0.0125 0.0265625
2 0.1140625 0.596875 0.00703125 0.0359375
2 0.4265625 0.59140625 0.00703125 0.01953125
2 0.4484375 0.59375 0.0078125 0.021875
0 0.92421875 0.634375 0.06015625 0.0390625