2 0.21875 0.35703125 0.0125 0.05
2 0.3125 0.309375 0.0140625 0.053125
2 0.296875 0.315625 0.0125 0.065625
2 0.8640625 0.3484375 0.0109375 0.04453125
2 0.8625 0.465625 0.01484375 0.028125
2 0.0453125 0.459375 0.01796875 0.0265625
2 0.2140625 0.46640625 0.0140625 0.0265625
2 0.70390625 0.47734375 0.009375 0.03203125
3 0.0234375 0.40390625 0.0265625 0.01640625
3 0.0125 0.37421875 0.021875 0.02109375
3 0.2609375 0.33828125 0.05390625 0.025
3 0.2234375 0.409375 0.0328125 0.0375
3 0.865625 0.415625 0.009375 0.0125
3 0.8828125 0.4 0.0234375 0.01640625
3 0.87421875 0.38515625 0.0234375 0.01640625
1 0.946875 0.55625 0.02421875 0.09609375
1 0.1734375 0.5546875 0.02109375 0.08203125
1 0.15078125 0.55 0.0234375 0.1
1 0.128125 0.55703125 0.0265625 0.09453125
1 0.10625 0.5546875 0.02421875 0.10546875
1 0.0640625 0.55 0.0265625 0.10703125
1 0.18125 0.55 0.0125 0.0734375
1 0.003125 0.54921875 0.00625 0.090625
0 0.378125 0.5671875 0.00859375 0.03046875
0 0.3640625 0.56328125 0.01796875 0.04453125
0 0.396875 0.55859375 0.02734375 0.05390625
0 0.44609375 0.559375 0.0125 0.05
0 0.4578125 0.56875 0.01484375 0.0375
0 0.47734375 0.571875 0.009375 0.02109375
0 0.490625 0.5671875 0.0234375 0.0375
0 0.5140625 0.565625 0.01796875 0.04140625
0 0.57734375 0.5734375 0.034375 0.040625
1 0.2765625 0.55234375 0.0328125 0.09140625
0 0.4234375 0.5578125 0.04453125 0.06953125
0 0.540625 0.56640625 0.04609375 0.0515625
0 0.9796875 0.57578125 0.0390625 0.053125