3 0.859375 0.15078125 0.03125 0.02109375
3 0.5328125 0.246875 0.015625 0.015625
3 0.5109375 0.23125 0.01171875 0.015625
3 0.5328125 0.271875 0.015625 0.0234375
3 0.98828125 0.12265625 0.01171875 0.0234375
1 0.9734375 0.27890625 0.02109375 0.07890625
2 0.83125 0.11171875 0.01171875 0.046875
2 0.5375 0.128125 0.009375 0.04453125
2 0.5453125 0.21484375 0.009375 0.04140625
2 0.634375 0.2390625 0.00546875 0.02109375
2 0.3328125 0.25546875 0.00546875 0.021875
2 0.00546875 0.08671875 0.0109375 0.06953125
2 0.0234375 0.08984375 0.0203125 0.075
2 0.5265625 0.1296875 0.00703125 0.0375
2 0.546875 0.128125 0.00859375 0.04140625
2 0.553125 0.2078125 0.0078125 0.028125
2 0.4765625 0.23046875 0.00703125 0.02109375
2 0.85 0.21015625 0.01484375 0.0265625
0 0.15 0.44140625 0.3 0.3984375
0 0.45625 0.4640625 0.22109375 0.3140625
0 0.296875 0.35078125 0.03828125 0.0609375
0 0.3765625 0.3453125 0.01640625 0.0375
0 0.5578125 0.33125 0.0359375 0.028125
0 0.6765625 0.31796875 0.04765625 0.021875
0 0.690625 0.29765625 0.03984375 0.034375