0 0.959375 0.678125 0.07734375 0.24296875
0 0.43046875 0.51328125 0.08671875 0.15703125
0 0.6984375 0.56015625 0.15 0.14140625
0 0.36640625 0.509375 0.0453125 0.07890625
0 0.621875 0.53125 0.11484375 0.1359375
0 0.571875 0.5265625 0.04140625 0.1015625
0 0.54375 0.5234375 0.028125 0.075
0 0.525 0.51953125 0.02734375 0.05546875
0 0.509375 0.51640625 0.0140625 0.0359375
0 0.509375 0.51015625 0.028125 0.0484375
0 0.4921875 0.50625 0.0203125 0.04609375
0 0.478125 0.503125 0.01171875 0.0375
0 0.3421875 0.49140625 0.0140625 0.02890625
0 0.765625 0.47890625 0.07265625 0.02890625
0 0.809375 0.4828125 0.028125 0.02109375
0 0.90390625 0.5046875 0.1125 0.0734375
0 0.9765625 0.496875 0.04453125 0.0484375
0 0.71875 0.478125 0.021875 0.01640625
0 0.246875 0.4796875 0.01171875 0.01953125
3 0.29765625 0.425 0.0203125 0.03046875
3 0.55 0.44453125 0.01796875 0.0375
2 0.48203125 0.465625 0.0109375 0.01953125
3 0.50078125 0.42734375 0.00625 0.02890625
3 0.7828125 0.36171875 0.0203125 0.03046875