3 0.5296875 0.271875 0.01640625 0.03359375
3 0.54453125 0.3078125 0.01640625 0.0125
3 0.596875 0.3125 0.01953125 0.03359375
3 0.621875 0.2953125 0.01640625 0.06796875
3 0.825 0.24453125 0.02890625 0.09296875
3 0.81875 0.0640625 0.04296875 0.0625
2 0.29375 0.246875 0.01171875 0.04296875
2 0.38984375 0.2390625 0.009375 0.04453125
2 0.2421875 0.375 0.01171875 0.01953125
1 0.628125 0.48515625 0.04296875 0.18046875
1 0.6265625 0.47265625 0.02734375 0.1734375
1 0.27890625 0.44765625 0.01953125 0.046875
0 0.946875 0.58984375 0.1046875 0.2140625
0 0.7953125 0.51640625 0.23046875 0.1984375
0 0.5421875 0.45390625 0.15078125 0.23203125
0 0.3609375 0.453125 0.08515625 0.140625
0 0.453125 0.43203125 0.0265625 0.040625
1 0.01875 0.428125 0.00859375 0.03046875