2 0.8328125 0.08828125 0.06484375 0.17109375
2 0.7734375 0.09765625 0.04609375 0.190625
2 0.4859375 0.40234375 0.00859375 0.0375
2 0.3171875 0.3890625 0.01328125 0.05859375
2 0.2015625 0.45546875 0.0109375 0.015625
3 0.0265625 0.49140625 0.046875 0.08203125
3 0.08828125 0.4453125 0.00859375 0.021875
3 0.196875 0.43984375 0.00546875 0.01640625
3 0.4625 0.44296875 0.040625 0.03359375
3 0.46171875 0.47421875 0.034375 0.0265625
3 0.559375 0.4328125 0.0078125 0.03046875
0 0.109375 0.528125 0.05625 0.04453125
0 0.18828125 0.5203125 0.07265625 0.059375
0 0.4046875 0.465625 0.07578125 0.134375
0 0.359375 0.53359375 0.1390625 0.171875
0 0.740625 0.46796875 0.02890625 0.0265625
0 0.6484375 0.48125 0.07421875 0.046875
0 0.7875 0.4640625 0.05625 0.0375
0 0.8453125 0.4703125 0.034375 0.028125
0 0.94609375 0.4609375 0.05546875 0.046875
2 0.11875 0.32265625 0.0171875 0.04140625
2 0.559375 0.3265625 0.009375 0.040625
3 0.3140625 0.3484375 0.0109375 0.01953125
3 0.11953125 0.29375 0.0078125 0.0109375
3 0.48515625 0.371875 0.00546875 0.0125
3 0.55703125 0.29765625 0.00703125 0.0125