0 0.26953125 0.3625 0.065625 0.1
0 0.31328125 0.365625 0.03515625 0.06640625
0 0.346875 0.353125 0.03984375 0.053125
0 0.36875 0.34765625 0.0234375 0.053125
0 0.41796875 0.34609375 0.0140625 0.034375
0 0.428125 0.34921875 0.00625 0.028125
0 0.4375 0.34765625 0.00703125 0.028125
0 0.47265625 0.33984375 0.0078125 0.0140625
0 0.5546875 0.34921875 0.021875 0.0359375
0 0.68125 0.34609375 0.04453125 0.0234375
0 0.6390625 0.3421875 0.01328125 0.01640625
0 0.8421875 0.37421875 0.115625 0.09453125
0 0.39609375 0.34453125 0.02734375 0.04609375
0 0.45 0.35078125 0.0203125 0.03046875
0 0.50625 0.41640625 0.10625 0.153125
0 0.58671875 0.35859375 0.0375 0.0515625
0 0.909375 0.4953125 0.178125 0.36640625
3 0.36875 0.27265625 0.0109375 0.0109375
3 0.5296875 0.3140625 0.015625 0.01796875
3 0.5546875 0.3078125 0.00859375 0.01953125
3 0.72734375 0.20703125 0.021875 0.015625
3 0.7140625 0.234375 0.02890625 0.01796875
3 0.7125 0.26640625 0.0203125 0.0390625
3 0.978125 0.1578125 0.040625 0.084375