3 0.1734375 0.36171875 0.015625 0.01640625
3 0.6859375 0.409375 0.02109375 0.0140625
3 0.640625 0.46796875 0.00859375 0.0140625
2 0.1640625 0.434375 0.01484375 0.02109375
2 0.6953125 0.43203125 0.015625 0.0265625
2 0.68125 0.43046875 0.009375 0.01796875
1 0.2703125 0.5109375 0.009375 0.0515625
1 0.2390625 0.5078125 0.01015625 0.0609375
1 0.2265625 0.51015625 0.0125 0.05390625
1 0.253125 0.50859375 0.015625 0.078125
1 0.265625 0.515625 0.01640625 0.06796875
0 0.3828125 0.496875 0.028125 0.053125
0 0.353125 0.5046875 0.03515625 0.0640625
0 0.6046875 0.496875 0.028125 0.046875
0 0.30546875 0.52265625 0.06328125 0.071875
0 0.6421875 0.5046875 0.0453125 0.05703125
0 0.43125 0.5109375 0.05234375 0.05546875
0 0.48515625 0.50859375 0.0484375 0.06640625
3 0.43828125 0.45078125 0.01171875 0.0109375
3 0.4078125 0.44609375 0.0125 0.0125
2 0.5390625 0.31015625 0.0125 0.05
2 0.5625 0.4390625 0.0078125 0.021875
2 0.453125 0.43515625 0.01015625 0.0265625