3 0.6375 0.39609375 0.028125 0.040625
3 0.7375 0.365625 0.01640625 0.028125
3 0.4390625 0.4953125 0.00703125 0.021875
3 0.45234375 0.5 0.00703125 0.01640625
3 0.553125 0.4734375 0.01015625 0.01796875
0 0.503125 0.5125 0.01484375 0.0234375
0 0.4203125 0.534375 0.02265625 0.04140625
0 0.396875 0.546875 0.02578125 0.046875
0 0.3625 0.55234375 0.05078125 0.06640625
0 0.3390625 0.565625 0.04765625 0.05703125
0 0.31015625 0.58203125 0.0546875 0.078125
0 0.2625 0.6 0.08671875 0.103125
0 0.5421875 0.5015625 0.021875 0.034375
0 0.55 0.50703125 0.01484375 0.03046875
0 0.56875 0.51171875 0.02578125 0.046875
0 0.5859375 0.51875 0.01953125 0.05859375
0 0.60234375 0.52578125 0.028125 0.07890625
0 0.6203125 0.53515625 0.021875 0.109375
0 0.175 0.634375 0.12890625 0.13046875
0 0.4453125 0.53671875 0.0375 0.05703125
0 0.48515625 0.52890625 0.04140625 0.059375
0 0.6734375 0.525 0.11328125 0.16953125