0 0.4515625 0.35859375 0.071875 0.1390625
0 0.3578125 0.38515625 0.07734375 0.10390625
0 0.284375 0.4046875 0.1375 0.153125
0 0.0484375 0.503125 0.096875 0.203125
0 0.6046875 0.496875 0.37578125 0.40546875
0 0.7984375 0.33515625 0.08046875 0.04140625
2 0.390625 0.32265625 0.0078125 0.0125
2 0.725 0.25859375 0.0125 0.01953125
2 0.71328125 0.25703125 0.009375 0.01953125
3 0.71015625 0.2171875 0.0234375 0.01640625
3 0.6875 0.25 0.0125 0.00546875
3 0.678125 0.26953125 0.0171875 0.0140625
2 0.4453125 0.225 0.00625 0.0265625
2 0.6828125 0.234375 0.0078125 0.025
2 0.45546875 0.22421875 0.00703125 0.025