3 0.2734375 0.603125 0.03828125 0.0515625
3 0.321875 0.6015625 0.0453125 0.04296875
2 0.5046875 0.58046875 0.0046875 0.00859375
2 0.559375 0.5765625 0.0046875 0.0125
3 0.5640625 0.5703125 0.00625 0.01796875
0 0.50703125 0.6109375 0.0078125 0.009375
0 0.5109375 0.6171875 0.0109375 0.0140625
0 0.5421875 0.615625 0.01015625 0.025
0 0.553125 0.61640625 0.0125 0.028125
0 0.56640625 0.61484375 0.0171875 0.0359375
0 0.584375 0.61640625 0.02421875 0.05703125
0 0.6046875 0.61796875 0.0328125 0.06796875
0 0.5234375 0.61640625 0.01171875 0.01796875
0 0.6328125 0.6234375 0.05625 0.0734375
3 0.634375 0.57109375 0.00703125 0.0140625
0 0.271875 0.6953125 0.0203125 0.0234375
0 0.23671875 0.696875 0.021875 0.0234375
0 0.171875 0.72890625 0.034375 0.02890625
0 0.121875 0.72890625 0.02890625 0.02109375
0 0.0328125 0.77421875 0.06484375 0.0625
0 0.775 0.65625 0.13828125 0.14609375
0 0.9875 0.77734375 0.025 0.171875
2 0.690625 0.5734375 0.01484375 0.01796875
0 0.0328125 0.59296875 0.06015625 0.02890625