2 0.240625 0.2875 0.01171875 0.04453125
2 0.1859375 0.421875 0.015625 0.028125
2 0.56171875 0.3109375 0.0078125 0.04453125
2 0.6140625 0.28203125 0.01484375 0.03359375
2 0.6875 0.39453125 0.015625 0.028125
2 0.1625 0.21015625 0.015625 0.0640625
2 0.7453125 0.25625 0.01484375 0.046875
2 0.253125 0.2921875 0.01484375 0.04453125
2 0.5703125 0.3125 0.01171875 0.03359375
2 0.759375 0.3625 0.0171875 0.034375
2 0.14140625 0.2078125 0.01875 0.0640625
2 0.0125 0.17265625 0.01875 0.0640625
3 0.7640625 0.3078125 0.02734375 0.0234375
0 0.5828125 0.44375 0.01796875 0.028125
0 0.5046875 0.51484375 0.14375 0.20390625