0 0.3046875 0.465625 0.0265625 0.0375
0 0.15859375 0.46875 0.0453125 0.0609375
0 0.121875 0.47265625 0.04765625 0.08046875
0 0.02421875 0.415625 0.046875 0.0609375
0 0.365625 0.46875 0.0140625 0.021875
0 0.63984375 0.50625 0.09453125 0.05
0 0.8 0.5 0.08671875 0.05
0 0.75078125 0.53203125 0.10234375 0.04296875
0 0.6484375 0.52890625 0.08203125 0.04453125
0 0.746875 0.55703125 0.103125 0.0375
0 0.890625 0.5578125 0.19765625 0.128125
0 0.9796875 0.59453125 0.0390625 0.14609375
0 0.053125 0.47109375 0.10546875 0.1265625
0 0.3828125 0.48359375 0.03046875 0.04296875
3 0.375 0.434375 0.0125 0.02109375
3 0.5859375 0.37421875 0.01015625 0.0265625