0 0.13671875 0.59140625 0.2734375 0.2625
0 0.2828125 0.5359375 0.13125 0.18046875
0 0.35234375 0.528125 0.0546875 0.115625
0 0.390625 0.51171875 0.04375 0.096875
0 0.8546875 0.521875 0.2203125 0.2
0 0.96015625 0.58515625 0.0765625 0.16953125
0 0.734375 0.5140625 0.115625 0.134375
0 0.43984375 0.4953125 0.03359375 0.0390625
0 0.46015625 0.490625 0.01875 0.03203125
0 0.4890625 0.4875 0.015625 0.0265625
0 0.5140625 0.48671875 0.0125 0.01953125
0 0.5328125 0.4875 0.02578125 0.03203125
2 0.4578125 0.35390625 0.0125 0.04453125
2 0.559375 0.3734375 0.009375 0.03359375
2 0.628125 0.43828125 0.01328125 0.0359375
3 0.55625 0.41640625 0.01015625 0.025
3 0.55859375 0.4421875 0.0078125 0.021875
3 0.40625 0.403125 0.01875 0.0125
2 0.39375 0.44453125 0.0234375 0.02890625
3 0.621875 0.41171875 0.01640625 0.01640625
3 0.36640625 0.40859375 0.01171875 0.01796875
2 0.5859375 0.4609375 0.01328125 0.02109375
2 0.509375 0.440625 0.0078125 0.0140625
2 0.48828125 0.44453125 0.00703125 0.01796875