2 0.45 0.38984375 0.00390625 0.0140625
2 0.43984375 0.353125 0.00546875 0.021875
2 0.5171875 0.390625 0.00546875 0.0140625
2 0.621875 0.31953125 0.00703125 0.0234375
2 0.4546875 0.39140625 0.0046875 0.015625
2 0.6125 0.321875 0.0078125 0.028125
2 0.678125 0.31953125 0.0078125 0.028125
2 0.684375 0.3484375 0.00546875 0.03046875
2 0.29375 0.403125 0.01171875 0.021875
3 0.303125 0.2890625 0.02578125 0.0515625
3 0.2984375 0.359375 0.01640625 0.009375
3 0.3046875 0.371875 0.0203125 0.00859375
3 0.35625 0.39609375 0.01328125 0.00703125
3 0.378125 0.409375 0.00546875 0.0140625
0 0.540625 0.43359375 0.02109375 0.03046875
0 0.5453125 0.43984375 0.009375 0.03203125
0 0.559375 0.4359375 0.02109375 0.04296875
0 0.571875 0.46640625 0.015625 0.08359375
0 0.5265625 0.43125 0.009375 0.059375
0 0.50625 0.43046875 0.03828125 0.07890625
0 0.48125 0.440625 0.0421875 0.05859375
0 0.38671875 0.475 0.06015625 0.090625
0 0.3296875 0.44765625 0.07265625 0.1140625
0 0.6765625 0.496875 0.1453125 0.14609375
0 0.45703125 0.48515625 0.08359375 0.1265625
0 0.18125 0.528125 0.32890625 0.45546875
0 0.8546875 0.52109375 0.2875 0.534375