3 0.31875 0.40078125 0.05703125 0.02890625
2 0.253125 0.39921875 0.01484375 0.0515625
2 0.0578125 0.43828125 0.0109375 0.0359375
2 0.43203125 0.34375 0.01875 0.053125
2 0.35390625 0.3921875 0.01328125 0.0484375
2 0.240625 0.40390625 0.01328125 0.05546875
2 0.32421875 0.40078125 0.01875 0.0390625
2 0.309375 0.39921875 0.01484375 0.04609375
2 0.5296875 0.4515625 0.0234375 0.0390625
0 0.03828125 0.56796875 0.0203125 0.03203125
0 0.0671875 0.571875 0.0640625 0.06796875
0 0.1953125 0.5859375 0.02421875 0.02890625
0 0.225 0.5828125 0.021875 0.04140625
0 0.24453125 0.575 0.03359375 0.04609375
0 0.109375 0.75546875 0.21875 0.3453125
0 0.39375 0.5875 0.06875 0.10390625
0 0.51875 0.5203125 0.1 0.05546875
0 0.4828125 0.63203125 0.1953125 0.2359375
0 0.7328125 0.7375 0.4828125 0.3890625
1 0.8328125 0.52421875 0.0546875 0.15
3 0.35 0.4546875 0.01484375 0.01953125
3 0.3640625 0.43828125 0.01328125 0.0234375
3 0.5265625 0.35703125 0.0296875 0.0265625
3 0.5046875 0.40078125 0.021875 0.0265625
3 0.5015625 0.43359375 0.01328125 0.01953125