0 0.81328125 0.60390625 0.371875 0.590625
0 0.0296875 0.63828125 0.059375 0.153125
0 0.0796875 0.60078125 0.0734375 0.12890625
0 0.1234375 0.60546875 0.0265625 0.06640625
0 0.1640625 0.5796875 0.053125 0.0484375
0 0.2234375 0.60390625 0.0359375 0.0609375
0 0.309375 0.60234375 0.01328125 0.040625
0 0.628125 0.6234375 0.0453125 0.109375
0 0.17734375 0.63828125 0.08671875 0.13203125
0 0.2640625 0.61796875 0.06015625 0.075
0 0.32578125 0.60078125 0.0328125 0.04296875
0 0.41796875 0.709375 0.2140625 0.24609375
2 0.528125 0.49375 0.01953125 0.028125
2 0.4203125 0.3671875 0.01171875 0.05
2 0.2203125 0.5375 0.00546875 0.015625
2 0.1234375 0.53515625 0.00625 0.025
2 0.11875 0.5359375 0.0046875 0.0234375
2 0.41015625 0.371875 0.009375 0.05
3 0.45625 0.38515625 0.05234375 0.0234375
3 0.5140625 0.39453125 0.021875 0.046875
3 0.5125 0.503125 0.01171875 0.04453125
3 0.328125 0.565625 0.00859375 0.01796875
3 0.0046875 0.54609375 0.009375 0.01953125
3 0.9234375 0.15390625 0.05234375 0.0609375
2 0.925 0.2234375 0.025 0.09296875