3 0.68125 0.23046875 0.13359375 0.08046875
0 0.9 0.60390625 0.1984375 0.1875
0 0.9515625 0.5640625 0.0921875 0.1109375
0 0.78125 0.5734375 0.125 0.1484375
0 0.7 0.57421875 0.06484375 0.09453125
0 0.6734375 0.55703125 0.06484375 0.084375
0 0.64296875 0.553125 0.05390625 0.0765625
0 0.6078125 0.546875 0.04921875 0.0515625
0 0.5734375 0.54453125 0.025 0.04296875
0 0.546875 0.54453125 0.01796875 0.03359375
0 0.528125 0.55078125 0.015625 0.02109375
0 0.45234375 0.55625 0.01875 0.01953125
0 0.4328125 0.55859375 0.015625 0.01953125
0 0.409375 0.559375 0.0109375 0.0125
0 0.3765625 0.56015625 0.0140625 0.01953125
0 0.35 0.553125 0.03125 0.025
0 0.315625 0.553125 0.02265625 0.025
0 0.265625 0.5546875 0.034375 0.03359375
0 0.2109375 0.5609375 0.04296875 0.03359375
0 0.18125 0.5546875 0.01796875 0.0390625
0 0.1125 0.5609375 0.06796875 0.046875
0 0.02421875 0.57109375 0.04765625 0.0609375
2 0.4390625 0.52421875 0.0109375 0.01953125
2 0.4734375 0.52734375 0.00703125 0.01640625
2 0.4875 0.52734375 0.00859375 0.01640625
2 0.5203125 0.52109375 0.00859375 0.01640625
2 0.5265625 0.534375 0.0140625 0.015625
3 0.5046875 0.528125 0.009375 0.0109375
0 0.490625 0.55078125 0.015625 0.02109375
3 0.76328125 0.43125 0.01875 0.02109375
0 0.15859375 0.559375 0.034375 0.05546875