0 0.03125 0.42421875 0.0625 0.0515625
0 0.078125 0.41796875 0.040625 0.0625
0 0.203125 0.41484375 0.03828125 0.0359375
0 0.3265625 0.4 0.02734375 0.0265625
0 0.425 0.3984375 0.0203125 0.02890625
0 0.49921875 0.3953125 0.01484375 0.0265625
0 0.52109375 0.403125 0.01484375 0.0390625
0 0.54453125 0.4078125 0.0328125 0.0609375
0 0.57734375 0.403125 0.02734375 0.05859375
0 0.4796875 0.4 0.01875 0.0265625
0 0.6140625 0.4328125 0.09921875 0.1265625
0 0.890625 0.58046875 0.2171875 0.37109375
2 0.340625 0.34765625 0.009375 0.01953125
2 0.48828125 0.34296875 0.009375 0.01953125
3 0.3265625 0.35 0.01484375 0.009375
3 0.453125 0.36953125 0.01484375 0.01953125
3 0.32421875 0.378125 0.0125 0.021875
3 0.4375 0.33984375 0.021875 0.0125
0 0.36953125 0.396875 0.0203125 0.0234375
0 0.4640625 0.39765625 0.0125 0.021875
0 0.4484375 0.3984375 0.01484375 0.01953125
2 0.4203125 0.33515625 0.009375 0.01953125
2 0.434375 0.37734375 0.009375 0.01953125