3 0.23359375 0.278125 0.0171875 0.0375
3 0.40625 0.3546875 0.01015625 0.0234375
2 0.2890625 0.334375 0.0078125 0.02109375
2 0.3296875 0.33203125 0.00703125 0.0234375
0 0.35390625 0.3859375 0.0140625 0.01796875
0 0.3421875 0.384375 0.01015625 0.02109375
0 0.3734375 0.38828125 0.015625 0.025
0 0.3828125 0.390625 0.01796875 0.0265625
0 0.396875 0.39765625 0.02421875 0.0375
0 0.4328125 0.409375 0.03828125 0.05703125
0 0.5265625 0.453125 0.06640625 0.0875
0 0.6203125 0.4765625 0.14609375 0.13203125
0 0.8328125 0.53828125 0.31875 0.2390625
0 0.31875 0.4 0.0296875 0.0515625
0 0.2296875 0.378125 0.021875 0.0234375
0 0.14453125 0.3859375 0.0328125 0.046875
0 0.1125 0.390625 0.03203125 0.03359375