2 0.471875 0.559375 0.0125 0.01953125
2 0.4421875 0.565625 0.0109375 0.01640625
3 0.6828125 0.41875 0.03984375 0.02890625
3 0.7078125 0.38203125 0.0453125 0.0234375
3 0.20625 0.5328125 0.02421875 0.01953125
2 0.1953125 0.5703125 0.01640625 0.0265625
2 0.709375 0.4609375 0.02578125 0.0359375
2 0.209375 0.56953125 0.0109375 0.0234375
0 0.48125 0.61640625 0.01875 0.03203125
0 0.4703125 0.6265625 0.02421875 0.05546875
0 0.40703125 0.628125 0.01484375 0.025
0 0.39375 0.628125 0.015625 0.0265625
0 0.3828125 0.628125 0.01484375 0.0234375
0 0.36328125 0.63203125 0.02578125 0.04296875
0 0.3390625 0.63359375 0.0234375 0.04609375
0 0.3046875 0.64296875 0.05625 0.07109375
0 0.4390625 0.628125 0.053125 0.08359375
0 0.8 0.60078125 0.0890625 0.053125
0 0.8734375 0.60078125 0.03984375 0.053125
1 0.8875 0.571875 0.0109375 0.02890625
0 0.55625 0.61328125 0.034375 0.03359375
0 0.53359375 0.61875 0.01328125 0.021875
1 0.6296875 0.60859375 0.01875 0.078125
1 0.8234375 0.609375 0.0234375 0.1140625
1 0.85 0.59921875 0.0234375 0.13359375
3 0.41953125 0.515625 0.01796875 0.0140625
2 0.3515625 0.165625 0.0203125 0.10390625
2 0.38203125 0.284375 0.01875 0.07109375