0 0.921875 0.5578125 0.0421875 0.0265625
0 0.64921875 0.5296875 0.0203125 0.015625
0 0.66640625 0.54375 0.028125 0.02890625
0 0.64140625 0.53828125 0.021875 0.03203125
0 0.621875 0.5375 0.01640625 0.0359375
0 0.60625 0.53671875 0.02578125 0.0375
0 0.5875 0.534375 0.0109375 0.028125
0 0.5640625 0.51953125 0.015625 0.00859375
0 0.56015625 0.53671875 0.0109375 0.02109375
0 0.53125 0.52890625 0.01171875 0.028125
0 0.5046875 0.525 0.01953125 0.028125
0 0.48125 0.5171875 0.01640625 0.015625
0 0.575 0.53828125 0.02578125 0.03359375
0 0.5453125 0.53359375 0.025 0.0375
0 0.5140625 0.534375 0.02578125 0.034375
0 0.484375 0.534375 0.021875 0.03203125
1 0.35 0.53046875 0.0125 0.04453125
0 0.44453125 0.521875 0.0609375 0.0359375
0 0.43125 0.5375 0.0875 0.05
0 0.3921875 0.528125 0.02421875 0.0375
0 0.375 0.51875 0.015625 0.0234375
0 0.37265625 0.528125 0.01015625 0.03046875
0 0.35859375 0.525 0.02265625 0.0359375
0 0.340625 0.51875 0.0125 0.0265625
0 0.33046875 0.52578125 0.02734375 0.0375
0 0.325 0.5109375 0.0125 0.01953125
0 0.3125 0.51953125 0.01796875 0.03046875
0 0.2984375 0.5265625 0.0265625 0.03359375
0 0.284375 0.53125 0.01484375 0.0265625
0 0.271875 0.521875 0.01875 0.046875
0 0.26015625 0.521875 0.01796875 0.053125
0 0.24765625 0.5265625 0.02890625 0.05859375
0 0.23125 0.52421875 0.03125 0.059375
0 0.22734375 0.53203125 0.021875 0.04453125
0 0.115625 0.5078125 0.025 0.0265625
0 0.07109375 0.5171875 0.084375 0.06796875
0 0.171875 0.521875 0.11015625 0.06953125
0 0.0359375 0.521875 0.07109375 0.06796875
0 0.021875 0.52578125 0.04375 0.0609375