2 0.3265625 0.32578125 0.00859375 0.0359375
2 0.5328125 0.346875 0.0109375 0.04296875
2 0.1859375 0.45703125 0.01796875 0.02109375
3 0.2046875 0.3328125 0.01796875 0.04453125
3 0.190625 0.38984375 0.0203125 0.015625
3 0.12421875 0.284375 0.00703125 0.0390625
2 0.15 0.29140625 0.01796875 0.053125
0 0.628125 0.46015625 0.0328125 0.0484375
0 0.54375 0.5421875 0.16171875 0.2390625
0 0.1078125 0.62421875 0.215625 0.36953125
0 0.7921875 0.58359375 0.41484375 0.7140625
0 0.353125 0.67578125 0.29609375 0.50546875
3 0.0765625 0.328125 0.02265625 0.115625