3 0.67265625 0.39453125 0.03359375 0.06640625
2 0.44921875 0.46875 0.00703125 0.01796875
2 0.45625 0.471875 0.0046875 0.01640625
3 0.49453125 0.534375 0.01015625 0.02109375
2 0.35390625 0.459375 0.01171875 0.02109375
0 0.4265625 0.571875 0.0140625 0.021875
0 0.4546875 0.57265625 0.01484375 0.02109375
0 0.41640625 0.571875 0.01640625 0.021875
0 0.40625 0.57109375 0.01953125 0.02109375
0 0.3921875 0.575 0.01796875 0.02109375
0 0.3796875 0.5765625 0.01484375 0.02109375
0 0.37265625 0.56328125 0.0203125 0.021875
0 0.3671875 0.578125 0.0140625 0.021875
0 0.35 0.571875 0.0171875 0.034375
0 0.3109375 0.5734375 0.0203125 0.0390625
0 0.2875 0.578125 0.034375 0.059375
0 0.26875 0.5796875 0.0265625 0.07109375
0 0.234375 0.578125 0.06796875 0.0875
0 0.3328125 0.57265625 0.03203125 0.04453125
0 0.50625 0.5734375 0.0203125 0.046875
0 0.515625 0.57578125 0.025 0.05546875
0 0.5296875 0.57578125 0.0296875 0.059375
0 0.68984375 0.609375 0.153125 0.190625
0 0.55 0.5875 0.06484375 0.0734375
0 0.8578125 0.68515625 0.284375 0.309375
0 0.4765625 0.5703125 0.0234375 0.03359375
1 0.7890625 0.52890625 0.01171875 0.06796875