3 0.59453125 0.2734375 0.02265625 0.07890625
3 0.5140625 0.32734375 0.0109375 0.0265625
3 0.4921875 0.3453125 0.0109375 0.021875
3 0.290625 0.31875 0.01796875 0.04140625
0 0.4296875 0.36796875 0.0109375 0.01796875
0 0.4390625 0.37421875 0.0125 0.0140625
0 0.4453125 0.371875 0.01171875 0.0140625
0 0.4171875 0.36015625 0.0140625 0.009375
0 0.40625 0.36875 0.01484375 0.021875
0 0.3984375 0.37265625 0.01953125 0.021875
0 0.41875 0.37578125 0.0203125 0.028125
0 0.38828125 0.3765625 0.0109375 0.0265625
0 0.37421875 0.37421875 0.0296875 0.0375
0 0.34765625 0.37890625 0.03515625 0.053125
0 0.315625 0.38046875 0.04765625 0.0640625
0 0.25625 0.3921875 0.084375 0.096875
0 0.146875 0.3921875 0.14609375 0.1765625
0 0.04921875 0.43515625 0.09765625 0.20859375
0 0.459375 0.37265625 0.00703125 0.0140625
0 0.4625 0.37421875 0.00625 0.01640625
0 0.465625 0.37421875 0.00703125 0.01640625
0 0.47265625 0.37578125 0.01328125 0.025
0 0.49453125 0.37578125 0.03515625 0.05703125
0 0.50703125 0.38203125 0.0328125 0.05546875
0 0.5125 0.38828125 0.02421875 0.0625
0 0.54375 0.38984375 0.075 0.1
0 0.63984375 0.4328125 0.13984375 0.159375