2 0.4875 0.0171875 0.01875 0.034375
3 0.340625 0.27578125 0.01484375 0.01953125
3 0.325 0.25859375 0.0109375 0.01953125
0 0.96875 0.43515625 0.05859375 0.165625
0 0.8671875 0.32421875 0.03828125 0.04296875
0 0.6296875 0.33125 0.05078125 0.06796875
0 0.578125 0.35078125 0.08203125 0.12109375
0 0.4640625 0.428125 0.28125 0.509375
0 0.75546875 0.4171875 0.29921875 0.2984375
2 0.1578125 0.184375 0.0109375 0.04609375
2 0.2546875 0.140625 0.0109375 0.05
2 0.7765625 0.15625 0.0109375 0.04296875
2 0.2046875 0.25703125 0.009375 0.0359375
2 0.5359375 0.209375 0.0078125 0.03359375
0 0.028125 0.2890625 0.02421875 0.021875
0 0.05546875 0.2953125 0.02421875 0.01953125
2 0.13046875 0.26484375 0.0078125 0.0265625
2 0.3625 0.228125 0.009375 0.04140625
3 0.25625 0.10546875 0.009375 0.015625