3 0.79375 0.18984375 0.046875 0.04296875
3 0.834375 0.16484375 0.12734375 0.04453125
3 0.74765625 0.29765625 0.0171875 0.028125
3 0.77578125 0.23203125 0.02109375 0.034375
3 0.753125 0.10390625 0.0234375 0.07890625
2 0.734375 0.346875 0.0359375 0.05703125
2 0.76875 0.3390625 0.01953125 0.05
2 0.915625 0.178125 0.009375 0.05859375
2 0.903125 0.18046875 0.015625 0.071875
2 0.8875 0.19921875 0.02109375 0.0375
0 0.65625 0.5109375 0.04453125 0.0609375
0 0.625 0.51796875 0.02109375 0.04453125
0 0.88203125 0.490625 0.0625 0.05
0 0.834375 0.49765625 0.04296875 0.04296875
0 0.80625 0.50703125 0.0171875 0.03359375
0 0.68828125 0.5046875 0.015625 0.02890625
0 0.7078125 0.49765625 0.02265625 0.03359375
0 0.73359375 0.49609375 0.0203125 0.028125
0 0.771875 0.49609375 0.04296875 0.04140625
2 0.61640625 0.46484375 0.0046875 0.01640625
2 0.5734375 0.4671875 0.00703125 0.015625