0 0.63203125 0.4953125 0.08515625 0.115625
0 0.546875 0.47578125 0.06953125 0.09140625
3 0.2546875 0.384375 0.01015625 0.028125
3 0.25390625 0.41484375 0.0109375 0.01953125
3 0.146875 0.3984375 0.01875 0.025
3 0.1484375 0.421875 0.0171875 0.02109375
3 0.28984375 0.3859375 0.00859375 0.01953125
3 0.4578125 0.41640625 0.01015625 0.0265625
2 0.290625 0.42265625 0.0046875 0.01953125
2 0.3109375 0.41171875 0.0046875 0.01953125
0 0.27734375 0.45546875 0.009375 0.02109375
0 0.265625 0.459375 0.0140625 0.0125
0 0.2421875 0.4625 0.0109375 0.015625
0 0.23125 0.46640625 0.01328125 0.01953125
0 0.203125 0.4671875 0.03359375 0.0234375
0 0.17421875 0.4671875 0.0265625 0.0265625
0 0.115625 0.471875 0.021875 0.025
0 0.090625 0.47578125 0.03046875 0.04296875
0 0.05859375 0.4796875 0.04453125 0.04453125
0 0.315625 0.45546875 0.0078125 0.0140625
0 0.36953125 0.45 0.009375 0.02109375
0 0.30859375 0.459375 0.009375 0.0109375
0 0.3 0.46328125 0.00859375 0.01640625
0 0.26796875 0.465625 0.0109375 0.0140625
0 0.1359375 0.471875 0.02734375 0.040625
0 0.3515625 0.4546875 0.01328125 0.015625
0 0.3328125 0.4640625 0.01640625 0.0234375
0 0.37890625 0.45234375 0.01171875 0.0234375
0 0.39140625 0.45703125 0.01640625 0.0234375
0 0.40234375 0.46328125 0.01640625 0.0265625
0 0.4203125 0.4640625 0.0234375 0.03359375
0 0.4390625 0.46171875 0.02734375 0.05
0 0.459375 0.465625 0.02421875 0.046875
0 0.48046875 0.46953125 0.0328125 0.06953125
0 0.5078125 0.47109375 0.040625 0.075