2 0.60390625 0.07265625 0.01875 0.07890625
2 0.0359375 0.34140625 0.01328125 0.02109375
2 0.0546875 0.3421875 0.01328125 0.01953125
2 0.584375 0.0765625 0.01875 0.08203125
2 0.87890625 0.28046875 0.01484375 0.03046875
3 0.046875 0.3234375 0.0359375 0.01953125
3 0.8984375 0.246875 0.0234375 0.07109375
3 0.8796875 0.1625 0.01875 0.0234375
3 0.9125 0.1734375 0.0265625 0.0234375
1 0.0625 0.45625 0.0265625 0.115625
1 0.71875 0.425 0.0265625 0.11640625
0 0.6671875 0.4046875 0.0421875 0.06796875
0 0.696875 0.4140625 0.06953125 0.071875
0 0.4140625 0.39453125 0.0109375 0.0234375
0 0.40078125 0.39296875 0.0234375 0.034375
0 0.39296875 0.403125 0.0265625 0.0375
0 0.37265625 0.40625 0.02265625 0.03359375
0 0.35859375 0.41328125 0.0234375 0.046875
0 0.340625 0.41640625 0.03203125 0.04453125
0 0.309375 0.415625 0.0375 0.0609375
0 0.27421875 0.421875 0.04765625 0.07109375
0 0.46015625 0.38828125 0.015625 0.02109375
0 0.475 0.38984375 0.015625 0.0234375
0 0.44765625 0.3875 0.0171875 0.0234375
0 0.2171875 0.4359375 0.084375 0.09453125
0 0.85625 0.42734375 0.17265625 0.16953125
0 0.56328125 0.4546875 0.1796875 0.3