0 0.03359375 0.9203125 0.06328125 0.15546875
0 0.79375 0.80625 0.409375 0.37890625
0 0.065625 0.91484375 0.0984375 0.1625
0 0.525 0.86796875 0.20859375 0.259375
0 0.403125 0.875 0.0921875 0.13359375
0 0.359375 0.865625 0.071875 0.1265625
0 0.3171875 0.87109375 0.03984375 0.075
0 0.2953125 0.8734375 0.02578125 0.06640625
0 0.1203125 0.92109375 0.034375 0.09140625
0 0.140625 0.90546875 0.0328125 0.078125
0 0.159375 0.91015625 0.0125 0.05859375
0 0.2171875 0.87578125 0.01875 0.02890625
0 0.18203125 0.8890625 0.0234375 0.02890625
1 0.23984375 0.871875 0.02265625 0.08046875
2 0.26953125 0.728125 0.00859375 0.04140625
2 0.18125 0.796875 0.0078125 0.025
2 0.1875 0.796875 0.00859375 0.0234375
0 0.253125 0.86796875 0.0234375 0.03359375
3 0.140625 0.8421875 0.01328125 0.0109375
2 0.35390625 0.7890625 0.0125 0.02109375
2 0.3171875 0.815625 0.0140625 0.0125
3 0.2765625 0.81875 0.01015625 0.0109375
3 0.3078125 0.803125 0.009375 0.01953125
3 0.403125 0.7875 0.01484375 0.04453125