3 0.4671875 0.478125 0.0109375 0.0265625
3 0.9375 0.21796875 0.0640625 0.05546875
2 0.396875 0.509375 0.0109375 0.01640625
2 0.3453125 0.5109375 0.0125 0.01953125
0 0.3359375 0.5484375 0.03828125 0.04140625
0 0.309375 0.56328125 0.02265625 0.03359375
0 0.2625 0.565625 0.0328125 0.04609375
0 0.24375 0.5703125 0.0453125 0.05546875
0 0.20625 0.584375 0.040625 0.053125
0 0.1046875 0.596875 0.08203125 0.09453125
0 0.04453125 0.60390625 0.0875 0.1390625
0 0.428125 0.559375 0.01640625 0.0234375
0 0.44375 0.5546875 0.01875 0.02890625
0 0.46171875 0.55859375 0.0234375 0.0359375
0 0.48125 0.56015625 0.04375 0.05546875
0 0.5171875 0.559375 0.05 0.071875
0 0.64375 0.58984375 0.17890625 0.15859375
0 0.38203125 0.56484375 0.06015625 0.0890625
1 0.653125 0.4984375 0.01640625 0.02890625
2 0.98125 0.340625 0.02890625 0.0625
2 0.9203125 0.3390625 0.01875 0.05390625
1 0.9609375 0.496875 0.0328125 0.1609375