0 0.88125 0.490625 0.02421875 0.04453125
0 0.8578125 0.496875 0.04296875 0.03359375
0 0.85625 0.47890625 0.02734375 0.028125
0 0.8265625 0.48828125 0.03359375 0.053125
0 0.7578125 0.515625 0.140625 0.13359375
0 0.50546875 0.465625 0.0203125 0.02890625
0 0.490625 0.47265625 0.02421875 0.05703125
0 0.3 0.478125 0.03359375 0.0390625
0 0.428125 0.5453125 0.16796875 0.25703125
0 0.959375 0.52109375 0.07734375 0.14296875
0 0.965625 0.47421875 0.065625 0.0765625
3 0.05234375 0.37578125 0.025 0.0375
3 0.03984375 0.34296875 0.02109375 0.0125
3 0.56875 0.403125 0.01328125 0.0109375
3 0.675 0.440625 0.01875 0.028125
2 0.1640625 0.428125 0.02109375 0.0234375
2 0.16875 0.38984375 0.0140625 0.053125
2 0.4828125 0.3484375 0.01171875 0.03046875
2 0.471875 0.3484375 0.00859375 0.02109375
2 0.2328125 0.31640625 0.01328125 0.04296875
2 0.21875 0.3171875 0.01875 0.04453125
2 0.03984375 0.40859375 0.0265625 0.02890625
3 0.62890625 0.434375 0.0140625 0.03203125
3 0.50625 0.346875 0.01171875 0.02890625
3 0.5109375 0.41328125 0.01796875 0.03203125
3 0.19140625 0.30859375 0.0125 0.0234375
3 0.7703125 0.26015625 0.02734375 0.06953125
0 0.615625 0.47265625 0.03828125 0.03046875
0 0.628125 0.490625 0.02421875 0.03203125