0 0.0140625 0.49453125 0.028125 0.1609375
0 0.1 0.4609375 0.15390625 0.1625
0 0.1984375 0.45703125 0.04765625 0.09609375
0 0.2515625 0.43828125 0.05546875 0.09296875
0 0.31015625 0.434375 0.046875 0.05390625
0 0.34296875 0.4296875 0.01953125 0.0375
0 0.3609375 0.434375 0.0171875 0.0265625
0 0.378125 0.4375 0.01484375 0.01953125
0 0.39375 0.4359375 0.01328125 0.01953125
0 0.409375 0.434375 0.0125 0.015625
0 0.41953125 0.43359375 0.0109375 0.0140625
0 0.43125 0.43828125 0.0078125 0.0140625
0 0.746875 0.54140625 0.27265625 0.303125
0 0.6140625 0.4828125 0.11328125 0.15859375
0 0.5640625 0.46484375 0.0421875 0.09296875
0 0.5390625 0.46484375 0.02265625 0.0625
0 0.5375 0.44296875 0.0421875 0.08203125
0 0.5140625 0.434375 0.01953125 0.05546875
0 0.5015625 0.43984375 0.015625 0.04296875
0 0.490625 0.4359375 0.0109375 0.03359375
0 0.48125 0.4359375 0.015625 0.021875
0 0.4703125 0.43671875 0.0078125 0.02109375
0 0.4609375 0.43828125 0.0109375 0.0140625