0 0.496875 0.40234375 0.00625 0.009375
0 0.50390625 0.40078125 0.00625 0.0125
0 0.525 0.40390625 0.00546875 0.01953125
0 0.5296875 0.40859375 0.00859375 0.01796875
0 0.53515625 0.41171875 0.0109375 0.01796875
0 0.54375 0.41875 0.01875 0.02890625
0 0.546875 0.4265625 0.0140625 0.025
0 0.5578125 0.43203125 0.01953125 0.034375
0 0.56953125 0.440625 0.028125 0.0484375
0 0.5765625 0.4484375 0.02421875 0.0515625
0 0.5875 0.453125 0.0296875 0.059375
0 0.615625 0.459375 0.05234375 0.08203125
0 0.621875 0.47265625 0.028125 0.07890625
0 0.66015625 0.47421875 0.08515625 0.1265625
0 0.73515625 0.49921875 0.14921875 0.1609375
0 0.88125 0.54453125 0.2359375 0.27109375
0 0.446875 0.4140625 0.009375 0.0109375
0 0.46171875 0.40390625 0.00625 0.00859375
0 0.4609375 0.41484375 0.009375 0.0109375
0 0.1671875 0.490625 0.08515625 0.06953125
0 0.065625 0.5109375 0.115625 0.090625
0 0.2578125 0.4296875 0.06796875 0.04140625
0 0.18125 0.45234375 0.0546875 0.03203125
0 0.1140625 0.4640625 0.07734375 0.053125
0 0.025 0.478125 0.0359375 0.0609375
0 0.0453125 0.459375 0.04453125 0.0390625
3 0.14140625 0.38359375 0.021875 0.0109375
3 0.603125 0.378125 0.0125 0.03359375
0 0.728125 0.3890625 0.04140625 0.040625
0 0.96640625 0.3375 0.065625 0.08203125
0 0.7875 0.3984375 0.025 0.02890625
0 0.515625 0.40390625 0.01640625 0.02890625
1 0.46640625 0.434375 0.00859375 0.040625
0 0.55 0.43125 0.0125 0.0265625
0 0.5890625 0.46171875 0.02265625 0.05546875
0 0.8109375 0.39765625 0.02578125 0.0265625
0 0.83125 0.40546875 0.04140625 0.04140625
0 0.8875 0.40078125 0.0640625 0.03046875