2 0.41796875 0.43046875 0.0078125 0.02109375
2 0.45703125 0.4375 0.009375 0.02109375
0 0.4140625 0.4734375 0.0109375 0.01953125
0 0.40625 0.475 0.0109375 0.02109375
0 0.396875 0.4765625 0.01328125 0.0234375
0 0.3890625 0.48125 0.015625 0.028125
0 0.3671875 0.49140625 0.01328125 0.04453125
0 0.3703125 0.478125 0.0359375 0.046875
0 0.35234375 0.490625 0.0234375 0.0515625
0 0.3203125 0.490625 0.0515625 0.07109375
0 0.2984375 0.5078125 0.05546875 0.078125
0 0.24921875 0.51875 0.06875 0.10859375
0 0.1765625 0.5375 0.13046875 0.140625
0 0.4984375 0.48359375 0.02265625 0.0375
0 0.51171875 0.490625 0.02890625 0.04140625
0 0.51640625 0.4984375 0.01484375 0.034375
0 0.534375 0.4921875 0.02890625 0.05703125
0 0.5453125 0.503125 0.02734375 0.05390625
0 0.559375 0.503125 0.034375 0.071875
0 0.5796875 0.50390625 0.04609375 0.07890625
0 0.690625 0.540625 0.1171875 0.13359375
0 0.79765625 0.58203125 0.203125 0.18359375
0 0.4703125 0.49609375 0.034375 0.04453125
0 0.59140625 0.52109375 0.05703125 0.07890625
0 0.0578125 0.521875 0.11484375 0.3265625
0 0.928125 0.625 0.1421875 0.2515625