0 0.275 0.57890625 0.0984375 0.065625
0 0.115625 0.60078125 0.23046875 0.11640625
0 0.03828125 0.5625 0.071875 0.065625
2 0.421875 0.47890625 0.009375 0.028125
2 0.42890625 0.515625 0.00625 0.01953125
0 0.5328125 0.5984375 0.01640625 0.01953125
0 0.55546875 0.59609375 0.015625 0.01796875
0 0.5953125 0.603125 0.01328125 0.015625
0 0.60625 0.60625 0.0203125 0.025
0 0.6203125 0.60859375 0.02421875 0.02890625
0 0.6390625 0.61640625 0.03125 0.0390625
0 0.73359375 0.6390625 0.065625 0.09609375
2 0.6734375 0.5484375 0.0078125 0.025
3 0.3046875 0.521875 0.0078125 0.0375