2 0.521875 0.2703125 0.00703125 0.034375
2 0.18125 0.2328125 0.01015625 0.046875
2 0.246875 0.31015625 0.0125 0.03359375
2 0.3609375 0.35078125 0.0046875 0.0265625
2 0.63515625 0.24765625 0.00859375 0.05703125
2 0.890625 0.18046875 0.01015625 0.046875
2 0.90390625 0.2875 0.0125 0.0265625
2 0.009375 0.3484375 0.015625 0.0265625
2 0.4421875 0.34375 0.00703125 0.034375
0 0.359375 0.41015625 0.03203125 0.05
0 0.321875 0.415625 0.0390625 0.04296875
0 0.2703125 0.4625 0.0921875 0.1234375
1 0.1390625 0.4390625 0.0265625 0.0890625
1 0.0578125 0.496875 0.028125 0.1484375
0 0.46796875 0.40859375 0.021875 0.0625
0 0.48515625 0.3890625 0.03671875 0.0375
0 0.525 0.38671875 0.0265625 0.0625
0 0.54609375 0.39140625 0.03203125 0.046875
0 0.4234375 0.42421875 0.0859375 0.1390625
0 0.7234375 0.390625 0.0734375 0.128125
0 0.84765625 0.41796875 0.18125 0.1484375
0 0.9796875 0.43125 0.03828125 0.1140625
0 0.6171875 0.46015625 0.17265625 0.18046875
3 0.13125 0.2578125 0.02109375 0.015625
3 0.57109375 0.278125 0.03125 0.021875
0 0.94375 0.3890625 0.06015625 0.078125