0 0.23828125 0.43046875 0.02734375 0.0484375
0 0.20703125 0.48203125 0.053125 0.121875
0 0.153125 0.490625 0.103125 0.13359375
0 0.084375 0.6296875 0.16875 0.39296875
0 0.25703125 0.4359375 0.0171875 0.05859375
2 0.1421875 0.375 0.009375 0.01796875
2 0.2640625 0.22734375 0.02109375 0.0390625
2 0.22109375 0.38828125 0.0109375 0.0265625
2 0.5828125 0.2046875 0.02109375 0.071875
2 0.603125 0.2765625 0.03203125 0.0484375
1 0.64375 0.40859375 0.02109375 0.1
1 0.66875 0.40078125 0.02421875 0.1015625
3 0.66875 0.23671875 0.025 0.0265625
3 0.66875 0.265625 0.03203125 0.021875
0 0.84296875 0.540625 0.31171875 0.37109375
0 0.59140625 0.41640625 0.09765625 0.115625
0 0.69296875 0.41484375 0.11171875 0.0875
3 0.96640625 0.08046875 0.04765625 0.1
3 0.96953125 0.18203125 0.04921875 0.1015625