2 0.4625 0.40625 0.00546875 0.0140625
2 0.4546875 0.3984375 0.00703125 0.015625
2 0.425 0.3953125 0.00390625 0.0140625
2 0.43203125 0.409375 0.0046875 0.0140625
2 0.3859375 0.41953125 0.00625 0.0109375
2 0.45234375 0.415625 0.00625 0.0125
2 0.4375 0.4140625 0.00390625 0.0140625
3 0.57734375 0.265625 0.021875 0.059375
3 0.53984375 0.38046875 0.01015625 0.009375
3 0.5359375 0.3890625 0.01484375 0.009375
3 0.54765625 0.39765625 0.0109375 0.00859375
0 0.4046875 0.43203125 0.01796875 0.025
0 0.3765625 0.43515625 0.02578125 0.0359375
0 0.3171875 0.4203125 0.01171875 0.03359375
0 0.3390625 0.440625 0.04375 0.0609375
0 0.26953125 0.41796875 0.09453125 0.1359375
0 0.4625 0.43046875 0.009375 0.01953125
0 0.4703125 0.43671875 0.0125 0.02890625
0 0.48515625 0.44140625 0.02109375 0.03046875
0 0.5046875 0.44453125 0.02578125 0.05
0 0.53125 0.44921875 0.03984375 0.06796875
0 0.56328125 0.4640625 0.0578125 0.115625
0 0.2109375 0.45703125 0.096875 0.1015625
0 0.421875 0.434375 0.0171875 0.028125
0 0.44375 0.43359375 0.01640625 0.01953125
0 0.6203125 0.4875 0.13046875 0.13359375