2 0.25625 0.32734375 0.0125 0.03046875
2 0.375 0.346875 0.01171875 0.028125
2 0.403125 0.35625 0.0125 0.01640625
3 0.4578125 0.2734375 0.01796875 0.0375
3 0.2578125 0.36484375 0.0125 0.028125
0 0.1390625 0.4359375 0.0859375 0.096875
0 0.059375 0.43203125 0.071875 0.071875
0 0.2296875 0.41953125 0.04296875 0.05859375
0 0.30078125 0.415625 0.03125 0.04140625
0 0.32734375 0.41171875 0.0203125 0.034375
0 0.353125 0.39375 0.0171875 0.0265625
0 0.36640625 0.390625 0.00859375 0.01640625
0 0.37421875 0.3953125 0.00703125 0.0125
0 0.33984375 0.4 0.00859375 0.025
0 0.45078125 0.40703125 0.02578125 0.0265625
0 0.26953125 0.4203125 0.0390625 0.065625
0 0.40625 0.4015625 0.0171875 0.028125
0 0.5265625 0.409375 0.05234375 0.0515625
0 0.58203125 0.42734375 0.0296875 0.028125
0 0.7875 0.4375 0.05234375 0.0484375
2 0.3921875 0.36484375 0.00546875 0.0109375
2 0.415625 0.3671875 0.00703125 0.0109375