0 0.459375 0.50234375 0.03125 0.046875
3 0.346875 0.421875 0.0171875 0.021875
3 0.3796875 0.44609375 0.03125 0.01640625
3 0.3484375 0.459375 0.0140625 0.0125
3 0.509375 0.45625 0.01875 0.015625
3 0.553125 0.4703125 0.01015625 0.0390625
3 0.3953125 0.471875 0.01015625 0.009375
2 0.471875 0.434375 0.00625 0.01640625
2 0.45859375 0.43515625 0.00625 0.015625
0 0.575 0.48984375 0.0625 0.0515625
0 0.4640625 0.46640625 0.0125 0.015625
0 0.44765625 0.46640625 0.01171875 0.01796875
0 0.72578125 0.45703125 0.025 0.03203125