0 0.365625 0.51328125 0.0203125 0.0234375
0 0.353125 0.5234375 0.01484375 0.03046875
0 0.3421875 0.53203125 0.02109375 0.034375
0 0.3171875 0.53515625 0.02421875 0.04140625
0 0.28125 0.53828125 0.05546875 0.07109375
0 0.19296875 0.54921875 0.125 0.14140625
0 0.4546875 0.49375 0.01171875 0.0234375
0 0.4796875 0.51640625 0.02109375 0.034375
0 0.4984375 0.51328125 0.03046875 0.0640625
0 0.51875 0.5203125 0.0484375 0.0765625
0 0.5546875 0.53046875 0.0546875 0.09140625
0 0.65078125 0.55703125 0.1625 0.15390625
3 0.1453125 0.4296875 0.0171875 0.028125
3 0.4546875 0.4625 0.0046875 0.01640625
0 0.05625 0.5984375 0.10703125 0.2
0 0.475 0.49921875 0.03359375 0.05