0 0.2234375 0.6265625 0.0875 0.11953125
0 0.35234375 0.63359375 0.0328125 0.11640625
0 0.371875 0.60078125 0.015625 0.034375
0 0.3859375 0.56875 0.02890625 0.034375
0 0.49375 0.62890625 0.03828125 0.075
0 0.528125 0.62890625 0.034375 0.05390625
0 0.578125 0.6234375 0.0703125 0.1
0 0.428125 0.6484375 0.12578125 0.1890625
0 0.2984375 0.6390625 0.08984375 0.14140625
2 0.7359375 0.2984375 0.01015625 0.06640625
2 0.71171875 0.2984375 0.021875 0.0625
2 0.8359375 0.5234375 0.01484375 0.028125
3 0.80859375 0.3515625 0.0453125 0.05
3 0.8625 0.45625 0.03125 0.021875
3 0.9359375 0.46484375 0.01640625 0.078125
3 0.89140625 0.41796875 0.05078125 0.02890625
3 0.85859375 0.34609375 0.01953125 0.03203125
3 0.7515625 0.29921875 0.01953125 0.0609375
1 0.67578125 0.62890625 0.0171875 0.10859375
1 0.89375 0.646875 0.0296875 0.128125
1 0.94609375 0.64296875 0.03828125 0.146875
1 0.975 0.640625 0.03515625 0.14296875
1 0.91328125 0.634375 0.02265625 0.1234375
1 0.66484375 0.6375 0.0109375 0.06640625
3 0.11875 0.521875 0.01015625 0.015625