1 0.0078125 0.54765625 0.015625 0.07890625
1 0.134375 0.42421875 0.0625 0.27109375
1 0.2328125 0.44140625 0.06015625 0.29453125
1 0.071875 0.4234375 0.06796875 0.32109375
1 0.31328125 0.41640625 0.028125 0.084375
1 0.9390625 0.42890625 0.01953125 0.02109375
1 0.965625 0.48828125 0.0265625 0.13203125
1 0.753125 0.4640625 0.015625 0.065625
1 0.69375 0.45390625 0.0125 0.05
1 0.6734375 0.45625 0.0078125 0.04296875
1 0.63125 0.4515625 0.00703125 0.04140625
1 0.640625 0.45234375 0.0109375 0.04453125
1 0.6203125 0.4484375 0.009375 0.04140625
3 0.74453125 0.34609375 0.02734375 0.04453125
3 0.74375 0.38359375 0.01640625 0.015625
3 0.725 0.365625 0.0171875 0.0125
3 0.6546875 0.37265625 0.01875 0.02890625
3 0.5578125 0.4046875 0.0078125 0.0140625
0 0.55078125 0.44765625 0.01875 0.0234375
0 0.87734375 0.50390625 0.16875 0.1609375
0 0.5734375 0.4484375 0.02421875 0.0359375
0 0.42265625 0.565625 0.30703125 0.40859375
1 0.609375 0.44765625 0.009375 0.03359375
3 0.8984375 0.27265625 0.02265625 0.0265625