0 0.4953125 0.49140625 0.0109375 0.01953125
0 0.5046875 0.4890625 0.0140625 0.025
0 0.5109375 0.5015625 0.01796875 0.02890625
0 0.53828125 0.515625 0.0546875 0.08046875
0 0.4421875 0.48359375 0.021875 0.040625
0 0.46875 0.51328125 0.05390625 0.0875
0 0.4265625 0.50234375 0.03671875 0.0484375
0 0.3421875 0.484375 0.01796875 0.02890625
0 0.3234375 0.5 0.03828125 0.0484375
0 0.3765625 0.509375 0.06796875 0.09609375
0 0.19609375 0.46171875 0.02421875 0.028125
0 0.240625 0.55 0.19375 0.18359375
0 0.12265625 0.5140625 0.146875 0.16953125
0 0.021875 0.46328125 0.02734375 0.025
0 0.053125 0.46328125 0.03203125 0.02890625
0 0.02734375 0.5015625 0.0546875 0.06796875
0 0.01328125 0.45859375 0.0265625 0.0234375
2 0.6921875 0.3359375 0.01875 0.05703125
2 0.7046875 0.4046875 0.01328125 0.03359375
2 0.396875 0.4328125 0.0109375 0.01640625
3 0.659375 0.3921875 0.01796875 0.025
3 0.5921875 0.4421875 0.0109375 0.03203125
1 0.640625 0.534375 0.0203125 0.09296875
2 0.06875 0.20390625 0.01640625 0.0640625
2 0.053125 0.2046875 0.01640625 0.05546875