3 0.3578125 0.1359375 0.0171875 0.04609375
2 0.0875 0.103125 0.00625 0.0234375
2 0.103125 0.071875 0.00703125 0.01796875
2 0.19921875 0.10234375 0.00625 0.021875
3 0.2109375 0.09453125 0.01015625 0.0109375
3 0.07890625 0.07421875 0.015625 0.00859375
0 0.4421875 0.20546875 0.01015625 0.015625
0 0.3625 0.234375 0.0125 0.01953125
0 0.3421875 0.25546875 0.02421875 0.05
0 0.4859375 0.22578125 0.01015625 0.028125
0 0.45546875 0.26015625 0.03203125 0.04609375
0 0.43125 0.240625 0.0125 0.0234375
0 0.3671875 0.2703125 0.046875 0.06953125
0 0.4140625 0.2734375 0.0625 0.0890625
0 0.53125 0.28203125 0.06640625 0.1109375
0 0.28046875 0.30703125 0.16171875 0.19609375
0 0.1484375 0.3125 0.11171875 0.14140625
0 0.08984375 0.2703125 0.03828125 0.04296875
0 0.0359375 0.26796875 0.071875 0.065625
3 0.046875 0.2046875 0.021875 0.06953125
2 0.63828125 0.05234375 0.0046875 0.01796875
2 0.60625 0.06953125 0.0046875 0.01796875
2 0.5796875 0.09375 0.0046875 0.021875
3 0.6 0.046875 0.0109375 0.0234375