0 0.5515625 0.2265625 0.01484375 0.01953125
0 0.53984375 0.228125 0.01953125 0.0359375
0 0.49765625 0.215625 0.01328125 0.0140625
0 0.4859375 0.21484375 0.01875 0.015625
0 0.475 0.221875 0.01328125 0.0234375
0 0.4671875 0.22890625 0.01953125 0.0375
0 0.45703125 0.24140625 0.03125 0.05546875
0 0.4 0.23125 0.01328125 0.0234375
0 0.36328125 0.25 0.03125 0.04609375
0 0.3828125 0.25859375 0.0375 0.0515625
0 0.57578125 0.23671875 0.05078125 0.0859375
0 0.42578125 0.253125 0.05234375 0.0734375
0 0.51640625 0.234375 0.040625 0.065625
0 0.496875 0.26484375 0.06640625 0.09453125
0 0.64609375 0.259375 0.134375 0.16953125
0 0.30390625 0.32265625 0.15234375 0.1875
0 0.06953125 0.3625 0.1390625 0.259375
0 0.875 0.2703125 0.2453125 0.328125
3 0.73515625 0.02265625 0.04609375 0.0375
3 0.7328125 0.06796875 0.03515625 0.06953125
3 0.60078125 0.16015625 0.0078125 0.02109375
3 0.578125 0.171875 0.009375 0.01953125
3 0.559375 0.18046875 0.009375 0.0140625
3 0.546875 0.16875 0.02109375 0.009375
3 0.3 0.14765625 0.01015625 0.03046875
2 0.5734375 0.1421875 0.00625 0.02109375
2 0.5171875 0.16484375 0.00625 0.01953125