3 0.21953125 0.515625 0.04375 0.028125
3 0.5890625 0.578125 0.0203125 0.034375
3 0.3484375 0.5109375 0.01171875 0.028125
2 0.3875 0.565625 0.0046875 0.01640625
2 0.36875 0.5609375 0.0046875 0.01640625
2 0.33203125 0.55546875 0.0046875 0.01953125
2 0.3359375 0.58203125 0.00703125 0.01640625
2 0.30390625 0.559375 0.00625 0.025
2 0.2734375 0.54609375 0.00859375 0.01640625
2 0.1515625 0.56328125 0.00703125 0.02109375
2 0.1375 0.559375 0.00625 0.01796875
2 0.09921875 0.53125 0.00703125 0.02109375
2 0.053125 0.5140625 0.00859375 0.02890625
3 0.23125 0.54765625 0.015625 0.02109375
0 0.009375 0.58671875 0.01875 0.0421875
0 0.2640625 0.590625 0.01328125 0.02109375
0 0.2453125 0.5890625 0.01640625 0.01640625
0 0.228125 0.59375 0.009375 0.015625
0 0.2109375 0.59296875 0.0140625 0.025
0 0.1921875 0.59140625 0.01640625 0.0234375
0 0.1765625 0.590625 0.0109375 0.02890625
0 0.32578125 0.59921875 0.009375 0.0390625
0 0.3734375 0.59609375 0.009375 0.028125
0 0.3984375 0.6109375 0.0234375 0.034375
0 0.2953125 0.61640625 0.05859375 0.0984375
0 0.49140625 0.68203125 0.16015625 0.2265625