0 0.053125 0.54375 0.015625 0.01953125
0 0.084375 0.54375 0.00703125 0.01953125
0 0.09140625 0.54453125 0.0109375 0.01640625
0 0.1078125 0.5453125 0.01328125 0.021875
0 0.11953125 0.540625 0.01484375 0.03359375
0 0.13125 0.540625 0.02109375 0.0390625
0 0.140625 0.546875 0.01484375 0.04140625
0 0.16875 0.553125 0.04765625 0.06796875
3 0.28984375 0.453125 0.0140625 0.03046875
3 0.040625 0.51484375 0.0078125 0.01796875
3 0.00625 0.51875 0.01015625 0.0140625
0 0.0984375 0.5453125 0.009375 0.01953125
0 0.0703125 0.54609375 0.0109375 0.015625