0 0.37890625 0.378125 0.01171875 0.028125
0 0.365625 0.3828125 0.0140625 0.02109375
0 0.3546875 0.37890625 0.01171875 0.015625
0 0.3203125 0.378125 0.01328125 0.02109375
0 0.33671875 0.37890625 0.01796875 0.028125
1 0.8265625 0.346875 0.00703125 0.0640625
1 0.81875 0.3421875 0.00625 0.0640625
1 0.925 0.37265625 0.0296875 0.253125
1 0.90625 0.3359375 0.01875 0.06796875
1 0.8484375 0.37890625 0.05234375 0.19296875
1 0.7515625 0.3984375 0.0609375 0.2875
0 0.0515625 0.35625 0.103125 0.2109375
0 0.175 0.38203125 0.3 0.325
0 0.55 0.33046875 0.35 0.659375
0 0.38359375 0.40546875 0.015625 0.09609375