0 0.021875 0.43671875 0.034375 0.0375
0 0.13125 0.43359375 0.034375 0.03203125
0 0.1765625 0.42578125 0.0203125 0.0234375
0 0.19375 0.42578125 0.015625 0.02109375
0 0.3203125 0.41015625 0.0171875 0.0234375
0 0.2734375 0.41953125 0.0296875 0.03046875
0 0.2421875 0.41953125 0.0296875 0.03359375
0 0.3765625 0.4078125 0.02109375 0.028125
0 0.340625 0.41015625 0.02265625 0.028125
0 0.3609375 0.409375 0.01484375 0.0265625
2 0.3890625 0.3546875 0.00703125 0.0140625
2 0.371875 0.371875 0.00546875 0.0140625
3 0.29609375 0.4015625 0.00703125 0.015625
3 0.421875 0.37265625 0.0046875 0.009375
3 0.421875 0.38203125 0.00546875 0.0109375
0 0.0515625 0.43671875 0.02734375 0.0390625