3 0.615625 0.371875 0.03046875 0.0265625
3 0.8078125 0.3765625 0.0578125 0.096875
0 0.015625 0.515625 0.03046875 0.0875
0 0.13125 0.5046875 0.0796875 0.06953125
0 0.3984375 0.48984375 0.01796875 0.0234375
0 0.4359375 0.48828125 0.02734375 0.034375
0 0.4765625 0.4875 0.02265625 0.03046875
0 0.50625 0.48984375 0.0171875 0.028125
0 0.3765625 0.490625 0.01796875 0.021875
0 0.3046875 0.49375 0.028125 0.02890625
0 0.2671875 0.490625 0.04375 0.04140625
0 0.20390625 0.49765625 0.05390625 0.05
0 0.4125 0.48984375 0.0078125 0.01953125
2 0.5078125 0.4453125 0.00546875 0.0140625
2 0.46484375 0.43984375 0.0046875 0.0109375
2 0.409375 0.43203125 0.0078125 0.01640625
2 0.36796875 0.4359375 0.00546875 0.01796875
2 0.3375 0.4453125 0.0046875 0.01796875