0 0.4328125 0.4109375 0.0109375 0.02109375
0 0.41484375 0.42578125 0.01015625 0.021875
3 0.4734375 0.4265625 0.01015625 0.0140625
3 0.48125 0.42109375 0.01015625 0.0140625
0 0.40625 0.3875 0.009375 0.0140625
0 0.4 0.3984375 0.01328125 0.01640625
0 0.39765625 0.415625 0.0140625 0.0140625
0 0.39765625 0.4296875 0.01171875 0.0140625
0 0.39453125 0.4453125 0.0078125 0.0125
0 0.384375 0.446875 0.0140625 0.01953125
0 0.3765625 0.4578125 0.0109375 0.0265625
0 0.3640625 0.46484375 0.02421875 0.0390625
0 0.3515625 0.4765625 0.01640625 0.04296875
0 0.334375 0.484375 0.03671875 0.0515625
0 0.3140625 0.5 0.028125 0.04453125
0 0.4109375 0.45859375 0.01796875 0.02890625
0 0.2890625 0.51640625 0.0546875 0.075
0 0.459375 0.453125 0.009375 0.02109375
0 0.471875 0.4625 0.01484375 0.0234375
0 0.4828125 0.47734375 0.01875 0.034375
0 0.4953125 0.48984375 0.02109375 0.03359375
0 0.5078125 0.50078125 0.02265625 0.05
0 0.5421875 0.528125 0.06796875 0.0984375
0 0.95625 0.5375 0.08671875 0.140625
0 0.8640625 0.5484375 0.15703125 0.1390625
3 0.059375 0.4109375 0.03359375 0.0125