3 0.17421875 0.41484375 0.03671875 0.0609375
3 0.5265625 0.0953125 0.0359375 0.065625
3 0.5625 0.42734375 0.02265625 0.03203125
3 0.5640625 0.45546875 0.015625 0.025
3 0.53359375 0.46796875 0.01015625 0.015625
3 0.50859375 0.471875 0.00703125 0.0109375
2 0.490625 0.1015625 0.03046875 0.09453125
2 0.4609375 0.4328125 0.00546875 0.0125
0 0.14765625 0.496875 0.0453125 0.046875
0 0.3234375 0.49296875 0.02265625 0.0234375
0 0.2625 0.48515625 0.04765625 0.01640625
0 0.203125 0.48515625 0.07421875 0.0875
0 0.3796875 0.496875 0.0484375 0.0609375
0 0.484375 0.49140625 0.015625 0.03046875
0 0.4640625 0.465625 0.03203125 0.0265625
0 0.5234375 0.5015625 0.04296875 0.059375
0 0.4390625 0.52734375 0.09453125 0.140625
2 0.740625 0.34765625 0.01484375 0.0640625
0 0.91953125 0.60546875 0.1578125 0.4234375