3 0.21875 0.359375 0.01328125 0.015625
3 0.2984375 0.340625 0.015625 0.009375
3 0.5671875 0.37421875 0.0109375 0.00546875
3 0.5625 0.39140625 0.00859375 0.021875
3 0.5515625 0.37265625 0.0078125 0.00546875
3 0.54765625 0.3859375 0.00703125 0.01640625
3 0.5296875 0.359375 0.01875 0.00859375
3 0.3703125 0.3734375 0.00546875 0.0234375
3 0.40625 0.38828125 0.00546875 0.021875
2 0.4046875 0.3578125 0.00703125 0.01953125
2 0.5078125 0.35078125 0.00546875 0.0265625
2 0.5140625 0.35 0.00390625 0.02109375
2 0.121875 0.37578125 0.00859375 0.02890625
3 0.9859375 0.20625 0.0234375 0.05859375
0 0.05078125 0.43984375 0.06640625 0.06953125
0 0.33125 0.42109375 0.0171875 0.0234375
0 0.35 0.4171875 0.0125 0.01640625
0 0.3640625 0.41015625 0.01640625 0.0140625
0 0.44296875 0.4109375 0.00859375 0.0125
0 0.4390625 0.41796875 0.0109375 0.0125
0 0.4390625 0.434375 0.009375 0.0234375
0 0.428125 0.42578125 0.0171875 0.028125
0 0.475 0.415625 0.01484375 0.01953125
0 0.4953125 0.42578125 0.01875 0.028125
0 0.515625 0.42890625 0.02109375 0.028125
0 0.4578125 0.43359375 0.034375 0.046875
0 0.378125 0.45234375 0.06640625 0.0859375
0 0.5359375 0.43671875 0.0125 0.04140625
0 0.5453125 0.43359375 0.01640625 0.05390625
0 0.5546875 0.43828125 0.0203125 0.05
0 0.575 0.4375 0.04453125 0.0734375
0 0.740625 0.4875 0.08125 0.125
0 0.6484375 0.484375 0.1453125 0.1765625
0 0.88203125 0.5140625 0.23515625 0.225
1 0.15234375 0.46875 0.05078125 0.196875