3 0.4890625 0.415625 0.00859375 0.02109375
3 0.60703125 0.34921875 0.0328125 0.04296875
0 0.4453125 0.434375 0.009375 0.01953125
0 0.4375 0.43046875 0.0109375 0.0265625
0 0.4640625 0.43671875 0.00859375 0.028125
0 0.453125 0.4390625 0.01875 0.028125
0 0.41640625 0.44140625 0.02734375 0.04453125
0 0.3921875 0.43125 0.02109375 0.028125
0 0.196875 0.44375 0.0578125 0.0609375
0 0.134375 0.453125 0.06875 0.06953125
0 0.025 0.44140625 0.04921875 0.0765625
0 0.05859375 0.4703125 0.11171875 0.10703125
0 0.225 0.4375 0.025 0.0484375
0 0.3109375 0.45859375 0.1140625 0.140625
0 0.478125 0.440625 0.01171875 0.0265625
0 0.48984375 0.44140625 0.01796875 0.0390625
0 0.50390625 0.440625 0.01953125 0.040625
0 0.509375 0.45234375 0.01953125 0.0515625
0 0.5390625 0.45 0.05859375 0.1
0 0.6046875 0.459375 0.1125 0.1890625
0 0.7 0.51875 0.19453125 0.23203125
0 0.8640625 0.5828125 0.27109375 0.62109375