0 0.46015625 0.471875 0.11328125 0.1625
0 0.29765625 0.49921875 0.07734375 0.12109375
0 0.346875 0.4578125 0.03515625 0.0625
0 0.4078125 0.453125 0.03203125 0.06796875
0 0.3890625 0.446875 0.0203125 0.05390625
0 0.375 0.434375 0.0234375 0.04453125
0 0.3125 0.13046875 0.121875 0.04296875
0 0.7359375 0.08359375 0.06171875 0.05546875
3 0.68203125 0.11953125 0.05 0.12109375
3 0.6234375 0.35625 0.01484375 0.021875
3 0.6765625 0.353125 0.01484375 0.021875
3 0.9328125 0.3 0.021875 0.03046875
0 0.8140625 0.3671875 0.015625 0.01796875
0 0.7734375 0.365625 0.01796875 0.0234375
0 0.959375 0.36640625 0.0328125 0.040625