2 0.484375 0.359375 0.0078125 0.025
2 0.3921875 0.36953125 0.00625 0.01640625
2 0.421875 0.409375 0.00390625 0.01796875
2 0.4609375 0.4078125 0.00625 0.01953125
2 0.39609375 0.36796875 0.003125 0.01953125
2 0.490625 0.35703125 0.00390625 0.0265625
3 0.4921875 0.415625 0.0078125 0.01953125
2 0.4546875 0.440625 0.00625 0.0140625
2 0.36328125 0.421875 0.00625 0.01640625
0 0.4109375 0.45859375 0.01484375 0.02109375
0 0.3828125 0.46796875 0.03046875 0.06953125
0 0.3671875 0.47734375 0.02734375 0.06796875
0 0.3390625 0.47578125 0.053125 0.1
0 0.2734375 0.4828125 0.09375 0.11953125
0 0.4703125 0.46171875 0.01875 0.02890625
0 0.490625 0.465625 0.021875 0.05
0 0.5140625 0.471875 0.02578125 0.090625
0 0.565625 0.48671875 0.09140625 0.15
0 0.440625 0.4625 0.03828125 0.05546875
3 0.5125 0.409375 0.0078125 0.0125
3 0.3515625 0.39296875 0.01015625 0.00859375
3 0.3875 0.4109375 0.0109375 0.00859375
3 0.5125 0.3796875 0.0078125 0.0359375
3 0.7078125 0.284375 0.0265625 0.0375
3 0.003125 0.35625 0.00546875 0.04453125
0 0.3984375 0.459375 0.01484375 0.046875