2 0.3375 0.16796875 0.01484375 0.028125
2 0.35234375 0.2109375 0.01875 0.034375
3 0.34375 0.2875 0.03125 0.05859375
0 0.978125 0.50078125 0.0421875 0.11640625
2 0.7359375 0.4015625 0.0140625 0.03203125
2 0.7140625 0.4046875 0.01171875 0.02890625
1 0.6875 0.484375 0.02421875 0.0765625
0 0.365625 0.496875 0.04140625 0.05
2 0.4046875 0.43671875 0.009375 0.0125
2 0.4296875 0.44296875 0.00859375 0.0140625
2 0.4515625 0.45703125 0.00546875 0.01640625
2 0.45390625 0.43984375 0.015625 0.0140625
2 0.37734375 0.32421875 0.0125 0.01953125
0 0.18515625 0.4921875 0.096875 0.109375
0 0.31875 0.478125 0.04375 0.0640625
0 0.27734375 0.484375 0.03671875 0.06796875
0 0.2109375 0.51015625 0.1375 0.11640625
0 0.4 0.47265625 0.015625 0.02109375
0 0.43515625 0.4671875 0.0125 0.0234375
2 0.7234375 0.26171875 0.01796875 0.0625