2 0.80625 0.528125 0.0171875 0.05859375
2 0.1375 0.778125 0.02109375 0.0375
2 0.4265625 0.696875 0.00859375 0.04296875
2 0.50078125 0.65625 0.0109375 0.03359375
2 0.47578125 0.65703125 0.0109375 0.0390625
2 0.48984375 0.65625 0.009375 0.0375
2 0.92265625 0.63515625 0.0125 0.021875
2 0.178125 0.63515625 0.01484375 0.0640625
2 0.171875 0.61328125 0.0125 0.10546875
2 0.77890625 0.53125 0.0140625 0.05390625
2 0.82109375 0.53515625 0.0140625 0.046875
3 0.4359375 0.69453125 0.0140625 0.028125
3 0.4609375 0.675 0.015625 0.03046875
3 0.9578125 0.48671875 0.08125 0.0359375
3 0.534375 0.6703125 0.03515625 0.0734375
1 0.221875 0.909375 0.01875 0.0859375
1 0.20390625 0.90078125 0.0265625 0.121875
1 0.1703125 0.89375 0.02734375 0.12890625
0 0.903125 0.8171875 0.1921875 0.359375
0 0.94609375 0.86015625 0.10546875 0.2734375
0 0.6390625 0.8421875 0.24765625 0.30546875