3 0.59375 0.34765625 0.03984375 0.03359375
2 0.440625 0.40703125 0.0046875 0.01640625
2 0.4765625 0.4015625 0.00703125 0.01953125
2 0.38359375 0.38203125 0.00859375 0.0265625
2 0.3328125 0.39296875 0.0078125 0.03046875
0 0.0703125 0.57578125 0.11171875 0.0765625
0 0.0078125 0.578125 0.0125 0.0359375
0 0.1359375 0.56875 0.01875 0.02109375
0 0.1546875 0.5625 0.0203125 0.0265625
0 0.16328125 0.54453125 0.096875 0.04140625
0 0.2171875 0.52890625 0.07578125 0.040625
0 0.9734375 0.478125 0.0484375 0.171875
0 0.9046875 0.46171875 0.1859375 0.21953125
0 0.88984375 0.4171875 0.21796875 0.1734375
0 0.5171875 0.46796875 0.025 0.0375
0 0.46875 0.4765625 0.0125 0.01640625
0 0.3828125 0.49375 0.0171875 0.0234375
0 0.41171875 0.490625 0.01484375 0.01640625
0 0.434375 0.4859375 0.015625 0.01953125
0 0.3625 0.5 0.01875 0.01953125
0 0.546875 0.4578125 0.0171875 0.0234375
0 0.49453125 0.471875 0.0109375 0.015625
0 0.4796875 0.47109375 0.0046875 0.015625
0 0.4484375 0.48125 0.0109375 0.0125
0 0.45625 0.478125 0.00859375 0.015625
0 0.3953125 0.490625 0.00703125 0.021875