2 0.09453125 0.1203125 0.0203125 0.06796875
2 0.1203125 0.33828125 0.0125 0.01953125
2 0.5421875 0.2078125 0.0109375 0.053125
2 0.3921875 0.34453125 0.00390625 0.021875
2 0.1109375 0.1234375 0.01328125 0.0609375
2 0.075 0.1203125 0.01484375 0.05859375
2 0.553125 0.20625 0.0109375 0.04609375
2 0.5328125 0.2046875 0.009375 0.04296875
2 0.90703125 0.27421875 0.034375 0.0515625
2 0.3953125 0.346875 0.00703125 0.021875
3 0.9890625 0.165625 0.01796875 0.04140625
3 0.12734375 0.2984375 0.0203125 0.01640625
3 0.134375 0.31796875 0.02734375 0.01640625
3 0.9 0.1234375 0.03515625 0.021875
3 0.8890625 0.134375 0.0203125 0.0234375
3 0.515625 0.3359375 0.009375 0.0234375
3 0.80390625 0.340625 0.01875 0.0484375
1 0.025 0.409375 0.0125 0.078125
1 0.03984375 0.4296875 0.01484375 0.090625
1 0.053125 0.46875 0.02421875 0.1484375
1 0.08203125 0.421875 0.01484375 0.075
1 0.21328125 0.45 0.034375 0.13046875
1 0.246875 0.43984375 0.03125 0.1625
1 0.3203125 0.4453125 0.04921875 0.165625
0 0.225 0.42734375 0.05625 0.08046875
0 0.309375 0.396875 0.02578125 0.078125
0 0.3421875 0.4140625 0.01796875 0.03359375
0 0.3578125 0.4140625 0.01484375 0.0234375
2 0.4921875 0.403125 0.02421875 0.04140625
1 0.1078125 0.4234375 0.01796875 0.078125
1 0.5078125 0.4109375 0.01484375 0.078125
1 0.5140625 0.4234375 0.0078125 0.078125
1 0.52890625 0.43203125 0.02578125 0.12890625
1 0.5609375 0.425 0.01640625 0.08046875
1 0.621875 0.44765625 0.02890625 0.140625
1 0.6328125 0.4125 0.00546875 0.0609375
1 0.5640625 0.43203125 0.0109375 0.0609375
1 0.5453125 0.4296875 0.02578125 0.18203125
1 0.5890625 0.434375 0.02734375 0.1484375
1 0.9109375 0.44140625 0.01640625 0.12890625
1 0.97734375 0.415625 0.0296875 0.0875
0 0.8890625 0.43046875 0.10546875 0.0875
0 0.44375 0.4984375 0.16640625 0.23359375
0 0.74296875 0.47578125 0.25546875 0.346875
0 0.98203125 0.803125 0.03125 0.2265625
0 0.0171875 0.484375 0.03359375 0.15546875
2 0.4828125 0.34765625 0.00703125 0.01953125
3 0.4640625 0.3734375 0.0109375 0.01640625
2 0.253125 0.0671875 0.04765625 0.0359375