1 0.734375 0.2859375 0.0125 0.0609375
1 0.7578125 0.29453125 0.015625 0.084375
1 0.7765625 0.290625 0.01640625 0.08046875
1 0.7953125 0.28671875 0.0171875 0.084375
1 0.815625 0.2640625 0.0171875 0.05
0 0.590625 0.2921875 0.015625 0.05546875
2 0.45390625 0.209375 0.00546875 0.02109375
2 0.5390625 0.20625 0.00546875 0.01796875
2 0.6015625 0.19453125 0.00625 0.01640625
3 0.5609375 0.20703125 0.00859375 0.01640625
3 0.57734375 0.221875 0.009375 0.02109375
3 0.83828125 0.0703125 0.0171875 0.040625
3 0.8390625 0.1015625 0.03203125 0.01796875
3 0.35 0.2484375 0.015625 0.0109375
2 0.3453125 0.2671875 0.01484375 0.01640625
1 0.40390625 0.29609375 0.00703125 0.03359375
0 0.284375 0.31484375 0.02265625 0.021875
0 0.2640625 0.31171875 0.0234375 0.0234375
0 0.23984375 0.31171875 0.0265625 0.028125
0 0.2265625 0.30625 0.021875 0.0234375
0 0.1453125 0.3109375 0.034375 0.021875
0 0.465625 0.28984375 0.009375 0.0234375
0 0.46015625 0.29375 0.015625 0.02109375
0 0.4546875 0.30078125 0.021875 0.0390625
0 0.56328125 0.26953125 0.01953125 0.0234375
0 0.5296875 0.265625 0.0125 0.0109375
0 0.5359375 0.271875 0.0171875 0.0109375
0 0.5328125 0.30546875 0.021875 0.0515625
0 0.55625 0.3 0.025 0.040625
0 0.603125 0.28984375 0.02578125 0.05
0 0.08359375 0.36015625 0.1671875 0.1609375
1 0.99375 0.29609375 0.0125 0.125
0 0.4390625 0.309375 0.0375 0.05
0 0.496875 0.328125 0.08046875 0.1109375