0 0.53828125 0.3953125 0.03125 0.0375
0 0.51953125 0.396875 0.021875 0.04296875
0 0.4875 0.39921875 0.06328125 0.08359375
0 0.409375 0.41953125 0.09921875 0.11640625
0 0.3140625 0.45390625 0.096875 0.13046875
0 0.21953125 0.4640625 0.1125 0.2125
0 0.1125 0.5203125 0.22421875 0.36640625
0 0.63984375 0.3796875 0.03515625 0.0390625
0 0.6703125 0.378125 0.02109375 0.0375
0 0.68984375 0.378125 0.0234375 0.046875
0 0.7046875 0.38046875 0.02890625 0.05390625
0 0.7140625 0.39296875 0.03046875 0.05390625
0 0.7375 0.396875 0.05390625 0.071875
0 0.790625 0.403125 0.10625 0.0765625
0 0.921875 0.4671875 0.15234375 0.246875
0 0.834375 0.553125 0.24921875 0.3
3 0.5953125 0.3421875 0.01015625 0.009375
2 0.609375 0.3453125 0.00703125 0.01640625
2 0.590625 0.3578125 0.00703125 0.01640625