0 0.36328125 0.271875 0.0171875 0.0390625
0 0.925 0.24453125 0.02890625 0.03046875
0 0.9109375 0.24921875 0.02578125 0.0375
0 0.90078125 0.2578125 0.03125 0.05859375
0 0.9734375 0.2453125 0.05234375 0.04140625
0 0.4484375 0.3671875 0.2 0.34140625
0 0.0296875 0.3390625 0.059375 0.096875
3 0.0390625 0.0984375 0.0234375 0.02890625
3 0.16796875 0.18046875 0.0390625 0.0640625
3 0.52265625 0.12734375 0.0328125 0.01796875
3 0.584375 0.2046875 0.01875 0.0125
3 0.8390625 0.1671875 0.01171875 0.05859375
2 0.44765625 0.090625 0.01171875 0.04140625
2 0.578125 0.178125 0.0078125 0.03359375
2 0.6703125 0.13125 0.015625 0.071875
2 0.1015625 0.22578125 0.0125 0.025
2 0.5765625 0.2171875 0.0078125 0.02109375
2 0.053125 0.190625 0.0140625 0.05546875