3 0.40625 0.41953125 0.015625 0.028125
3 0.40703125 0.4578125 0.0109375 0.0265625
3 0.40625 0.51875 0.01015625 0.0359375
3 0.3984375 0.49765625 0.01171875 0.0125
3 0.68828125 0.475 0.015625 0.02890625
3 0.6734375 0.54765625 0.0140625 0.0234375
3 0.67421875 0.57265625 0.01015625 0.0265625
2 0.7421875 0.409375 0.0109375 0.05859375
2 0.85859375 0.465625 0.0109375 0.05
2 0.11484375 0.50859375 0.015625 0.025
3 0.1265625 0.40546875 0.01484375 0.0234375
3 0.1171875 0.38125 0.02578125 0.01640625
3 0.12109375 0.3625 0.0171875 0.02109375
3 0.4671875 0.57265625 0.01171875 0.0265625
2 0.5078125 0.571875 0.0078125 0.02109375
0 0.596875 0.62265625 0.02421875 0.03359375
0 0.5765625 0.61484375 0.02578125 0.04296875
0 0.56015625 0.61640625 0.03203125 0.05703125
0 0.6234375 0.625 0.01328125 0.025
0 0.63359375 0.6265625 0.0109375 0.0234375
0 0.65078125 0.6265625 0.02734375 0.03359375
2 0.84609375 0.55859375 0.01796875 0.03046875
0 0.52578125 0.64375 0.07890625 0.115625
0 0.95 0.63046875 0.09921875 0.084375
0 0.090625 0.671875 0.18125 0.178125
2 0.49296875 0.45625 0.0109375 0.04296875
2 0.62734375 0.4671875 0.0140625 0.0390625
2 0.7578125 0.40859375 0.01171875 0.04296875
2 0.8859375 0.3578125 0.0203125 0.05546875
2 0.484375 0.45703125 0.00703125 0.046875
2 0.5 0.459375 0.00703125 0.0375
2 0.6390625 0.46875 0.01171875 0.0359375
3 0.85625 0.403125 0.01484375 0.0234375
2 0.390625 0.5546875 0.00859375 0.02109375
3 0.86875 0.509375 0.01875 0.0140625
0 0.675 0.62265625 0.03828125 0.05390625