2 0.146875 0.31796875 0.01953125 0.09140625
2 0.3890625 0.5375 0.0234375 0.046875
2 0.171875 0.31640625 0.01953125 0.065625
2 0.2046875 0.590625 0.00625 0.028125
2 0.9625 0.15625 0.06171875 0.153125
2 0.003125 0.0953125 0.00625 0.040625
3 0.36875 0.465625 0.03671875 0.0234375
3 0.3828125 0.39375 0.03203125 0.01953125
3 0.8484375 0.1359375 0.0953125 0.25859375
2 0.934375 0.215625 0.06171875 0.1359375
1 0.5796875 0.65546875 0.04453125 0.19453125
1 0.8484375 0.690625 0.0484375 0.24609375
1 0.496875 0.64609375 0.065625 0.29296875
1 0.678125 0.61640625 0.13671875 0.40859375
1 0.240625 0.65390625 0.01953125 0.0890625
0 0.21875 0.65546875 0.01328125 0.0484375
0 0.23203125 0.65703125 0.02890625 0.05546875
0 0.1390625 0.64375 0.034375 0.040625
0 0.19375 0.63828125 0.01171875 0.028125
0 0.1703125 0.65078125 0.04765625 0.078125
0 0.28125 0.6640625 0.065625 0.09453125
0 0.0625 0.6609375 0.125 0.1875
0 0.0515625 0.6953125 0.103125 0.21796875
0 0.9453125 0.6796875 0.1078125 0.13203125