1 0.7609375 0.48046875 0.03671875 0.175
1 0.74296875 0.47421875 0.02109375 0.14453125
1 0.6953125 0.4828125 0.025 0.17890625
1 0.703125 0.496875 0.02890625 0.17890625
1 0.65234375 0.4640625 0.015625 0.09609375
1 0.64140625 0.49453125 0.03046875 0.2
1 0.609375 0.46015625 0.01953125 0.1
1 0.5953125 0.465625 0.015625 0.0765625
1 0.57890625 0.46015625 0.01875 0.09609375
1 0.5625 0.4625 0.01875 0.090625
1 0.2390625 0.4453125 0.0140625 0.065625
1 0.2484375 0.446875 0.01328125 0.05859375
1 0.27734375 0.446875 0.01875 0.071875
1 0.296875 0.4515625 0.01015625 0.0484375
1 0.3140625 0.453125 0.01328125 0.0484375
1 0.328125 0.446875 0.01875 0.0625
0 0.796875 0.503125 0.121875 0.35390625
1 0.725 0.50625 0.09296875 0.278125
1 0.546875 0.434375 0.015625 0.046875
1 0.5328125 0.43359375 0.01328125 0.040625
1 0.51953125 0.45703125 0.02109375 0.09609375
1 0.4984375 0.453125 0.01328125 0.07890625
1 0.4890625 0.4515625 0.01328125 0.07890625
1 0.478125 0.45546875 0.0171875 0.07890625
1 0.465625 0.4640625 0.015625 0.071875
1 0.4484375 0.45234375 0.01953125 0.06796875
1 0.43125 0.45859375 0.01953125 0.08359375
1 0.409375 0.45 0.01953125 0.071875
1 0.3859375 0.453125 0.0140625 0.06953125
1 0.3546875 0.4484375 0.01875 0.06953125
1 0.3421875 0.4453125 0.01171875 0.05859375
1 0.36796875 0.4515625 0.025 0.075
1 0.02421875 0.51640625 0.0484375 0.3734375
0 0.175 0.4453125 0.05625 0.11953125
0 0.0953125 0.459375 0.15078125 0.22109375
2 0.3359375 0.3296875 0.009375 0.025
2 0.68125 0.30546875 0.0234375 0.05390625
3 0.696875 0.16875 0.0484375 0.0234375
0 0.8640625 0.5640625 0.271875 0.60859375