2 0.2578125 0.6078125 0.0078125 0.021875
2 0.1765625 0.61875 0.00546875 0.01640625
2 0.2359375 0.62578125 0.00546875 0.01640625
2 0.2484375 0.6265625 0.0078125 0.015625
2 0.3484375 0.6109375 0.0078125 0.021875
0 0.1984375 0.6609375 0.0171875 0.021875
0 0.1765625 0.66171875 0.0203125 0.028125
0 0.1484375 0.66484375 0.0125 0.021875
0 0.1359375 0.6671875 0.01953125 0.02109375
0 0.10390625 0.671875 0.03984375 0.04140625
0 0.246875 0.65390625 0.01953125 0.01953125
0 0.2234375 0.671875 0.02734375 0.0390625
0 0.38046875 0.67578125 0.028125 0.0484375
0 0.40546875 0.66796875 0.015625 0.040625
0 0.42890625 0.68359375 0.05234375 0.07109375
0 0.4671875 0.665625 0.0234375 0.04453125
0 0.3171875 0.7484375 0.14140625 0.2
2 0.225 0.62734375 0.00546875 0.01796875
3 0.4515625 0.5984375 0.01015625 0.0109375