2 0.3890625 0.18203125 0.01796875 0.075
2 0.5390625 0.3125 0.0109375 0.02109375
2 0.0921875 0.290625 0.0109375 0.01640625
2 0.4328125 0.453125 0.00703125 0.0125
2 0.4421875 0.4609375 0.00546875 0.0125
2 0.5390625 0.37578125 0.01015625 0.03203125
0 0.45 0.46484375 0.00859375 0.01953125
0 0.4640625 0.478125 0.0265625 0.0375
0 0.36875 0.46328125 0.0140625 0.01953125
0 0.2453125 0.46640625 0.0328125 0.034375
0 0.15625 0.46640625 0.05078125 0.046875
0 0.08671875 0.47265625 0.06171875 0.0484375
0 0.84375 0.52734375 0.309375 0.2015625
3 0.50078125 0.4265625 0.009375 0.01796875