2 0.44765625 0.44765625 0.0109375 0.0140625
2 0.421875 0.4453125 0.0078125 0.01953125
0 0.434375 0.465625 0.01484375 0.01640625
0 0.4578125 0.46875 0.0125 0.0265625
0 0.465625 0.47578125 0.0125 0.03203125
0 0.4765625 0.48046875 0.0203125 0.0359375
0 0.49375 0.47890625 0.02734375 0.053125
0 0.5140625 0.490625 0.0453125 0.0609375
0 0.5453125 0.5015625 0.04609375 0.08203125
0 0.5671875 0.51484375 0.0453125 0.10390625
0 0.621875 0.51171875 0.10546875 0.1625
0 0.73828125 0.54609375 0.22421875 0.25
0 0.8828125 0.64921875 0.2328125 0.40859375
0 0.421875 0.47109375 0.009375 0.021875
0 0.4125 0.47109375 0.01484375 0.021875
0 0.40234375 0.47578125 0.01640625 0.0265625
0 0.384375 0.47734375 0.021875 0.04296875
0 0.3625 0.4734375 0.0453125 0.065625
0 0.340625 0.49296875 0.040625 0.08046875
0 0.3171875 0.49140625 0.05703125 0.09140625
0 0.2859375 0.509375 0.05625 0.1140625
0 0.1984375 0.50703125 0.1609375 0.18203125
0 0.0828125 0.575 0.1640625 0.31796875