0 0.4375 0.51953125 0.07890625 0.10390625
0 0.20703125 0.5515625 0.09921875 0.090625
0 0.0453125 0.54375 0.090625 0.06953125
0 0.109375 0.5328125 0.0421875 0.0390625
0 0.1546875 0.5234375 0.0296875 0.03359375
0 0.265625 0.521875 0.03359375 0.0359375
0 0.378125 0.515625 0.01796875 0.01796875
0 0.35703125 0.51484375 0.0203125 0.01640625
0 0.3390625 0.515625 0.01875 0.021875
0 0.6109375 0.49765625 0.0140625 0.04296875
0 0.1734375 0.534375 0.0359375 0.04296875
0 0.6265625 0.5 0.040625 0.05859375
3 0.7078125 0.39453125 0.01171875 0.01796875
0 0.12734375 0.54140625 0.071875 0.04453125