0 0.21484375 0.60859375 0.0265625 0.040625
0 0.00625 0.6546875 0.01171875 0.05390625
0 0.31171875 0.584375 0.025 0.0265625
0 0.3125 0.61015625 0.02890625 0.040625
0 0.340625 0.62421875 0.03203125 0.06796875
0 0.3328125 0.5859375 0.0171875 0.0234375
0 0.37578125 0.63671875 0.08203125 0.11953125
0 0.3 0.5609375 0.0171875 0.02109375
0 0.1296875 0.61875 0.03984375 0.04140625
0 0.071875 0.6171875 0.06171875 0.071875
0 0.26640625 0.6765625 0.11875 0.153125
0 0.275 0.596875 0.034375 0.0265625
0 0.2609375 0.5671875 0.01875 0.0234375
0 0.28359375 0.5671875 0.01875 0.0234375
0 0.4390625 0.66953125 0.13671875 0.18046875
0 0.7109375 0.7078125 0.21484375 0.196875
3 0.2234375 0.52109375 0.0234375 0.0234375
3 0.2890625 0.50546875 0.0328125 0.021875
3 0.25703125 0.5015625 0.015625 0.01640625
3 0.2671875 0.53515625 0.01171875 0.009375
3 0.27734375 0.53515625 0.01171875 0.0140625
0 0.3140625 0.5546875 0.01328125 0.02109375
0 0.8078125 0.81328125 0.38203125 0.365625