0 0.4171875 0.52109375 0.01875 0.04296875
0 0.484375 0.51484375 0.0296875 0.090625
0 0.52421875 0.51640625 0.06171875 0.10390625
0 0.30546875 0.5546875 0.0421875 0.10703125
0 0.25234375 0.55234375 0.10390625 0.17890625
0 0.55 0.53515625 0.05234375 0.1234375
0 0.5953125 0.55078125 0.10625 0.178125
0 0.703125 0.5734375 0.19765625 0.24453125
0 0.13828125 0.58984375 0.23671875 0.26953125
0 0.0375 0.73125 0.075 0.31796875
0 0.359375 0.55 0.09609375 0.13359375
0 0.453125 0.5359375 0.06875 0.09296875
3 0.33359375 0.43828125 0.0171875 0.015625
3 0.6375 0.3640625 0.021875 0.03203125
3 0.3265625 0.428125 0.0125 0.01640625
3 0.30546875 0.45703125 0.015625 0.015625
2 0.4296875 0.47265625 0.00859375 0.01796875
3 0.4953125 0.43125 0.01015625 0.0125
0 0.89296875 0.68359375 0.2125 0.371875