0 0.78125 0.6703125 0.43046875 0.30859375
0 0.2265625 0.59296875 0.01171875 0.02890625
0 0.24375 0.590625 0.009375 0.02890625
0 0.2140625 0.5921875 0.02265625 0.03203125
0 0.1953125 0.596875 0.0203125 0.0484375
0 0.175 0.59453125 0.03515625 0.07109375
0 0.1703125 0.60078125 0.02421875 0.0625
0 0.13125 0.59921875 0.06953125 0.09453125
0 0.02578125 0.63359375 0.0515625 0.22109375
0 0.2953125 0.5890625 0.01640625 0.02890625
0 0.31484375 0.590625 0.021875 0.065625
0 0.34140625 0.59296875 0.05625 0.08203125
0 0.3515625 0.60546875 0.034375 0.078125
0 0.4046875 0.60859375 0.10234375 0.1359375
0 0.265625 0.5984375 0.0484375 0.065625
3 0.16953125 0.5453125 0.0125 0.0234375
0 0.3046875 0.590625 0.0125 0.05
0 0.2296875 0.59140625 0.01015625 0.028125