0 0.303125 0.4109375 0.01171875 0.01640625
0 0.28828125 0.4234375 0.01640625 0.025
0 0.27265625 0.42890625 0.01875 0.028125
0 0.26171875 0.43359375 0.021875 0.0359375
0 0.40625 0.4046875 0.01875 0.02109375
0 0.43359375 0.409375 0.034375 0.053125
0 0.4421875 0.4203125 0.03828125 0.04140625
3 0.4421875 0.37734375 0.01328125 0.02109375
0 0.4671875 0.40703125 0.0265625 0.025
0 0.4890625 0.403125 0.0296875 0.0359375
3 0.4890625 0.3484375 0.0078125 0.01953125
2 0.3421875 0.2015625 0.01015625 0.04453125
3 0.5234375 0.30703125 0.0171875 0.0125
0 0.96875 0.41328125 0.0609375 0.128125
0 0.3796875 0.4125 0.015625 0.01640625
0 0.34375 0.425 0.0484375 0.071875
0 0.171875 0.471875 0.19140625 0.23203125
2 0.21875 0.17421875 0.01328125 0.0515625
2 0.2 0.178125 0.01328125 0.046875
2 0.0296875 0.165625 0.0171875 0.06953125
2 0.0109375 0.1625 0.01640625 0.0640625
2 0.003125 0.1671875 0.00625 0.065625