0 0.36796875 0.5921875 0.01328125 0.021875
0 0.3671875 0.61171875 0.0125 0.0359375
0 0.35625 0.61015625 0.01796875 0.0390625
0 0.3421875 0.61171875 0.02890625 0.04140625
0 0.31328125 0.6125 0.01875 0.04296875
0 0.33671875 0.61171875 0.040625 0.04140625
0 0.2171875 0.6140625 0.01875 0.021875
0 0.228125 0.61171875 0.0296875 0.0265625
0 0.234375 0.6171875 0.0203125 0.02890625
0 0.2703125 0.628125 0.06953125 0.10703125
0 0.4984375 0.60078125 0.03984375 0.053125
0 0.565625 0.71796875 0.24140625 0.4109375
0 0.9109375 0.62734375 0.1765625 0.2234375
0 0.9875 0.67578125 0.025 0.228125
0 0.3859375 0.603125 0.021875 0.02890625
0 0.415625 0.596875 0.02890625 0.021875
3 0.875 0.38671875 0.02734375 0.04296875
3 0.8765625 0.434375 0.02890625 0.04140625
3 0.878125 0.47890625 0.02890625 0.0390625
3 0.959375 0.4875 0.021875 0.0515625
3 0.7 0.56484375 0.01484375 0.0484375
3 0.540625 0.496875 0.0375 0.065625
1 0.6640625 0.61640625 0.02734375 0.10390625
1 0.4625 0.60234375 0.0125 0.04609375
2 0.6140625 0.453125 0.01328125 0.05859375
2 0.634375 0.50859375 0.01796875 0.03359375
2 0.2234375 0.5390625 0.0109375 0.021875