0 0.4890625 0.3328125 0.02265625 0.01953125
0 0.46015625 0.32890625 0.02734375 0.021875
0 0.44375 0.3578125 0.0234375 0.04296875
0 0.4203125 0.35703125 0.0359375 0.046875
0 0.38046875 0.35703125 0.0546875 0.059375
0 0.26328125 0.346875 0.0578125 0.0484375
0 0.3203125 0.3578125 0.0734375 0.06640625
0 0.5375 0.334375 0.01953125 0.03046875
0 0.54765625 0.34453125 0.01875 0.01640625
0 0.771875 0.39609375 0.11953125 0.096875
0 0.85 0.41171875 0.03671875 0.0625
0 0.8875 0.4046875 0.04609375 0.140625
2 0.53125 0.29921875 0.0078125 0.0140625
2 0.565625 0.3015625 0.00625 0.0125
2 0.6 0.303125 0.0125 0.0265625
2 0.634375 0.0203125 0.04140625 0.02890625
2 0.478125 0.0109375 0.0328125 0.01953125