2 0.3515625 0.41171875 0.009375 0.0359375
2 0.53203125 0.4265625 0.00703125 0.0359375
2 0.4484375 0.56328125 0.0109375 0.01796875
2 0.50078125 0.5625 0.009375 0.01953125
2 0.6984375 0.475 0.01171875 0.0234375
2 0.1609375 0.50078125 0.02265625 0.028125
3 0.7 0.44296875 0.03203125 0.0234375
3 0.29609375 0.50234375 0.02109375 0.0125
3 0.3 0.51640625 0.015625 0.0140625
3 0.1796875 0.46875 0.03515625 0.02109375
0 0.2015625 0.603125 0.0953125 0.121875
0 0.53828125 0.5984375 0.0203125 0.028125
0 0.4875 0.603125 0.01015625 0.01953125
0 0.67890625 0.56640625 0.10859375 0.1390625
0 0.72734375 0.59609375 0.1125 0.146875
0 0.85703125 0.6390625 0.2234375 0.221875
0 0.4234375 0.6046875 0.01796875 0.0265625
0 0.08125 0.63046875 0.1609375 0.178125
0 0.9703125 0.696875 0.05703125 0.22109375
0 0.396875 0.60703125 0.03125 0.0265625
0 0.5046875 0.60234375 0.02265625 0.028125
0 0.57734375 0.590625 0.0421875 0.04453125
3 0.7171875 0.4046875 0.02578125 0.02109375