2 0.38046875 0.284375 0.00859375 0.02109375
2 0.45390625 0.25625 0.0046875 0.025
2 0.4484375 0.25859375 0.00625 0.02109375
0 0.3203125 0.36953125 0.015625 0.025
0 0.3375 0.36953125 0.01484375 0.01796875
0 0.26796875 0.36640625 0.0296875 0.0265625
0 0.00625 0.384375 0.0125 0.021875
3 0.021875 0.321875 0.00859375 0.015625
0 0.08671875 0.365625 0.02109375 0.01953125
0 0.1671875 0.37109375 0.05390625 0.04609375
0 0.2984375 0.36796875 0.02734375 0.03046875
0 0.40390625 0.35390625 0.0265625 0.01796875
0 0.4453125 0.36484375 0.00859375 0.0125
0 0.5765625 0.38515625 0.04140625 0.046875
0 0.60703125 0.390625 0.03359375 0.06640625
0 0.64375 0.38828125 0.075 0.090625
0 0.69140625 0.409375 0.08828125 0.09453125
0 0.515625 0.371875 0.01484375 0.025
0 0.48359375 0.371875 0.0140625 0.01796875
0 0.4625 0.36640625 0.00703125 0.01640625
0 0.76875 0.42578125 0.12109375 0.1265625
0 0.9015625 0.45078125 0.1953125 0.25
0 0.4125 0.39296875 0.0609375 0.065625
0 0.5 0.378125 0.02578125 0.0390625
0 0.4703125 0.36640625 0.01171875 0.0125
0 0.4515625 0.36953125 0.01640625 0.028125