2 0.50234375 0.19609375 0.0140625 0.05
2 0.4796875 0.1921875 0.0140625 0.05390625
2 0.4921875 0.1921875 0.01015625 0.059375
2 0.0859375 0.028125 0.01875 0.05625
2 0.0703125 0.025 0.01796875 0.05
2 0.1109375 0.03125 0.03125 0.0625
2 0.165625 0.38203125 0.01796875 0.0234375
3 0.6359375 0.3140625 0.01640625 0.02109375
3 0.6453125 0.33671875 0.01875 0.028125
3 0.64140625 0.36015625 0.0125 0.0234375
1 0.759375 0.4625 0.02578125 0.140625
1 0.7796875 0.459375 0.03125 0.1265625
0 0.27734375 0.478125 0.0625 0.065625
0 0.534375 0.5234375 0.29296875 0.325