1 0.8828125 0.40625 0.03828125 0.0640625
1 0.9421875 0.41640625 0.02890625 0.075
1 0.446875 0.434375 0.0078125 0.0234375
0 0.078125 0.4828125 0.15625 0.15
0 0.9640625 0.57265625 0.0671875 0.240625
0 0.328125 0.440625 0.05234375 0.06796875
0 0.35625 0.440625 0.01953125 0.04296875
0 0.36796875 0.43671875 0.03046875 0.0484375
0 0.3890625 0.4359375 0.01171875 0.040625
0 0.86875 0.528125 0.22578125 0.1984375
0 0.8265625 0.42734375 0.04765625 0.0265625
0 0.753125 0.49375 0.12890625 0.14140625
0 0.64296875 0.47109375 0.1140625 0.09140625
0 0.584375 0.44140625 0.05859375 0.07890625
0 0.5546875 0.440625 0.0171875 0.04140625
0 0.5 0.43671875 0.01484375 0.028125
0 0.521875 0.44140625 0.0359375 0.04453125
0 0.4859375 0.434375 0.01328125 0.015625
0 0.4796875 0.4328125 0.0109375 0.0125
2 0.2984375 0.18515625 0.01640625 0.05859375
2 0.28125 0.184375 0.01171875 0.05
2 0.559375 0.2515625 0.0078125 0.0375
2 0.27109375 0.3734375 0.009375 0.02890625
3 0.796875 0.26875 0.040625 0.028125
3 0.81875 0.2234375 0.028125 0.028125
3 0.80625 0.1890625 0.01640625 0.01640625
3 0.0625 0.1875 0.0390625 0.0234375
3 0.565625 0.371875 0.0109375 0.02890625
2 0.82265625 0.328125 0.03515625 0.04296875
2 0.0328125 0.309375 0.03125 0.04296875
3 0.2609375 0.309375 0.02109375 0.0125
0 0.4015625 0.43359375 0.01328125 0.028125
0 0.4140625 0.434375 0.00859375 0.028125
0 0.42890625 0.434375 0.015625 0.021875
0 0.4609375 0.4328125 0.01328125 0.015625
0 0.015625 0.43046875 0.03125 0.0484375
2 0.66328125 0.378125 0.01484375 0.021875
2 0.440625 0.37109375 0.0046875 0.02109375
2 0.50390625 0.384375 0.0078125 0.015625