2 0.4546875 0.4046875 0.00390625 0.021875
2 0.45 0.403125 0.00703125 0.01640625
0 0.41640625 0.48671875 0.009375 0.02109375
0 0.4015625 0.4859375 0.01875 0.021875
0 0.3796875 0.48359375 0.009375 0.0375
0 0.371875 0.4828125 0.009375 0.04296875
0 0.36171875 0.48125 0.01328125 0.05
0 0.3296875 0.48203125 0.05390625 0.06953125
0 0.28359375 0.4921875 0.03671875 0.096875
0 0.24375 0.49375 0.0546875 0.10703125
0 0.1734375 0.50625 0.10859375 0.14609375
0 0.07265625 0.5359375 0.1453125 0.16796875
0 0.46484375 0.484375 0.0328125 0.046875
0 0.50703125 0.49765625 0.0328125 0.05
0 0.540625 0.49765625 0.05390625 0.075
0 0.56015625 0.5203125 0.06953125 0.0859375
0 0.7171875 0.5953125 0.22890625 0.23046875
3 0.51171875 0.4609375 0.01328125 0.01640625
2 0.5609375 0.42265625 0.00546875 0.02109375
3 0.903125 0.203125 0.0359375 0.04453125