0 0.31875 0.39921875 0.028125 0.025
0 0.34296875 0.4125 0.0171875 0.0234375
0 0.2921875 0.4203125 0.03203125 0.05
0 0.26484375 0.428125 0.03828125 0.059375
0 0.2484375 0.43515625 0.028125 0.0640625
0 0.421875 0.4140625 0.015625 0.028125
0 0.4375 0.4125 0.0171875 0.0265625
0 0.45546875 0.41484375 0.0234375 0.03359375
0 0.4734375 0.4125 0.01875 0.028125
0 0.490625 0.41640625 0.028125 0.0375
0 0.5140625 0.41796875 0.02578125 0.040625
0 0.534375 0.4328125 0.04296875 0.06640625
0 0.196875 0.428125 0.08359375 0.1109375
3 0.6453125 0.290625 0.034375 0.08203125
3 0.0125 0.221875 0.02421875 0.06796875
3 0.59296875 0.3359375 0.02421875 0.021875
3 0.4859375 0.36484375 0.01171875 0.01953125
3 0.359375 0.3515625 0.0171875 0.0109375
3 0.34609375 0.359375 0.0109375 0.02890625
3 0.31171875 0.3671875 0.00859375 0.01953125
0 0.9390625 0.603125 0.11953125 0.26953125
0 0.328125 0.41796875 0.028125 0.034375