0 0.34921875 0.415625 0.015625 0.021875
0 0.3125 0.43125 0.0234375 0.025
0 0.28359375 0.4375 0.02734375 0.025
0 0.18671875 0.4546875 0.05234375 0.03046875
0 0.37578125 0.421875 0.021875 0.03203125
0 0.43046875 0.4171875 0.0140625 0.015625
0 0.446875 0.41640625 0.015625 0.025
0 0.515625 0.4203125 0.034375 0.03046875
2 0.16796875 0.371875 0.0234375 0.0125
2 0.40625 0.39765625 0.0125 0.021875
2 0.44296875 0.35859375 0.009375 0.0265625
2 0.4765625 0.35859375 0.00859375 0.0265625
3 0.621875 0.37109375 0.0859375 0.06796875
0 0.6578125 0.44765625 0.04609375 0.065625
0 0.7953125 0.43203125 0.0359375 0.0265625
3 0.221875 0.321875 0.03828125 0.05859375
3 0.753125 0.31953125 0.03046875 0.021875
2 0.625 0.01953125 0.0375 0.0390625