3 0.534375 0.24921875 0.053125 0.040625
3 0.5734375 0.2515625 0.01796875 0.040625
3 0.5921875 0.265625 0.02265625 0.028125
2 0.5875 0.32734375 0.00859375 0.02109375
2 0.51484375 0.33671875 0.0109375 0.028125
0 0.5296875 0.4171875 0.0203125 0.01953125
0 0.5046875 0.40859375 0.0265625 0.02109375
0 0.5734375 0.43828125 0.01953125 0.0515625
0 0.5859375 0.45625 0.03125 0.0484375
0 0.6015625 0.4765625 0.0375 0.10703125
0 0.746875 0.39296875 0.0984375 0.1109375
3 0.9578125 0.2109375 0.03203125 0.0484375
3 0.9296875 0.21796875 0.0265625 0.046875
0 0.6765625 0.48515625 0.14609375 0.196875
0 0.5109375 0.5421875 0.178125 0.253125
0 0.8609375 0.503125 0.27734375 0.5265625