3 0.3125 0.36875 0.01953125 0.01953125
3 0.3515625 0.38125 0.01171875 0.0234375
3 0.378125 0.371875 0.0140625 0.034375
3 0.4484375 0.35078125 0.0203125 0.0515625
3 0.47890625 0.321875 0.0203125 0.0359375
3 0.60546875 0.27265625 0.05 0.121875
0 0.2 0.40703125 0.021875 0.0234375
0 0.1734375 0.403125 0.021875 0.0234375
0 0.1265625 0.40703125 0.03359375 0.03203125
0 0.059375 0.403125 0.04453125 0.04453125
0 0.2734375 0.41015625 0.0140625 0.01640625
0 0.2515625 0.40625 0.021875 0.02890625
0 0.228125 0.4109375 0.03828125 0.0484375
0 0.321875 0.4046875 0.01640625 0.0234375
0 0.296875 0.4109375 0.02421875 0.04453125