1 0.72578125 0.521875 0.01875 0.1125
1 0.7453125 0.5171875 0.0203125 0.10859375
0 0.2734375 0.565625 0.0578125 0.2234375
0 0.3984375 0.49375 0.01875 0.015625
0 0.3953125 0.521875 0.02109375 0.03203125
0 0.3734375 0.51953125 0.0265625 0.084375
0 0.2671875 0.54375 0.11875 0.12890625
0 0.3203125 0.52109375 0.08984375 0.1375
0 0.1484375 0.6015625 0.20859375 0.203125
0 0.046875 0.66015625 0.09375 0.2765625
0 0.49375 0.5171875 0.01015625 0.0359375
0 0.50703125 0.52421875 0.0203125 0.0625
0 0.5375 0.5296875 0.059375 0.10546875
0 0.4453125 0.56015625 0.11328125 0.17109375
0 0.6140625 0.559375 0.1515625 0.2