0 0.64140625 0.45078125 0.0171875 0.025
0 0.628125 0.446875 0.02421875 0.0359375
0 0.653125 0.45546875 0.0203125 0.034375
0 0.6734375 0.453125 0.0296875 0.0359375
0 0.7078125 0.4546875 0.03359375 0.04609375
0 0.76875 0.48046875 0.06796875 0.08046875
3 0.896875 0.40546875 0.01796875 0.040625
3 0.7421875 0.403125 0.0140625 0.04453125
3 0.69609375 0.415625 0.021875 0.021875
3 0.6984375 0.38046875 0.01015625 0.021875
3 0.6109375 0.37734375 0.01640625 0.02109375
3 0.5515625 0.409375 0.01796875 0.025
3 0.54375 0.4375 0.0125 0.03046875
3 0.5125 0.40234375 0.021875 0.05
3 0.425 0.37578125 0.0453125 0.04140625
2 0.6921875 0.3765625 0.00703125 0.01796875
2 0.6671875 0.37109375 0.009375 0.02109375
2 0.684375 0.384375 0.01015625 0.0265625
2 0.66015625 0.38125 0.01171875 0.02890625
2 0.62734375 0.3828125 0.0125 0.0265625
2 0.753125 0.42734375 0.01171875 0.01796875
0 0.603125 0.45703125 0.03515625 0.0484375
0 0.571875 0.44765625 0.028125 0.0375