0 0.2921875 0.53671875 0.03046875 0.0375
0 0.2375 0.540625 0.02109375 0.03203125
0 0.334375 0.5296875 0.0234375 0.028125
0 0.3609375 0.52734375 0.0265625 0.03359375
0 0.4046875 0.515625 0.021875 0.028125
0 0.3875 0.51640625 0.015625 0.01796875
0 0.41875 0.51328125 0.01015625 0.0109375
0 0.440625 0.515625 0.01015625 0.0109375
0 0.471875 0.5078125 0.009375 0.015625
0 0.5046875 0.50625 0.009375 0.0125
0 0.5171875 0.51171875 0.01015625 0.02109375
0 0.5265625 0.51640625 0.0171875 0.0265625
0 0.5453125 0.50859375 0.01796875 0.025
0 0.30546875 0.54375 0.04453125 0.046875
0 0.1359375 0.5640625 0.07578125 0.0609375
0 0.3921875 0.52421875 0.021875 0.021875
0 0.48828125 0.534375 0.0421875 0.065625
0 0.53984375 0.5234375 0.0296875 0.0390625
0 0.609375 0.540625 0.08125 0.109375
3 0.5890625 0.48515625 0.0125 0.01796875
0 0.03984375 0.565625 0.0796875 0.0734375
0 0.25625 0.54609375 0.0453125 0.046875
3 0.41875 0.48359375 0.01171875 0.0265625