1 0.259375 0.24296875 0.03046875 0.10546875
2 0.1765625 0.1984375 0.015625 0.05859375
2 0.6296875 0.134375 0.015625 0.0625
2 0.6890625 0.2546875 0.01015625 0.0265625
0 0.91171875 0.35859375 0.1765625 0.2296875
0 0.5625 0.3109375 0.02578125 0.03359375
0 0.54609375 0.3109375 0.0171875 0.025
0 0.44375 0.303125 0.028125 0.040625
0 0.46484375 0.303125 0.00625 0.028125
0 0.4859375 0.309375 0.01796875 0.021875
0 0.53046875 0.31015625 0.01484375 0.0234375
1 0.3875 0.296875 0.01171875 0.04609375
2 0.38984375 0.040625 0.01015625 0.040625
0 0.51875 0.309375 0.0078125 0.02890625
2 0.9203125 0.19765625 0.01875 0.03359375
3 0.9078125 0.10078125 0.03828125 0.021875
3 0.9265625 0.059375 0.0265625 0.01796875
2 0.14296875 0.16484375 0.01796875 0.0890625