2 0.32265625 0.29453125 0.009375 0.034375
2 0.44453125 0.29921875 0.0078125 0.040625
2 0.4765625 0.35703125 0.0078125 0.028125
2 0.3953125 0.3640625 0.0078125 0.0234375
2 0.31328125 0.2890625 0.009375 0.0375
2 0.51640625 0.38984375 0.009375 0.01953125
2 0.5546875 0.371875 0.01328125 0.0265625
2 0.27890625 0.33359375 0.01484375 0.0234375
3 0.696875 0.246875 0.0359375 0.075
3 0.6234375 0.3046875 0.01875 0.04140625
3 0.5390625 0.340625 0.01328125 0.01953125
0 0.3359375 0.41171875 0.0265625 0.0484375
0 0.4171875 0.41015625 0.01875 0.03359375
0 0.3609375 0.40703125 0.03203125 0.05390625
0 0.39296875 0.43515625 0.0421875 0.0640625
0 0.44921875 0.4421875 0.0828125 0.153125
0 0.24609375 0.446875 0.18046875 0.24140625
1 0.5640625 0.41875 0.01640625 0.07109375