0 0.1609375 0.38671875 0.1109375 0.10546875
0 0.2140625 0.3765625 0.0359375 0.0859375
0 0.4171875 0.34921875 0.0484375 0.05859375
0 0.45625 0.3375 0.02734375 0.040625
0 0.50546875 0.32265625 0.01484375 0.01796875
0 0.9046875 0.3515625 0.10625 0.084375
0 0.4859375 0.3359375 0.034375 0.04609375
0 0.5375 0.359375 0.06875 0.096875
0 0.5828125 0.33359375 0.0296875 0.04609375
0 0.6640625 0.353125 0.0796875 0.0984375
0 0.56953125 0.32109375 0.0125 0.021875
0 0.05625 0.4140625 0.11171875 0.15546875
2 0.49921875 0.28515625 0.00625 0.0125
2 0.5609375 0.284375 0.00546875 0.0125
3 0.6015625 0.2796875 0.00625 0.0109375