3 0.9671875 0.27890625 0.01875 0.028125
3 0.9671875 0.30234375 0.01171875 0.021875
0 0.98046875 0.3421875 0.03515625 0.04296875
0 0.90703125 0.346875 0.01484375 0.0234375
0 0.9328125 0.35234375 0.03984375 0.04453125
0 0.875 0.3484375 0.04765625 0.0375
0 0.8328125 0.3578125 0.05 0.05
0 0.78828125 0.35 0.0359375 0.0234375
0 0.728125 0.3640625 0.05625 0.10390625
0 0.63125 0.36015625 0.02734375 0.034375
0 0.5171875 0.353125 0.075 0.0859375
0 0.071875 0.42734375 0.14296875 0.55859375
0 0.4484375 0.359375 0.08203125 0.09296875
0 0.67890625 0.4015625 0.115625 0.140625
0 0.7234375 0.384375 0.03046875 0.0984375