1 0.959375 0.4 0.0265625 0.03359375
1 0.9421875 0.39765625 0.0171875 0.0375
1 0.90859375 0.41796875 0.028125 0.046875
1 0.8484375 0.4375 0.040625 0.13359375
1 0.78828125 0.48359375 0.03984375 0.19140625
1 0.76171875 0.49140625 0.03125 0.2
1 0.7265625 0.515625 0.03515625 0.2375
1 0.65546875 0.503125 0.05546875 0.2
1 0.625 0.4578125 0.02578125 0.09296875
1 0.5015625 0.46796875 0.0171875 0.10546875
1 0.53359375 0.471875 0.01953125 0.10390625
1 0.553125 0.4734375 0.021875 0.1125
1 0.83125 0.46015625 0.0140625 0.0765625
1 0.8171875 0.46171875 0.0171875 0.10390625
0 0.475 0.4703125 0.0453125 0.08046875
0 0.34765625 0.453125 0.0234375 0.03359375
0 0.240625 0.465625 0.0703125 0.09140625
0 0.3046875 0.471875 0.08515625 0.096875
0 0.1734375 0.46875 0.08671875 0.08359375
1 0.7 0.45 0.015625 0.07890625
0 0.05625 0.47890625 0.0140625 0.04296875
0 0.515625 0.45859375 0.0234375 0.05546875
0 0.534375 0.45859375 0.03359375 0.0765625
0 0.559375 0.4640625 0.0609375 0.09140625
2 0.34296875 0.3828125 0.01171875 0.01640625
2 0.4609375 0.146875 0.01484375 0.0640625
2 0.4421875 0.146875 0.01953125 0.075
2 0.659375 0.3578125 0.0171875 0.02890625
0 0.4078125 0.46875 0.10546875 0.175
3 0.3265625 0.384375 0.009375 0.0265625
3 0.6375 0.19765625 0.0421875 0.05859375
3 0.6546875 0.265625 0.028125 0.02109375
3 0.63828125 0.28671875 0.0328125 0.01640625
3 0.6390625 0.31953125 0.021875 0.034375
3 0.6390625 0.359375 0.021875 0.034375
0 0.0125 0.49921875 0.02421875 0.0890625
2 0.9828125 0.2296875 0.0328125 0.08359375
2 0.96015625 0.221875 0.03046875 0.08046875
0 0.8890625 0.62578125 0.2203125 0.446875
2 0.47109375 0.4078125 0.0078125 0.01796875
2 0.50546875 0.40234375 0.009375 0.02109375
1 0.0921875 0.4546875 0.00625 0.05
3 0.55625 0.18203125 0.01171875 0.05859375