1 0.5890625 0.478125 0.0203125 0.12890625
3 0.3875 0.40625 0.0109375 0.0140625
1 0.06015625 0.3875 0.0203125 0.025
0 0.065625 0.45390625 0.10390625 0.10390625
0 0.1296875 0.440625 0.08046875 0.1015625
0 0.1890625 0.440625 0.04921875 0.05859375
0 0.22265625 0.43515625 0.02890625 0.0484375
0 0.3703125 0.43984375 0.01484375 0.03203125
0 0.38203125 0.44296875 0.021875 0.0390625
0 0.39296875 0.4515625 0.01875 0.04140625
0 0.4125 0.45625 0.03515625 0.0515625
0 0.4328125 0.46484375 0.040625 0.0484375
3 0.3140625 0.43359375 0.00546875 0.01953125
3 0.35625 0.421875 0.00703125 0.01953125
0 0.24609375 0.45390625 0.07421875 0.08203125
1 0.128125 0.3875 0.00546875 0.00703125
1 0.1109375 0.3859375 0.00390625 0.00390625
1 0.159375 0.40078125 0.009375 0.0234375
0 0.21875 0.4015625 0.0140625 0.01796875
0 0.234375 0.40390625 0.0171875 0.015625
0 0.2890625 0.425 0.0203125 0.00859375