3 0.73203125 0.35390625 0.01953125 0.01953125
3 0.7296875 0.3796875 0.0203125 0.0234375
0 0.90625 0.703125 0.18515625 0.47109375
0 0.65 0.525 0.153125 0.2109375
0 0.4953125 0.48359375 0.0578125 0.10703125
2 0.3953125 0.3953125 0.00703125 0.03046875
3 0.378125 0.396875 0.0109375 0.0234375
0 0.34609375 0.4875 0.04140625 0.07109375
0 0.3875 0.48203125 0.03984375 0.05546875
0 0.428125 0.48515625 0.04453125 0.059375
0 0.53671875 0.48515625 0.028125 0.04140625
0 0.45703125 0.48828125 0.0265625 0.040625