3 0.5234375 0.284375 0.01875 0.053125
3 0.52109375 0.309375 0.01328125 0.00859375
3 0.51640625 0.31953125 0.01640625 0.00859375
0 0.41328125 0.371875 0.01171875 0.01796875
0 0.403125 0.38203125 0.0140625 0.02109375
0 0.384375 0.384375 0.02265625 0.02890625
0 0.3671875 0.38515625 0.01640625 0.02890625
0 0.35234375 0.39375 0.0203125 0.01953125
0 0.334375 0.39375 0.0171875 0.021875
0 0.43984375 0.371875 0.009375 0.0140625
0 0.4453125 0.384375 0.01328125 0.021875
0 0.459375 0.39140625 0.01953125 0.02109375
0 0.49375 0.39765625 0.03046875 0.05859375
0 0.5140625 0.403125 0.03125 0.07890625
0 0.5265625 0.40859375 0.03515625 0.08046875
0 0.55859375 0.41328125 0.06640625 0.1015625
0 0.60390625 0.4125 0.1015625 0.140625
0 0.7625 0.45703125 0.2359375 0.234375
0 0.9078125 0.53203125 0.18359375 0.35
0 0.15625 0.421875 0.1109375 0.13359375
0 0.27265625 0.40703125 0.05625 0.0765625
3 0.021875 0.3296875 0.01640625 0.025
3 0.053125 0.36328125 0.0140625 0.0125
0 0.3 0.40546875 0.028125 0.0609375