0 0.2609375 0.384375 0.015625 0.01640625
0 0.23203125 0.38203125 0.02109375 0.02109375
0 0.2125 0.38203125 0.01171875 0.02109375
0 0.1984375 0.38046875 0.0171875 0.0234375
0 0.184375 0.38046875 0.01328125 0.01953125
0 0.3921875 0.384375 0.01484375 0.01640625
0 0.4078125 0.3921875 0.0109375 0.01953125
0 0.43125 0.38828125 0.0109375 0.009375
0 0.41875 0.396875 0.015625 0.028125
0 0.4296875 0.40703125 0.01953125 0.0234375
0 0.446875 0.409375 0.028125 0.0390625
0 0.55390625 0.32734375 0.03671875 0.0515625
0 0.58515625 0.321875 0.05 0.065625
0 0.64140625 0.32109375 0.09375 0.071875
0 0.76875 0.29609375 0.15546875 0.15
0 0.7796875 0.44921875 0.14140625 0.146875
0 0.3921875 0.40625 0.03046875 0.04140625
0 0.609375 0.4546875 0.175 0.215625
0 0.02109375 0.3796875 0.0421875 0.0375