0 0.35 0.21171875 0.0078125 0.02109375
0 0.340625 0.20625 0.01796875 0.03359375
0 0.334375 0.21796875 0.01796875 0.025
0 0.3234375 0.228125 0.01640625 0.034375
0 0.31484375 0.234375 0.02265625 0.03203125
0 0.29375 0.240625 0.02421875 0.03359375
0 0.2703125 0.253125 0.04453125 0.0609375
0 0.2515625 0.278125 0.04296875 0.05546875
0 0.2328125 0.284375 0.03671875 0.04453125
0 0.18046875 0.3203125 0.08125 0.115625
0 0.3078125 0.30078125 0.0625 0.0859375
0 0.45625 0.26015625 0.03671875 0.05
0 0.4671875 0.271875 0.04609375 0.05703125
0 0.475 0.296875 0.04453125 0.065625
0 0.4875 0.3109375 0.059375 0.0734375
0 0.23203125 0.37265625 0.12265625 0.1375
0 0.5140625 0.34453125 0.0953125 0.128125
0 0.434375 0.2140625 0.0234375 0.04296875
0 0.3734375 0.21953125 0.015625 0.009375
3 0.1765625 0.178125 0.01484375 0.021875
3 0.1765625 0.20390625 0.0125 0.021875
3 0.44375 0.178125 0.0078125 0.01640625
3 0.0234375 0.103125 0.0171875 0.10703125
3 0.02734375 0.19609375 0.034375 0.05703125
3 0.86328125 0.1953125 0.0203125 0.0515625