0 0.49921875 0.446875 0.01171875 0.0125
0 0.3984375 0.459375 0.05390625 0.04453125
0 0.26953125 0.46484375 0.06328125 0.07109375
0 0.35546875 0.465625 0.03359375 0.028125
0 0.515625 0.446875 0.00859375 0.021875
0 0.525 0.45078125 0.01171875 0.021875
0 0.5453125 0.45546875 0.025 0.0359375
0 0.61875 0.4671875 0.05625 0.075
0 0.115625 0.54921875 0.23046875 0.40390625
3 0.6234375 0.228125 0.103125 0.0609375
2 0.44453125 0.40546875 0.00703125 0.01796875
2 0.49375 0.41640625 0.00859375 0.01796875
2 0.52109375 0.41640625 0.00703125 0.015625
2 0.8234375 0.321875 0.0171875 0.0390625