2 0.1015625 0.2125 0.0125 0.05859375
2 0.5734375 0.04921875 0.0234375 0.096875
2 0.59453125 0.046875 0.01875 0.090625
2 0.5515625 0.05625 0.021875 0.1015625
2 0.3765625 0.45 0.00703125 0.015625
2 0.57421875 0.39453125 0.015625 0.028125
3 0.5609375 0.2859375 0.028125 0.0359375
3 0.5609375 0.315625 0.028125 0.0375
3 0.69765625 0.41484375 0.0203125 0.0375
3 0.41640625 0.421875 0.02734375 0.01640625
0 0.41015625 0.4734375 0.009375 0.01796875
0 0.4203125 0.4765625 0.01015625 0.025
0 0.43203125 0.47890625 0.0203125 0.03359375
0 0.446875 0.47890625 0.0171875 0.04453125
0 0.328125 0.484375 0.02109375 0.0390625
0 0.30625 0.48671875 0.021875 0.04140625
0 0.2796875 0.49375 0.028125 0.04296875
0 0.12421875 0.5328125 0.05859375 0.084375
0 0.2109375 0.52890625 0.13671875 0.1375
0 0.3625 0.47890625 0.01484375 0.015625
0 0.3875 0.4734375 0.01015625 0.015625
0 0.39921875 0.4765625 0.01171875 0.01640625
0 0.465625 0.48515625 0.03359375 0.05859375
1 0.9140625 0.5640625 0.0546875 0.340625
1 0.9875 0.5953125 0.02421875 0.3125