0 0.45234375 0.49765625 0.0296875 0.0359375
0 0.4328125 0.4953125 0.01796875 0.03203125
0 0.42109375 0.4953125 0.01640625 0.03203125
0 0.41015625 0.49296875 0.021875 0.04609375
0 0.3828125 0.484375 0.0359375 0.053125
0 0.3234375 0.503125 0.07578125 0.109375
3 0.334375 0.446875 0.01484375 0.01640625
3 0.28515625 0.346875 0.053125 0.0515625
3 0.265625 0.39609375 0.009375 0.04140625
3 0.2546875 0.38984375 0.021875 0.04296875
3 0.25625 0.428125 0.0109375 0.01953125
3 0.28125 0.415625 0.01640625 0.0359375
3 0.340625 0.40546875 0.01328125 0.0265625
3 0.45 0.46015625 0.02421875 0.01953125
3 0.49375 0.4625 0.02890625 0.0265625
0 0.484375 0.49765625 0.03515625 0.053125
1 0.271875 0.51171875 0.0421875 0.125
3 0.56875 0.40078125 0.01484375 0.021875
3 0.61484375 0.45078125 0.02734375 0.04296875
3 0.5796875 0.36328125 0.01640625 0.04296875
3 0.76640625 0.3734375 0.05703125 0.1
2 0.48984375 0.40234375 0.0125 0.03359375
2 0.390625 0.41015625 0.009375 0.02890625
2 0.5734375 0.46328125 0.01328125 0.021875
3 0.55 0.4515625 0.01328125 0.0359375