2 0.39140625 0.4671875 0.01171875 0.025
0 0.3796875 0.50703125 0.01171875 0.025
0 0.3671875 0.5140625 0.01640625 0.02890625
0 0.3484375 0.525 0.02890625 0.06953125
0 0.33671875 0.528125 0.02890625 0.0875
0 0.3140625 0.54296875 0.04765625 0.1359375
0 0.2546875 0.55390625 0.1109375 0.19453125
0 0.1765625 0.6125 0.18671875 0.2734375
0 0.41640625 0.50859375 0.01171875 0.021875
0 0.42890625 0.51328125 0.01640625 0.03203125
0 0.43984375 0.5171875 0.0125 0.0359375
0 0.45 0.52109375 0.0140625 0.0375
0 0.4625 0.521875 0.01875 0.05
0 0.475 0.525 0.03046875 0.0609375
0 0.5015625 0.5375 0.03515625 0.06640625
0 0.521875 0.546875 0.0328125 0.084375
0 0.5671875 0.55703125 0.07890625 0.11953125
0 0.4015625 0.50859375 0.01796875 0.021875
0 0.6546875 0.584375 0.16171875 0.15703125
0 0.0796875 0.67109375 0.159375 0.44140625
0 0.97109375 0.7828125 0.05625 0.275