0 0.4328125 0.35 0.015625 0.0234375
0 0.3984375 0.35078125 0.01875 0.034375
0 0.3875 0.35625 0.01171875 0.0515625
0 0.3734375 0.35390625 0.025 0.075
0 0.3078125 0.36015625 0.11171875 0.15
0 0.1140625 0.44765625 0.228125 0.2734375
0 0.4578125 0.3515625 0.01484375 0.01953125
0 0.4796875 0.3390625 0.02890625 0.04453125
0 0.49140625 0.35625 0.0171875 0.046875
0 0.6171875 0.3875 0.1328125 0.1515625
0 0.85 0.52734375 0.296875 0.4265625
0 0.55078125 0.37578125 0.05546875 0.11640625
0 0.52265625 0.3578125 0.0515625 0.0984375
0 0.4984375 0.35859375 0.0203125 0.06796875