2 0.4828125 0.3578125 0.0109375 0.03046875
2 0.5796875 0.321875 0.0109375 0.03359375
2 0.4703125 0.3984375 0.01328125 0.0234375
2 0.6921875 0.3953125 0.01328125 0.03046875
3 0.68125 0.353125 0.02265625 0.02109375
3 0.690625 0.328125 0.01484375 0.0140625
0 0.55 0.4375 0.0109375 0.0265625
0 0.54375 0.4375 0.015625 0.034375
0 0.70546875 0.45625 0.0546875 0.1109375
0 0.74921875 0.465625 0.090625 0.153125
0 0.596875 0.44375 0.00625 0.01953125
0 0.6046875 0.44453125 0.01171875 0.03046875
0 0.52734375 0.44765625 0.0265625 0.046875
0 0.575 0.44765625 0.03671875 0.05546875
0 0.86796875 0.48203125 0.22421875 0.24296875