3 0.153125 0.11953125 0.02734375 0.0765625
3 0.15703125 0.18828125 0.03125 0.05546875
3 0.9015625 0.23359375 0.034375 0.071875
3 0.91015625 0.33203125 0.0234375 0.03046875
3 0.95 0.35546875 0.034375 0.05390625
3 0.81015625 0.309375 0.03515625 0.0515625
3 0.7796875 0.38046875 0.021875 0.0359375
2 0.9625 0.271875 0.01875 0.07109375
2 0.69609375 0.428125 0.00625 0.01953125
2 0.66875 0.446875 0.00703125 0.02109375
3 0.48046875 0.3421875 0.0140625 0.0265625
0 0.6125 0.4671875 0.021875 0.0234375
0 0.75390625 0.478125 0.01796875 0.02890625
0 0.765625 0.48125 0.0234375 0.046875
0 0.80703125 0.47421875 0.07109375 0.0984375
0 0.675 0.46796875 0.01171875 0.015625
0 0.6828125 0.471875 0.01484375 0.01796875
0 0.6546875 0.46953125 0.0140625 0.01796875
0 0.6953125 0.471875 0.01328125 0.01640625
0 0.725 0.47734375 0.03671875 0.0515625
0 0.5515625 0.4953125 0.115625 0.1625
0 0.3140625 0.45546875 0.10546875 0.09453125
0 0.87890625 0.58515625 0.23984375 0.34453125
0 0.0203125 0.6328125 0.03984375 0.265625
1 0.496875 0.45 0.015625 0.065625
1 0.1203125 0.434375 0.0265625 0.13203125
1 0.0859375 0.4234375 0.03125 0.13359375
1 0.05 0.43125 0.02734375 0.14609375
1 0.02734375 0.43359375 0.02734375 0.14609375
2 0.1828125 0.2859375 0.02421875 0.03359375