2 0.396875 0.24609375 0.00625 0.034375
2 0.06875 0.16875 0.0125 0.05859375
2 0.91484375 0.29609375 0.03671875 0.06953125
2 0.553125 0.35078125 0.0109375 0.021875
2 0.3875 0.346875 0.00390625 0.021875
0 0.36640625 0.38359375 0.01015625 0.01796875
0 0.3515625 0.38359375 0.0109375 0.01796875
0 0.3328125 0.384375 0.0125 0.0109375
0 0.31875 0.38359375 0.0109375 0.01796875
0 0.2671875 0.3984375 0.0125 0.021875
0 0.25625 0.3984375 0.01875 0.03046875
0 0.24140625 0.4046875 0.0296875 0.034375
0 0.20625 0.4015625 0.03671875 0.0375
2 0.2984375 0.33984375 0.00625 0.01796875
1 0.1703125 0.40078125 0.01015625 0.034375
1 0.159375 0.4015625 0.00859375 0.0375
1 0.15 0.4015625 0.00703125 0.03359375
0 0.0921875 0.4390625 0.08671875 0.0890625
0 0.4109375 0.38125 0.0234375 0.0125
0 0.421875 0.4046875 0.0234375 0.034375
0 0.4515625 0.403125 0.0328125 0.0390625
0 0.390625 0.42421875 0.05859375 0.09609375
0 0.4859375 0.409375 0.0671875 0.046875
1 0.553125 0.40390625 0.0125 0.05
1 0.559375 0.4375 0.01484375 0.0734375
0 0.959375 0.39140625 0.08125 0.053125
0 0.7984375 0.41953125 0.0953125 0.0625
0 0.8609375 0.50234375 0.278125 0.203125
3 0.925 0.209375 0.0390625 0.04296875
3 0.5390625 0.3046875 0.021875 0.01796875
3 0.54609375 0.28828125 0.0125 0.0109375
3 0.5375 0.23984375 0.01953125 0.053125
3 0.45859375 0.259375 0.040625 0.0125
3 0.45390625 0.35703125 0.0109375 0.0265625
3 0.878125 0.19921875 0.05234375 0.0375
2 0.0828125 0.17265625 0.0125 0.0625