0 0.0734375 0.5578125 0.146875 0.15703125
0 0.9734375 0.54609375 0.05 0.15703125
0 0.9140625 0.496875 0.1703125 0.1765625
0 0.5 0.46875 0.0484375 0.065625
0 0.54609375 0.45 0.025 0.0375
0 0.6046875 0.44765625 0.01640625 0.025
0 0.37109375 0.48046875 0.0546875 0.0625
0 0.1953125 0.50859375 0.12421875 0.1140625
0 0.2921875 0.503125 0.06953125 0.08359375
0 0.4015625 0.47109375 0.0328125 0.065625
0 0.4234375 0.4765625 0.025 0.04453125
0 0.4359375 0.47265625 0.025 0.0359375
0 0.45 0.465625 0.02890625 0.04609375
0 0.4703125 0.4671875 0.0171875 0.03203125
0 0.640625 0.45390625 0.01015625 0.028125
0 0.653125 0.44765625 0.01796875 0.0515625
0 0.6421875 0.45390625 0.01171875 0.028125
0 0.63828125 0.44765625 0.0140625 0.03046875
0 0.6265625 0.446875 0.01171875 0.02890625
0 0.62265625 0.44765625 0.0109375 0.01796875
0 0.584375 0.43984375 0.00859375 0.01640625
0 0.5921875 0.44140625 0.00625 0.015625
0 0.59453125 0.440625 0.003125 0.015625
3 0.30625 0.37109375 0.015625 0.0109375
2 0.1859375 0.43125 0.01484375 0.015625