0 0.459375 0.47734375 0.0296875 0.078125
0 0.496875 0.490625 0.0765625 0.13359375
0 0.5203125 0.51484375 0.06171875 0.11953125
0 0.59375 0.53046875 0.1421875 0.20859375
0 0.3875 0.48203125 0.0140625 0.0484375
0 0.3890625 0.51015625 0.01328125 0.034375
0 0.3703125 0.49765625 0.0140625 0.0515625
0 0.34375 0.48515625 0.03671875 0.075
0 0.34375 0.49375 0.034375 0.05859375
0 0.315625 0.49375 0.0359375 0.078125
0 0.09296875 0.5515625 0.1859375 0.3484375
0 0.7953125 0.6046875 0.38828125 0.3515625
0 0.25 0.4890625 0.11484375 0.159375