2 0.2625 0.18828125 0.01328125 0.065625
2 0.28359375 0.1859375 0.01640625 0.07109375
2 0.2546875 0.19140625 0.01328125 0.059375
2 0.56328125 0.0265625 0.0265625 0.053125
2 0.59921875 0.02578125 0.021875 0.0515625
2 0.58125 0.02578125 0.01875 0.0515625
2 0.86796875 0.378125 0.01875 0.025
2 0.8515625 0.38046875 0.015625 0.02890625
2 0.1859375 0.42734375 0.025 0.02890625
3 0.17109375 0.3625 0.01875 0.01953125
3 0.146875 0.3546875 0.0265625 0.02109375
3 0.3578125 0.3703125 0.01328125 0.02109375
3 0.34453125 0.40703125 0.01171875 0.0109375
0 0.6359375 0.51328125 0.02734375 0.07890625
0 0.28984375 0.5015625 0.03671875 0.04296875
0 0.4640625 0.4953125 0.00859375 0.02109375
0 0.453125 0.5015625 0.02265625 0.03359375
0 0.4375 0.5109375 0.0265625 0.040625
0 0.06640625 0.5390625 0.1328125 0.13359375
1 0.02109375 0.5703125 0.03984375 0.2
0 0.33671875 0.50390625 0.04453125 0.05546875
0 0.40703125 0.51484375 0.05390625 0.06796875
0 0.54609375 0.5203125 0.1796875 0.23203125
1 0.97734375 0.5015625 0.0453125 0.215625
1 0.796875 0.49453125 0.03125 0.165625
3 0.03125 0.365625 0.02890625 0.059375
3 0.0359375 0.4171875 0.025 0.04296875