2 0.6171875 0.309375 0.00625 0.01953125
2 0.878125 0.25703125 0.00625 0.025
2 0.8703125 0.25390625 0.00390625 0.0390625
2 0.8734375 0.290625 0.00859375 0.01640625
2 0.74140625 0.334375 0.0109375 0.028125
2 0.6640625 0.33125 0.009375 0.01640625
2 0.590625 0.353125 0.01171875 0.01953125
2 0.5515625 0.303125 0.00703125 0.0234375
2 0.55390625 0.325 0.009375 0.02890625
2 0.503125 0.36640625 0.01171875 0.01953125
2 0.5390625 0.33125 0.00625 0.02109375
2 0.5203125 0.3609375 0.009375 0.02109375
3 0.82265625 0.12421875 0.02421875 0.0515625
3 0.80625 0.16015625 0.02265625 0.02109375
3 0.8296875 0.165625 0.01171875 0.015625
3 0.890625 0.253125 0.009375 0.01953125
3 0.60234375 0.31171875 0.00625 0.01640625
3 0.553125 0.353125 0.0109375 0.02109375
3 0.57890625 0.3328125 0.01953125 0.0109375
0 0.3125 0.440625 0.109375 0.11953125
0 0.2046875 0.45703125 0.1078125 0.1109375
0 0.084375 0.46015625 0.09375 0.1265625
0 0.00703125 0.48046875 0.0140625 0.084375
0 0.6328125 0.425 0.1390625 0.140625
0 0.64921875 0.43671875 0.140625 0.14296875
0 0.6546875 0.4484375 0.04921875 0.11953125
0 0.79609375 0.45703125 0.31171875 0.25546875
0 0.928125 0.471875 0.14375 0.29453125