3 0.25703125 0.46796875 0.0265625 0.0140625
3 0.54140625 0.4828125 0.0125 0.0125
3 0.5453125 0.453125 0.00546875 0.02890625
3 0.54296875 0.43203125 0.01953125 0.009375
3 0.634375 0.4046875 0.01328125 0.0265625
3 0.30625 0.49921875 0.01484375 0.00703125
3 0.2984375 0.4890625 0.01484375 0.009375
2 0.40078125 0.45625 0.00546875 0.0234375
2 0.4875 0.43984375 0.0078125 0.0265625
2 0.384375 0.534375 0.00546875 0.01953125
2 0.553125 0.5234375 0.01171875 0.0140625
2 0.2953125 0.5296875 0.01484375 0.015625
2 0.58828125 0.41015625 0.0109375 0.02890625
2 0.4828125 0.44140625 0.0046875 0.0265625
0 0.4421875 0.57578125 0.02109375 0.034375
0 0.4703125 0.571875 0.04609375 0.0609375
0 0.5140625 0.58046875 0.071875 0.0859375
0 0.396875 0.578125 0.03828125 0.0484375
0 0.628125 0.621875 0.20390625 0.21953125
0 0.2453125 0.590625 0.0984375 0.13359375
1 0.16796875 0.57578125 0.028125 0.10390625
1 0.175 0.56953125 0.0234375 0.10546875
1 0.3609375 0.57421875 0.015625 0.065625
0 0.8390625 0.5828125 0.03671875 0.134375
1 0.2 0.56015625 0.01640625 0.05