3 0.678125 0.3078125 0.0234375 0.04296875
3 0.665625 0.34609375 0.01640625 0.02109375
3 0.6875 0.353125 0.0234375 0.034375
3 0.30390625 0.42734375 0.0234375 0.01640625
3 0.3234375 0.4125 0.0078125 0.01640625
3 0.38125 0.45 0.01015625 0.01640625
1 0.5890625 0.5421875 0.01875 0.06796875
1 0.60390625 0.546875 0.01953125 0.059375
0 0.5140625 0.52109375 0.01640625 0.025
0 0.5015625 0.525 0.02109375 0.04140625
0 0.49375 0.54140625 0.021875 0.06640625
0 0.5453125 0.53515625 0.0421875 0.075
0 0.790625 0.47734375 0.0640625 0.0625
0 0.8015625 0.5046875 0.03828125 0.0515625
0 0.5578125 0.55390625 0.04921875 0.06640625
0 0.453125 0.553125 0.08359375 0.1265625