0 0.2109375 0.60703125 0.23046875 0.2875
0 0.3765625 0.546875 0.0921875 0.15546875
0 0.48203125 0.5640625 0.06171875 0.090625
0 0.8421875 0.73828125 0.31484375 0.48046875
0 0.7953125 0.5265625 0.07890625 0.07109375
0 0.678125 0.52734375 0.115625 0.059375
0 0.640625 0.515625 0.071875 0.0484375
0 0.6109375 0.528125 0.03671875 0.040625
0 0.5875 0.53046875 0.01328125 0.028125
0 0.925 0.496875 0.08359375 0.03203125
0 0.3203125 0.521875 0.04453125 0.08359375
3 0.2140625 0.3640625 0.03125 0.02109375
3 0.19765625 0.3109375 0.0265625 0.01953125
3 0.846875 0.14375 0.071875 0.053125
3 0.85 0.08984375 0.046875 0.06796875
3 0.8765625 0.01484375 0.071875 0.02890625
2 0.40078125 0.10546875 0.01640625 0.0875
2 0.3375 0.2171875 0.01171875 0.05703125
2 0.359375 0.21875 0.0140625 0.05546875
2 0.4125 0.1203125 0.0140625 0.07890625
2 0.1921875 0.4390625 0.02265625 0.03203125
3 0.46171875 0.48046875 0.009375 0.025
3 0.55625 0.40703125 0.0265625 0.015625
2 0.571875 0.45234375 0.0203125 0.028125
2 0.815625 0.359375 0.01875 0.0640625
2 0.871875 0.35625 0.0421875 0.0609375
0 0.4546875 0.5578125 0.01953125 0.0625
0 0.4484375 0.5515625 0.0296875 0.05859375
0 0.4328125 0.5515625 0.0203125 0.040625
0 0.43125 0.54609375 0.02265625 0.0359375