2 0.30546875 0.64609375 0.00703125 0.01953125
2 0.2765625 0.66953125 0.00703125 0.0140625
0 0.303125 0.690625 0.0171875 0.0234375
0 0.29140625 0.70234375 0.02109375 0.03046875
0 0.271875 0.7046875 0.01484375 0.0265625
0 0.2578125 0.7078125 0.01875 0.0375
0 0.2359375 0.715625 0.0265625 0.0515625
0 0.20859375 0.71328125 0.03125 0.0609375
0 0.190625 0.7265625 0.04765625 0.07890625
0 0.14609375 0.7359375 0.0546875 0.0984375
0 0.0828125 0.73984375 0.10078125 0.13359375
0 0.0484375 0.75859375 0.0859375 0.109375
0 0.04453125 0.77265625 0.05390625 0.12109375
0 0.01953125 0.7609375 0.0390625 0.1734375
0 0.3421875 0.70234375 0.01171875 0.028125
0 0.353125 0.7078125 0.015625 0.034375
0 0.3625 0.7125 0.02109375 0.0625
0 0.3765625 0.71484375 0.02421875 0.06953125
0 0.39375 0.725 0.0390625 0.08359375
0 0.3953125 0.73203125 0.025 0.08359375
0 0.42421875 0.72265625 0.05625 0.10390625
0 0.4421875 0.740625 0.06171875 0.12109375
0 0.5015625 0.75 0.13515625 0.17890625
0 0.6515625 0.82421875 0.27109375 0.265625
0 0.88125 0.834375 0.23671875 0.32890625
3 0.5390625 0.571875 0.01875 0.028125