2 0.31875 0.384375 0.00703125 0.02109375
2 0.4609375 0.4 0.00625 0.025
2 0.05 0.40546875 0.0078125 0.0234375
2 0.059375 0.3515625 0.01015625 0.028125
3 0.57578125 0.44375 0.00703125 0.0140625
3 0.1484375 0.36875 0.02421875 0.0484375
1 0.484375 0.475 0.0078125 0.03046875
0 0.23125 0.44765625 0.0109375 0.02109375
0 0.39453125 0.44375 0.01171875 0.01796875
0 0.40234375 0.4578125 0.01171875 0.01640625
0 0.43359375 0.45859375 0.0140625 0.0140625
0 0.4609375 0.48359375 0.02265625 0.0390625
0 0.4390625 0.49765625 0.02890625 0.071875
0 0.3859375 0.48203125 0.02109375 0.0375
0 0.53046875 0.496875 0.04375 0.0484375
0 0.125 0.44921875 0.01796875 0.0140625
0 0.0484375 0.465625 0.07265625 0.07109375
0 0.35234375 0.478125 0.04375 0.078125
0 0.41640625 0.5046875 0.06796875 0.1109375
0 0.74765625 0.57265625 0.12109375 0.1