3 0.80390625 0.253125 0.028125 0.034375
0 0.35625 0.496875 0.12109375 0.1640625
0 0.721875 0.528125 0.171875 0.175
0 0.078125 0.496875 0.01953125 0.040625
0 0.8375 0.42421875 0.05 0.0484375
0 0.89140625 0.4203125 0.05546875 0.05703125
0 0.7390625 0.4265625 0.07890625 0.04140625
0 0.6984375 0.42890625 0.0328125 0.02890625
0 0.675 0.440625 0.02109375 0.02890625
0 0.646875 0.44140625 0.025 0.0375
0 0.52265625 0.44453125 0.01328125 0.021875
2 0.496875 0.37109375 0.00546875 0.01640625
0 0.42734375 0.453125 0.01640625 0.02890625
0 0.471875 0.446875 0.0109375 0.0140625
2 0.36015625 0.384375 0.00703125 0.0265625
2 0.49453125 0.40546875 0.00703125 0.01640625
0 0.28125 0.4921875 0.0234375 0.0625
0 0.2796875 0.46171875 0.02265625 0.07109375