3 0.8625 0.64375 0.08046875 0.06796875
3 0.80625 0.64921875 0.021875 0.0359375
3 0.4546875 0.665625 0.00859375 0.025
0 0.3296875 0.71640625 0.0078125 0.0140625
0 0.2296875 0.7125 0.01328125 0.0125
0 0.196875 0.70859375 0.009375 0.02109375
0 0.090625 0.7046875 0.02890625 0.028125
0 0.1296875 0.70859375 0.0375 0.034375
0 0.17890625 0.70859375 0.01796875 0.02109375
0 0.2734375 0.7140625 0.009375 0.0140625
0 0.290625 0.71484375 0.009375 0.0125
0 0.3046875 0.71484375 0.00859375 0.0125
0 0.3515625 0.7140625 0.01484375 0.021875