3 0.2890625 0.425 0.01640625 0.02890625
3 0.3203125 0.42734375 0.0453125 0.02890625
3 0.3171875 0.3796875 0.0328125 0.04296875
3 0.3703125 0.37890625 0.046875 0.040625
3 0.43984375 0.36484375 0.05078125 0.0375
3 0.4875 0.36484375 0.0453125 0.04296875
3 0.43984375 0.40859375 0.02265625 0.021875
3 0.415625 0.40546875 0.025 0.0265625
3 0.528125 0.39453125 0.01796875 0.01796875
3 0.5796875 0.39453125 0.0078125 0.021875
0 0.3703125 0.45234375 0.0265625 0.02890625
0 0.4078125 0.44140625 0.0125 0.0265625
0 0.31640625 0.4875 0.05703125 0.0734375
0 0.3859375 0.46640625 0.0453125 0.0625
0 0.41875 0.44921875 0.028125 0.046875
0 0.50625 0.465625 0.078125 0.1015625
0 0.22890625 0.53984375 0.13359375 0.1640625
0 0.6 0.415625 0.04453125 0.07109375