0 0.03125 0.61953125 0.0625 0.56796875
0 0.25234375 0.53671875 0.01640625 0.0359375
0 0.3015625 0.5546875 0.0984375 0.1234375
0 0.36875 0.5484375 0.06015625 0.0875
0 0.4015625 0.54453125 0.01796875 0.0609375
0 0.41875 0.54453125 0.015625 0.0484375
0 0.4328125 0.5375 0.01171875 0.02890625
0 0.44921875 0.546875 0.040625 0.065625
0 0.4796875 0.54609375 0.0265625 0.0515625
0 0.5 0.53203125 0.01171875 0.01953125
0 0.5109375 0.534375 0.01171875 0.02109375
0 0.5296875 0.5328125 0.01171875 0.01640625
0 0.5203125 0.5296875 0.00625 0.0234375
0 0.54375 0.5328125 0.0109375 0.01640625
0 0.56171875 0.534375 0.021875 0.015625
3 0.5453125 0.48984375 0.0296875 0.053125