2 0.2453125 0.3375 0.0125 0.02109375
2 0.30078125 0.38046875 0.0078125 0.015625
2 0.4078125 0.3234375 0.00703125 0.0375
2 0.30546875 0.4 0.0046875 0.0125
2 0.3484375 0.38828125 0.00703125 0.00859375
2 0.3484375 0.40234375 0.00625 0.0109375
2 0.39921875 0.32734375 0.00625 0.03359375
3 0.24375 0.35390625 0.01484375 0.009375
3 0.5265625 0.3234375 0.0203125 0.015625
3 0.53125 0.35390625 0.0171875 0.01796875
3 0.528125 0.3640625 0.01015625 0.0125
3 0.46875 0.37578125 0.01484375 0.0109375
3 0.43671875 0.4 0.0109375 0.02109375
3 0.28125 0.3890625 0.009375 0.015625
0 0.303125 0.43515625 0.02421875 0.0359375
0 0.4328125 0.45078125 0.03984375 0.05
0 0.371875 0.43515625 0.0125 0.01953125
0 0.2046875 0.4234375 0.01640625 0.02109375
0 0.3625 0.43046875 0.009375 0.01796875
0 0.3515625 0.43125 0.01484375 0.0109375
0 0.5 0.465625 0.053125 0.078125
0 0.5453125 0.47890625 0.071875 0.09296875
0 0.621875 0.48828125 0.1171875 0.128125
0 0.7375 0.53515625 0.1875 0.1515625
0 0.90625 0.6125 0.1875 0.246875
0 0.03125 0.4265625 0.0390625 0.04609375
0 0.0546875 0.41875 0.02890625 0.04140625
0 0.078125 0.41875 0.025 0.0390625
0 0.0984375 0.4203125 0.0234375 0.03046875
0 0.1109375 0.41953125 0.03203125 0.040625
0 0.3328125 0.42421875 0.01015625 0.01640625
3 0.7078125 0.346875 0.02109375 0.0625