0 0.034375 0.57578125 0.0171875 0.02890625
0 0.05625 0.575 0.02578125 0.03046875
0 0.078125 0.578125 0.01796875 0.03046875
0 0.09765625 0.57890625 0.02109375 0.03203125
0 0.12109375 0.58125 0.02421875 0.03046875
0 0.140625 0.5828125 0.0125 0.03203125
0 0.190625 0.58125 0.0140625 0.0375
0 0.20078125 0.578125 0.009375 0.028125
0 0.21953125 0.57890625 0.028125 0.05
0 0.2453125 0.5828125 0.02109375 0.04296875
0 0.3734375 0.571875 0.04375 0.0890625
0 0.38203125 0.5875 0.03515625 0.08046875
0 0.4515625 0.57734375 0.1140625 0.1484375
0 0.51875 0.60078125 0.11171875 0.1484375
0 0.0171875 0.5984375 0.03125 0.06796875
0 0.165625 0.5765625 0.0453125 0.05390625
0 0.303125 0.59765625 0.1140625 0.1890625
0 0.6703125 0.6390625 0.275 0.221875
0 0.94453125 0.73515625 0.109375 0.2890625
2 0.0109375 0.509375 0.0078125 0.0234375
3 0.08359375 0.5390625 0.00859375 0.01640625
3 0.475 0.28671875 0.02890625 0.04609375
3 0.478125 0.3265625 0.0203125 0.028125
3 0.478125 0.403125 0.021875 0.0125
3 0.484375 0.428125 0.0140625 0.02109375