2 0.49375 0.51953125 0.01171875 0.04140625
2 0.4640625 0.57109375 0.00703125 0.028125
2 0.36171875 0.5109375 0.00859375 0.028125
2 0.35234375 0.515625 0.0109375 0.03359375
2 0.396875 0.47734375 0.009375 0.028125
2 0.0265625 0.43671875 0.0140625 0.04140625
2 0.33203125 0.5484375 0.00625 0.028125
2 0.5078125 0.5765625 0.0125 0.02109375
2 0.475 0.4828125 0.0109375 0.0390625
2 0.09296875 0.44921875 0.0125 0.04296875
2 0.459375 0.596875 0.00859375 0.015625
2 0.47734375 0.60625 0.00703125 0.015625
2 0.415625 0.60546875 0.00546875 0.015625
2 0.43828125 0.60703125 0.00546875 0.01640625
3 0.4703125 0.54765625 0.0109375 0.0265625
3 0.5453125 0.5640625 0.04609375 0.05390625
3 0.31875 0.59609375 0.01171875 0.025
1 0.4953125 0.63515625 0.00859375 0.0359375
1 0.4875 0.63828125 0.00546875 0.021875
1 0.4796875 0.64296875 0.00625 0.025
0 0.359375 0.665625 0.0609375 0.1375
0 0.4125 0.71953125 0.1484375 0.215625
0 0.171875 0.7234375 0.34296875 0.54453125