0 0.603125 0.60546875 0.0203125 0.0359375
0 0.62578125 0.62265625 0.04375 0.09609375
0 0.7 0.653125 0.159375 0.19296875
0 0.8109375 0.57109375 0.13984375 0.078125
0 0.421875 0.625 0.046875 0.059375
0 0.325 0.62734375 0.02421875 0.0515625
0 0.26796875 0.66796875 0.08984375 0.12109375
0 0.1484375 0.671875 0.16171875 0.19453125
0 0.3703125 0.640625 0.0953125 0.1265625
0 0.0421875 0.709375 0.084375 0.221875
0 0.85078125 0.74453125 0.296875 0.334375
0 0.4984375 0.65546875 0.10859375 0.1484375
2 0.58671875 0.5515625 0.009375 0.0265625
2 0.5453125 0.55546875 0.01015625 0.0265625
3 0.28125 0.5140625 0.02734375 0.065625
3 0.6625 0.53046875 0.0140625 0.02890625
3 0.0625 0.1453125 0.03984375 0.16640625
3 0.05 0.3484375 0.02578125 0.121875
3 0.28203125 0.4453125 0.02578125 0.04140625