0 0.45234375 0.5328125 0.0296875 0.0515625
0 0.365625 0.5359375 0.10625 0.16796875
0 0.4203125 0.5625 0.02265625 0.071875
0 0.33515625 0.57890625 0.09609375 0.16796875
0 0.21328125 0.6015625 0.23203125 0.275
0 0.60234375 0.55859375 0.0359375 0.06796875
0 0.6578125 0.56484375 0.065625 0.103125
0 0.746875 0.59453125 0.12265625 0.12890625
0 0.103125 0.6265625 0.20625 0.509375
0 0.93828125 0.6203125 0.1234375 0.171875
0 0.5140625 0.565625 0.11796875 0.209375
2 0.5046875 0.43671875 0.021875 0.04296875
2 0.6359375 0.434375 0.02265625 0.0390625
2 0.6609375 0.503125 0.01875 0.04296875
0 0.965625 0.76640625 0.06796875 0.3265625