0 0.03359375 0.5421875 0.0671875 0.2765625
0 0.1953125 0.428125 0.1859375 0.209375
0 0.2796875 0.43046875 0.03671875 0.12109375
0 0.3421875 0.4109375 0.0421875 0.05859375
0 0.36328125 0.39765625 0.0234375 0.04609375
0 0.3765625 0.390625 0.01875 0.04140625
0 0.3875 0.3859375 0.0125 0.03203125
0 0.7859375 0.4625 0.13359375 0.13046875
0 0.9015625 0.48359375 0.19453125 0.190625
0 0.415625 0.38671875 0.01875 0.02890625
0 0.4921875 0.39921875 0.02578125 0.03359375
2 0.78671875 0.3375 0.0234375 0.0359375
2 0.2734375 0.33125 0.01875 0.0234375
2 0.075 0.265625 0.01328125 0.02890625
2 0.084375 0.1234375 0.01328125 0.021875
2 0.3984375 0.228125 0.0078125 0.04609375
2 0.5140625 0.253125 0.009375 0.03359375
2 0.409375 0.346875 0.0109375 0.01640625
2 0.4546875 0.34609375 0.0109375 0.0140625
2 0.64765625 0.3640625 0.01484375 0.01640625
1 0.64375 0.425 0.0125 0.08046875
1 0.65625 0.41875 0.0109375 0.08203125
1 0.628125 0.4203125 0.0125 0.065625
0 0.3953125 0.38125 0.0109375 0.0265625
0 0.4484375 0.39609375 0.01328125 0.0140625
0 0.43671875 0.38984375 0.0125 0.01640625
2 0.4078125 0.22890625 0.0078125 0.04140625
3 0.2890625 0.22578125 0.0109375 0.0390625
3 0.2796875 0.26796875 0.0203125 0.00703125
3 0.2859375 0.284375 0.021875 0.0140625
3 0.1875 0.20625 0.01875 0.053125
3 0.775 0.2953125 0.02734375 0.01640625
3 0.7828125 0.265625 0.01796875 0.0125
3 0.7765625 0.24375 0.01328125 0.0125
3 0.296875 0.16171875 0.0109375 0.0265625
3 0.51796875 0.20625 0.009375 0.0234375