0 0.196875 0.60625 0.11328125 0.1140625
0 0.315625 0.58125 0.046875 0.05703125
0 0.33984375 0.5625 0.03984375 0.05859375
0 0.36796875 0.56796875 0.01796875 0.03046875
0 0.37890625 0.56328125 0.01640625 0.02890625
0 0.396875 0.55625 0.0203125 0.02890625
0 0.4109375 0.5484375 0.01484375 0.025
0 0.4234375 0.54765625 0.01171875 0.01640625
0 0.434375 0.5484375 0.0109375 0.0140625
0 0.55 0.540625 0.04453125 0.0390625
0 0.50234375 0.54140625 0.01875 0.02890625
0 0.4625 0.5453125 0.01015625 0.0140625
0 0.48203125 0.540625 0.0109375 0.02109375
0 0.471875 0.54375 0.00703125 0.025
0 0.6125 0.52578125 0.03203125 0.02109375
0 0.58359375 0.528125 0.025 0.0234375
2 0.0640625 0.47890625 0.025 0.05
2 0.6140625 0.15 0.0234375 0.096875
2 0.5890625 0.15 0.0203125 0.1
2 0.6328125 0.153125 0.01484375 0.0859375
3 0.7890625 0.31953125 0.025 0.0265625