2 0.35390625 0.703125 0.003125 0.0140625
2 0.37890625 0.6984375 0.0046875 0.0140625
3 0.4625 0.67734375 0.0140625 0.02890625
3 0.6078125 0.6109375 0.03125 0.06640625
0 0.3890625 0.728125 0.05625 0.0515625
0 0.33515625 0.73046875 0.01796875 0.02109375
0 0.309375 0.73046875 0.01875 0.02109375
0 0.278125 0.7359375 0.028125 0.03203125
0 0.25625 0.7421875 0.0140625 0.04140625
0 0.2359375 0.74921875 0.02734375 0.05546875
0 0.1796875 0.7625 0.07578125 0.0859375
0 0.1296875 0.76796875 0.02890625 0.046875
0 0.04765625 0.8046875 0.0953125 0.16953125
0 0.425 0.72734375 0.01875 0.05703125
0 0.440625 0.728125 0.0234375 0.0484375
0 0.45703125 0.728125 0.040625 0.0734375
0 0.484375 0.73125 0.0484375 0.09140625
0 0.53828125 0.74296875 0.1015625 0.13203125
0 0.634375 0.721875 0.1 0.096875
0 0.846875 0.78671875 0.30625 0.4234375