2 0.428125 0.45859375 0.0078125 0.03046875
2 0.54375 0.528125 0.0109375 0.03359375
2 0.9015625 0.3421875 0.0328125 0.10859375
2 0.065625 0.53359375 0.01171875 0.040625
2 0.36875 0.453125 0.0078125 0.03359375
2 0.1515625 0.4890625 0.0078125 0.034375
2 0.86875 0.35703125 0.0234375 0.103125
2 0.8765625 0.4578125 0.01171875 0.04140625
2 0.5765625 0.528125 0.0078125 0.028125
2 0.9765625 0.4015625 0.015625 0.0375
2 0.9890625 0.284375 0.02109375 0.065625
3 0.93828125 0.33203125 0.03828125 0.03046875
3 0.7765625 0.51953125 0.02890625 0.03046875
3 0.8546875 0.5921875 0.0484375 0.040625
3 0.8984375 0.5109375 0.01328125 0.028125
3 0.921875 0.5546875 0.00625 0.02109375
3 0.98125 0.459375 0.0359375 0.07890625
0 0.17421875 0.59921875 0.01328125 0.0265625
0 0.190625 0.59765625 0.01484375 0.0234375
0 0.21953125 0.59609375 0.009375 0.01953125
0 0.23125 0.59609375 0.01328125 0.01953125
0 0.246875 0.59609375 0.015625 0.01953125
0 0.36796875 0.60390625 0.03203125 0.09140625
0 0.43046875 0.609375 0.009375 0.0515625
0 0.76875 0.596875 0.08203125 0.071875
0 0.94375 0.56640625 0.02734375 0.0265625
0 0.971875 0.559375 0.0234375 0.05390625
0 0.3109375 0.63203125 0.12109375 0.1609375
0 0.68984375 0.62734375 0.1078125 0.1390625
0 0.0859375 0.7765625 0.171875 0.44375
1 0.15 0.615625 0.009375 0.040625
3 0.38125 0.45234375 0.01171875 0.0234375
3 0.64609375 0.44296875 0.0265625 0.040625
3 0.8140625 0.503125 0.03515625 0.0234375