0 0.3171875 0.496875 0.0171875 0.01796875
0 0.30625 0.51171875 0.01171875 0.0390625
0 0.30078125 0.515625 0.01171875 0.04140625
0 0.29140625 0.5203125 0.009375 0.05546875
0 0.3265625 0.5203125 0.02890625 0.065625
0 0.590625 0.56484375 0.15546875 0.21953125
0 0.221875 0.56875 0.1125 0.153125
0 0.80078125 0.62890625 0.396875 0.4359375
1 0.0859375 0.53359375 0.00859375 0.0359375
1 0.4625 0.4859375 0.01328125 0.0390625
1 0.6578125 0.42890625 0.034375 0.084375
1 0.9453125 0.396875 0.059375 0.0859375
1 0.896875 0.39140625 0.0203125 0.0484375
1 0.50078125 0.484375 0.01328125 0.0484375
2 0.2890625 0.38515625 0.009375 0.0390625
2 0.3328125 0.328125 0.01171875 0.046875
1 0.07265625 0.54453125 0.01640625 0.0625
1 0.028125 0.5421875 0.01015625 0.0609375
1 0.01875 0.53046875 0.00859375 0.05
1 0.009375 0.54453125 0.009375 0.0625
0 0.36484375 0.528125 0.0625 0.10390625