0 0.01171875 0.59140625 0.01328125 0.028125
0 0.30078125 0.58046875 0.01328125 0.025
0 0.3609375 0.56875 0.0171875 0.01640625
0 0.3453125 0.56875 0.01015625 0.0140625
0 0.41015625 0.565625 0.01328125 0.01796875
0 0.4359375 0.565625 0.0046875 0.01796875
0 0.07421875 0.60390625 0.07265625 0.07109375
0 0.1453125 0.6046875 0.0640625 0.059375
0 0.2 0.58828125 0.04453125 0.046875
0 0.2671875 0.5828125 0.025 0.0234375
0 0.3234375 0.5953125 0.0484375 0.05546875
0 0.38515625 0.5703125 0.02421875 0.03203125
0 0.425 0.565625 0.015625 0.0234375
0 0.328125 0.56484375 0.0203125 0.0109375
3 0.309375 0.48671875 0.03203125 0.03203125
3 0.4171875 0.47734375 0.03515625 0.03359375
3 0.51953125 0.4796875 0.021875 0.0359375
3 0.5515625 0.503125 0.01875 0.0359375
3 0.4828125 0.528125 0.009375 0.01640625
1 0.825 0.55 0.02890625 0.08359375
1 0.65625 0.54453125 0.01328125 0.03046875
3 0.51953125 0.52421875 0.01875 0.0484375