2 0.2421875 0.334375 0.0078125 0.0234375
2 0.31875 0.3421875 0.0078125 0.02109375
3 0.36875 0.36484375 0.01953125 0.028125
3 0.5296875 0.303125 0.02890625 0.08046875
0 0.2390625 0.3875 0.01484375 0.01953125
0 0.2296875 0.39609375 0.01953125 0.02109375
0 0.22734375 0.4078125 0.01953125 0.0265625
0 0.3125 0.39296875 0.01328125 0.0265625
0 0.3046875 0.390625 0.01328125 0.02109375
0 0.2921875 0.39609375 0.01328125 0.02109375
0 0.309375 0.415625 0.015625 0.04140625
0 0.3 0.421875 0.0171875 0.04453125
0 0.371875 0.3890625 0.015625 0.03046875
0 0.3421875 0.428125 0.0671875 0.115625
0 0.56953125 0.41796875 0.0421875 0.0609375
0 0.66640625 0.403125 0.02734375 0.0265625
0 0.721875 0.4328125 0.175 0.09296875
0 0.86796875 0.47421875 0.2640625 0.196875
0 0.103125 0.4546875 0.20546875 0.33046875
0 0.4296875 0.4765625 0.1671875 0.2515625
3 0.59375 0.26015625 0.0484375 0.028125
0 0.2671875 0.4203125 0.0609375 0.090625