3 0.5203125 0.234375 0.0171875 0.0390625
3 0.609375 0.21328125 0.0171875 0.015625
3 0.6046875 0.23515625 0.0109375 0.01640625
3 0.2921875 0.22890625 0.01015625 0.01796875
0 0.41875 0.28984375 0.0140625 0.025
0 0.40078125 0.296875 0.015625 0.0234375
0 0.396875 0.3046875 0.01171875 0.028125
0 0.3859375 0.30703125 0.0140625 0.04140625
0 0.37265625 0.3109375 0.01875 0.05546875
0 0.3546875 0.3203125 0.04296875 0.08359375
0 0.3203125 0.33203125 0.059375 0.121875
0 0.2875 0.35703125 0.0953125 0.1234375
0 0.1265625 0.39375 0.253125 0.3640625
0 0.4359375 0.30234375 0.01015625 0.01640625
0 0.44140625 0.303125 0.00703125 0.01796875
0 0.446875 0.30234375 0.0125 0.021875
0 0.4609375 0.30546875 0.0234375 0.034375
0 0.48828125 0.31484375 0.03671875 0.05546875
0 0.5578125 0.32421875 0.07890625 0.1234375
0 0.5875 0.34453125 0.07421875 0.115625
0 0.6953125 0.34765625 0.19296875 0.23359375
0 0.86875 0.4078125 0.26015625 0.4484375