3 0.671875 0.06015625 0.02421875 0.0640625
3 0.60625 0.13515625 0.0359375 0.071875
3 0.525 0.26171875 0.0171875 0.0375
3 0.6484375 0.0578125 0.01875 0.0375
3 0.6578125 0.01328125 0.02421875 0.0265625
0 0.4859375 0.278125 0.02109375 0.015625
0 0.46484375 0.29453125 0.02734375 0.03046875
0 0.31796875 0.31796875 0.025 0.05
0 0.203125 0.34609375 0.05078125 0.05390625
0 0.3703125 0.3140625 0.07421875 0.096875
0 0.2671875 0.32890625 0.08671875 0.0984375
0 0.10078125 0.37265625 0.2015625 0.26640625
1 0.6765625 0.25 0.01484375 0.03359375