0 0.04375 0.540625 0.08671875 0.128125
0 0.09609375 0.51484375 0.08203125 0.10703125
0 0.14140625 0.496875 0.0296875 0.0515625
0 0.2578125 0.47109375 0.01640625 0.02890625
0 0.2515625 0.4796875 0.01796875 0.04140625
0 0.24453125 0.48515625 0.01796875 0.0484375
0 0.38359375 0.478125 0.02578125 0.03359375
0 0.409375 0.49140625 0.0453125 0.05546875
0 0.346875 0.471875 0.01328125 0.021875
0 0.29765625 0.4796875 0.0109375 0.021875
0 0.190625 0.50859375 0.11640625 0.1390625
0 0.2765625 0.490625 0.04765625 0.05859375
0 0.35625 0.47578125 0.0125 0.01953125
0 0.309375 0.47578125 0.015625 0.025
0 0.45078125 0.5125 0.065625 0.0875
2 0.27265625 0.415625 0.00546875 0.0234375
2 0.26875 0.4125 0.00703125 0.0234375
2 0.4625 0.03125 0.01875 0.0625
2 0.43671875 0.03125 0.02734375 0.0625
2 0.79375 0.34765625 0.034375 0.05
3 0.8296875 0.2609375 0.04921875 0.0359375
2 0.43515625 0.41640625 0.00703125 0.01953125
1 0.50546875 0.45859375 0.01328125 0.02890625