3 0.7171875 0.14921875 0.06328125 0.040625
3 0.703125 0.19140625 0.0296875 0.04453125
3 0.721875 0.278125 0.03125 0.109375
2 0.75390625 0.30703125 0.02890625 0.0515625
1 0.896875 0.50078125 0.0515625 0.20390625
1 0.93203125 0.49375 0.03828125 0.19296875
2 0.11953125 0.3859375 0.01015625 0.021875
2 0.3828125 0.421875 0.00703125 0.01640625
0 0.3515625 0.459375 0.00859375 0.015625
0 0.36484375 0.46015625 0.021875 0.0390625
0 0.4234375 0.4734375 0.021875 0.04140625
0 0.3734375 0.4765625 0.01171875 0.0515625
0 0.4546875 0.4765625 0.04765625 0.084375
0 0.484375 0.503125 0.06484375 0.103125
0 0.3140625 0.48125 0.0484375 0.09609375
0 0.53203125 0.5328125 0.11015625 0.1390625
0 0.24375 0.50625 0.13984375 0.18203125
0 0.00390625 0.615625 0.0078125 0.1359375
3 0.096875 0.3859375 0.021875 0.015625
3 0.7390625 0.11875 0.0484375 0.0390625