1 0.79453125 0.496875 0.0484375 0.1265625
1 0.753125 0.5 0.04609375 0.11953125
1 0.553125 0.45390625 0.02109375 0.096875
3 0.328125 0.42734375 0.0109375 0.01953125
2 0.2953125 0.22109375 0.01484375 0.0609375
2 0.5046875 0.3875 0.0125 0.01953125
2 0.5046875 0.3453125 0.015625 0.0625
2 0.8953125 0.09765625 0.0578125 0.1265625
2 0.81875 0.27265625 0.028125 0.07109375
2 0.4765625 0.33125 0.009375 0.034375
0 0.30078125 0.44765625 0.01640625 0.015625
0 0.240625 0.45390625 0.01171875 0.0140625
0 0.2515625 0.4515625 0.0109375 0.00859375
0 0.2265625 0.45390625 0.0171875 0.0140625
0 0.19296875 0.4546875 0.0171875 0.015625
0 0.16328125 0.45703125 0.0203125 0.03359375
0 0.18046875 0.453125 0.01328125 0.01953125
0 0.4578125 0.4359375 0.03125 0.01953125
0 0.4 0.61484375 0.2828125 0.36953125