1 0.0765625 0.45078125 0.153125 0.5984375
0 0.471875 0.5046875 0.39609375 0.54140625
0 0.97578125 0.6328125 0.046875 0.27109375
0 0.90390625 0.43984375 0.1890625 0.25703125
0 0.2109375 0.478125 0.1859375 0.20546875
0 0.678125 0.43984375 0.13046875 0.28203125
0 0.828125 0.4078125 0.14453125 0.1390625
0 0.74375 0.4078125 0.06640625 0.11796875
0 0.1296875 0.4390625 0.07578125 0.06640625
2 0.2671875 0.23984375 0.01796875 0.05390625
3 0.2671875 0.32109375 0.025 0.0625
3 0.221875 0.253125 0.02890625 0.0234375
3 0.22109375 0.27421875 0.03046875 0.01953125
1 0.0109375 0.71171875 0.02109375 0.290625