2 0.5546875 0.40390625 0.0109375 0.0515625
2 0.4109375 0.565625 0.01015625 0.028125
2 0.4953125 0.5609375 0.01015625 0.01796875
2 0.4359375 0.58515625 0.009375 0.0265625
2 0.2 0.35625 0.015625 0.05390625
2 0.73515625 0.54453125 0.0140625 0.03046875
2 0.1796875 0.584375 0.0109375 0.01796875
2 0.1875 0.584375 0.009375 0.01796875
2 0.72265625 0.5453125 0.0109375 0.025
3 0.084375 0.34921875 0.08828125 0.0375
3 0.71171875 0.48984375 0.03125 0.01953125
3 0.63828125 0.54765625 0.0203125 0.040625
3 0.51875 0.5640625 0.015625 0.0125
0 0.38203125 0.63984375 0.025 0.03203125
0 0.49140625 0.6265625 0.01171875 0.0375
0 0.4421875 0.62421875 0.025 0.03046875
0 0.471875 0.625 0.01796875 0.025
0 0.47421875 0.6109375 0.01015625 0.02109375
0 0.3078125 0.67421875 0.1375 0.13359375
0 0.559375 0.69140625 0.16484375 0.23359375
0 0.95546875 0.64296875 0.08671875 0.1140625
0 0.9671875 0.7296875 0.06484375 0.109375