2 0.446875 0.51953125 0.0078125 0.01953125
2 0.2203125 0.51015625 0.0078125 0.0234375
3 0.153125 0.4578125 0.02578125 0.04453125
3 0.025 0.5453125 0.01484375 0.0359375
3 0.18359375 0.51484375 0.02578125 0.01640625
3 0.4640625 0.521875 0.021875 0.0140625
3 0.51953125 0.528125 0.01796875 0.0109375
3 0.4203125 0.55078125 0.01171875 0.0140625
3 0.89921875 0.30625 0.05234375 0.05546875
3 0.921875 0.353125 0.0453125 0.059375
0 0.40078125 0.5890625 0.009375 0.01953125
0 0.41953125 0.58359375 0.0140625 0.0234375
0 0.4421875 0.59609375 0.01328125 0.0234375
0 0.47578125 0.59609375 0.0109375 0.01953125
0 0.4875 0.59140625 0.01796875 0.025
0 0.5015625 0.6015625 0.0359375 0.04453125
0 0.515625 0.60859375 0.02578125 0.040625
0 0.54375 0.60703125 0.05078125 0.0625
0 0.56796875 0.6234375 0.0546875 0.08203125
0 0.6078125 0.6375 0.09375 0.09609375
0 0.7078125 0.659375 0.17265625 0.165625
0 0.2109375 0.59453125 0.01328125 0.03359375
0 0.1234375 0.6 0.025 0.0484375
0 0.0375 0.6125 0.07109375 0.053125
0 0.3875 0.59296875 0.01796875 0.025
0 0.08984375 0.6 0.04921875 0.0484375