2 0.53828125 0.37421875 0.01484375 0.021875
2 0.0578125 0.446875 0.01796875 0.03203125
2 0.06796875 0.334375 0.01640625 0.0515625
2 0.1 0.38671875 0.01484375 0.053125
2 0.0734375 0.384375 0.01484375 0.05859375
2 0.05546875 0.390625 0.01640625 0.0515625
3 0.5265625 0.3734375 0.0203125 0.04140625
3 0.4984375 0.38828125 0.03515625 0.01640625
3 0.4765625 0.45390625 0.01796875 0.021875
3 0.571875 0.43359375 0.01875 0.0140625
3 0.1796875 0.484375 0.01640625 0.0140625
2 0.71640625 0.46875 0.0109375 0.01640625
0 0.01171875 0.5546875 0.021875 0.03359375
0 0.04375 0.5484375 0.0421875 0.04609375
0 0.1078125 0.565625 0.09453125 0.08046875
0 0.2109375 0.56640625 0.08984375 0.06796875
0 0.99296875 0.4640625 0.009375 0.021875
0 0.98125 0.4640625 0.01328125 0.021875
0 0.9625 0.4640625 0.02421875 0.01640625
0 0.909375 0.46875 0.021875 0.0265625
0 0.86484375 0.48046875 0.01796875 0.0265625
0 0.80859375 0.49375 0.02578125 0.02890625
0 0.8875 0.48359375 0.03671875 0.0359375
0 0.8375 0.5046875 0.040625 0.0515625
0 0.7859375 0.5 0.03515625 0.0359375