3 0.1640625 0.10078125 0.03984375 0.0234375
3 0.23359375 0.1296875 0.0125 0.0234375
0 0.2546875 0.275 0.0265625 0.0984375
0 0.4015625 0.290625 0.059375 0.08203125
0 0.5265625 0.26328125 0.028125 0.04140625
0 0.53203125 0.271875 0.015625 0.04453125
0 0.5703125 0.253125 0.028125 0.028125
0 0.55546875 0.2796875 0.05078125 0.07109375
1 0.6390625 0.28359375 0.015625 0.09140625
0 0.63125 0.27265625 0.0671875 0.04296875
3 0.82109375 0.121875 0.02265625 0.02109375
3 0.83125 0.14609375 0.0359375 0.02109375
0 0.9625 0.328125 0.0734375 0.128125