3 0.421875 0.4203125 0.01796875 0.00859375
3 0.42109375 0.4359375 0.034375 0.025
0 0.56015625 0.50703125 0.0765625 0.096875
0 0.35546875 0.48984375 0.02890625 0.03203125
0 0.33125 0.49453125 0.0359375 0.0390625
0 0.4234375 0.50078125 0.02265625 0.0359375
0 0.45 0.503125 0.0328125 0.04140625
0 0.39296875 0.5171875 0.04609375 0.0625
0 0.275 0.5078125 0.0375 0.04140625
0 0.225 0.515625 0.08046875 0.078125
0 0.1640625 0.49765625 0.0515625 0.0765625
0 0.10546875 0.51171875 0.10703125 0.1015625
0 0.075 0.52109375 0.15 0.1421875
0 0.9515625 0.6109375 0.09609375 0.17890625
0 0.30703125 0.4984375 0.046875 0.0484375