2 0.2390625 0.33984375 0.02734375 0.0484375
2 0.371875 0.04453125 0.0234375 0.0890625
2 0.9828125 0.390625 0.02890625 0.053125
2 0.39609375 0.04765625 0.0234375 0.0953125
2 0.35625 0.0453125 0.01875 0.0890625
3 0.7828125 0.390625 0.034375 0.071875
3 0.7 0.43671875 0.015625 0.04296875
3 0.65703125 0.446875 0.01328125 0.03046875
3 0.425 0.3453125 0.021875 0.03203125
3 0.4953125 0.396875 0.0140625 0.009375
3 0.5 0.40546875 0.0171875 0.009375
3 0.646875 0.453125 0.0125 0.01640625
0 0.0234375 0.45703125 0.046875 0.14140625
0 0.62734375 0.496875 0.03125 0.0359375
0 0.65703125 0.5015625 0.034375 0.0640625
0 0.703125 0.484375 0.06015625 0.0265625
0 0.5453125 0.49765625 0.015625 0.046875
0 0.5234375 0.49296875 0.0375 0.06640625
0 0.48359375 0.49296875 0.06015625 0.1
0 0.4640625 0.50625 0.07109375 0.10703125
0 0.57734375 0.51328125 0.0578125 0.090625
0 0.821875 0.54296875 0.35546875 0.23359375