1 0.1421875 0.4828125 0.05390625 0.1984375
1 0.2890625 0.484375 0.01640625 0.07890625
0 0.3578125 0.50546875 0.078125 0.11953125
0 0.61875 0.50703125 0.10625 0.1609375
0 0.4625 0.40625 0.08046875 0.0765625
0 0.5265625 0.4375 0.0359375 0.0140625
2 0.4453125 0.33984375 0.0078125 0.025
2 0.5171875 0.353125 0.0046875 0.0265625
2 0.45546875 0.33671875 0.00625 0.025
3 0.3703125 0.3875 0.02109375 0.025
3 0.38125 0.3515625 0.0125 0.0109375
0 0.46796875 0.621875 0.24921875 0.38046875
0 0.7890625 0.60078125 0.33359375 0.315625