2 0.459375 0.178125 0.00703125 0.0109375
2 0.440625 0.17890625 0.00703125 0.0125
2 0.4484375 0.19453125 0.0078125 0.009375
2 0.4375 0.19609375 0.0046875 0.015625
0 0.41640625 0.21953125 0.01640625 0.0265625
0 0.384375 0.22890625 0.0140625 0.0265625
0 0.40078125 0.22578125 0.02734375 0.0390625
0 0.35390625 0.23203125 0.04375 0.053125
0 0.303125 0.24375 0.06640625 0.07890625
0 0.23125 0.24765625 0.07265625 0.08046875
0 0.43359375 0.21640625 0.00703125 0.009375
0 0.45 0.21484375 0.00703125 0.0140625
0 0.4953125 0.21875 0.01953125 0.028125
0 0.471875 0.22265625 0.03359375 0.05859375
3 0.69765625 0.015625 0.0265625 0.03125
3 0.878125 0.01484375 0.11875 0.02890625
0 0.17578125 0.2296875 0.0828125 0.05703125