2 0.53671875 0.34921875 0.009375 0.028125
3 0.5734375 0.35703125 0.02890625 0.01953125
1 0.74609375 0.440625 0.0125 0.028125
1 0.7609375 0.43984375 0.01640625 0.034375
1 0.7765625 0.440625 0.0171875 0.03359375
1 0.7859375 0.4328125 0.0171875 0.04140625
1 0.79453125 0.440625 0.01640625 0.040625
1 0.8140625 0.42578125 0.0109375 0.02109375
0 0.48203125 0.4296875 0.0125 0.0234375
0 0.46953125 0.428125 0.015625 0.0234375
0 0.4671875 0.43828125 0.0171875 0.01640625
0 0.48125 0.4890625 0.05625 0.09609375
0 0.5328125 0.4828125 0.0265625 0.0765625
0 0.70234375 0.47578125 0.09375 0.14609375
0 0.74765625 0.52734375 0.11796875 0.15390625
0 0.071875 0.54296875 0.10625 0.1609375
0 0.025 0.58359375 0.04765625 0.1140625
0 0.0453125 0.765625 0.08984375 0.296875
0 0.59453125 0.4953125 0.1296875 0.2640625
0 0.37734375 0.63984375 0.28046875 0.40859375
0 0.88515625 0.540625 0.2296875 0.303125