0 0.05 0.471875 0.1 0.178125
0 0.1203125 0.45234375 0.08203125 0.121875
0 0.1765625 0.44609375 0.0671875 0.1015625
0 0.40234375 0.44609375 0.0734375 0.109375
0 0.5078125 0.44609375 0.0609375 0.0765625
0 0.6140625 0.44296875 0.040625 0.0625
0 0.925 0.528125 0.15 0.346875
0 0.7984375 0.50546875 0.17265625 0.209375
0 0.7234375 0.45625 0.1125 0.16953125
0 0.53984375 0.434375 0.0140625 0.0609375
0 0.27265625 0.4375 0.08359375 0.096875
0 0.371875 0.4265625 0.03125 0.06796875
2 0.49609375 0.3109375 0.015625 0.0359375
2 0.64375 0.3125 0.02109375 0.04296875
2 0.54296875 0.3625 0.00625 0.015625
2 0.565625 0.37734375 0.009375 0.02109375
3 0.5578125 0.35078125 0.0171875 0.025
0 0.5671875 0.41171875 0.01875 0.025
0 0.66875 0.45078125 0.0234375 0.0890625
3 0.3609375 0.37578125 0.0171875 0.021875
3 0.4015625 0.36796875 0.009375 0.01953125
2 0.51328125 0.36796875 0.01171875 0.021875
3 0.9328125 0.13125 0.065625 0.128125
3 0.94609375 0.2125 0.03984375 0.046875