2 0.37578125 0.34296875 0.0078125 0.015625
2 0.38515625 0.33203125 0.0046875 0.02109375
2 0.3703125 0.33203125 0.00390625 0.028125
2 0.496875 0.37578125 0.0109375 0.0140625
3 0.3265625 0.40703125 0.0125 0.00703125
3 0.334375 0.41953125 0.01328125 0.00703125
3 0.21875 0.37109375 0.02265625 0.0140625
3 0.5859375 0.396875 0.0171875 0.00859375
0 0.478125 0.503125 0.01484375 0.03203125
0 0.49296875 0.50390625 0.025 0.040625
0 0.4546875 0.4984375 0.009375 0.0140625
3 0.2203125 0.396875 0.0078125 0.03046875
2 0.3234375 0.44296875 0.00859375 0.015625
2 0.5390625 0.459375 0.00703125 0.0140625
3 0.4046875 0.45390625 0.0078125 0.00703125
0 0.05 0.51953125 0.1 0.34453125
2 0.4609375 0.44609375 0.0078125 0.015625
2 0.4265625 0.44140625 0.00703125 0.009375
0 0.46796875 0.49921875 0.0078125 0.02109375
3 0.57734375 0.36328125 0.0125 0.034375