2 0.73046875 0.24765625 0.01875 0.09453125
2 0.525 0.478125 0.009375 0.03203125
2 0.74375 0.51484375 0.02734375 0.0484375
2 0.5328125 0.475 0.01015625 0.0375
0 0.465625 0.62890625 0.0203125 0.03046875
0 0.446875 0.621875 0.0125 0.01796875
0 0.4359375 0.62421875 0.01015625 0.03203125
0 0.4203125 0.628125 0.025 0.046875
0 0.36484375 0.63359375 0.02421875 0.04296875
0 0.484375 0.62421875 0.01015625 0.0140625
0 0.49609375 0.6296875 0.0109375 0.03359375
0 0.51953125 0.63125 0.04296875 0.05546875
0 0.5234375 0.64765625 0.03984375 0.05390625
0 0.38984375 0.634375 0.04296875 0.05703125
0 0.228125 0.66171875 0.13046875 0.1359375
0 0.58359375 0.64375 0.03515625 0.0609375
0 0.69375 0.65625 0.184375 0.1140625
0 0.87734375 0.67421875 0.09921875 0.096875
0 0.9640625 0.68125 0.071875 0.0875
1 0.80625 0.728125 0.06171875 0.390625
3 0.6 0.51875 0.025 0.01953125
2 0.609375 0.57421875 0.0109375 0.021875