2 0.4625 0.39375 0.009375 0.0140625
3 0.48203125 0.45 0.0109375 0.0265625
3 0.4625 0.45 0.01015625 0.025
2 0.278125 0.39921875 0.00703125 0.015625
2 0.30078125 0.38984375 0.00546875 0.01640625
0 0.3875 0.47109375 0.01875 0.0390625
0 0.371875 0.4734375 0.0234375 0.03046875
0 0.3234375 0.47578125 0.0171875 0.0265625
0 0.2859375 0.478125 0.040625 0.0359375
0 0.2546875 0.478125 0.0234375 0.0359375
0 0.2109375 0.47734375 0.034375 0.046875
0 0.18671875 0.47734375 0.0328125 0.034375
0 0.10390625 0.47421875 0.02578125 0.05546875
0 0.146875 0.47890625 0.0921875 0.053125
0 0.075 0.44140625 0.03828125 0.0265625
0 0.47265625 0.52109375 0.0828125 0.12109375
2 0.028125 0.296875 0.0265625 0.1015625