0 0.046875 0.590625 0.09375 0.096875
0 0.384375 0.57109375 0.03828125 0.05
0 0.4140625 0.571875 0.028125 0.0390625
0 0.4421875 0.57109375 0.03125 0.040625
0 0.471875 0.565625 0.0359375 0.04453125
0 0.490625 0.56484375 0.02109375 0.03203125
0 0.509375 0.5625 0.025 0.03359375
0 0.53125 0.55859375 0.01640625 0.01953125
0 0.5609375 0.5609375 0.025 0.0234375
2 0.03828125 0.0625 0.0109375 0.096875
2 0.46875 0.37265625 0.00859375 0.0390625
3 0.1140625 0.50390625 0.0140625 0.0265625
3 0.4703125 0.434375 0.02421875 0.01953125
1 0.1125 0.590625 0.015625 0.08359375
1 0.2203125 0.57890625 0.01484375 0.06953125
1 0.23828125 0.57578125 0.01640625 0.0734375
2 0.034375 0.3265625 0.01171875 0.05
0 0.58828125 0.553125 0.01640625 0.0234375