0 0.090625 0.609375 0.18125 0.3375
0 0.1359375 0.4859375 0.0359375 0.0390625
0 0.1984375 0.52890625 0.1296875 0.146875
0 0.271875 0.48671875 0.0609375 0.078125
0 0.30234375 0.46640625 0.034375 0.053125
0 0.32578125 0.459375 0.0234375 0.034375
0 0.3421875 0.453125 0.01328125 0.0234375
0 0.3515625 0.44765625 0.00859375 0.015625
0 0.365625 0.45703125 0.02578125 0.0359375
0 0.38515625 0.44296875 0.0171875 0.025
1 0.5140625 0.4328125 0.01171875 0.07109375
1 0.615625 0.38203125 0.015625 0.015625
1 0.5921875 0.3859375 0.015625 0.0234375
1 0.65390625 0.415625 0.02265625 0.10859375
1 0.7609375 0.4171875 0.0546875 0.2109375
1 0.79921875 0.41015625 0.05 0.21640625
3 0.55078125 0.18828125 0.0421875 0.090625
2 0.403125 0.409375 0.0125 0.0109375
2 0.2421875 0.43359375 0.009375 0.0140625
3 0.4375 0.33515625 0.0125 0.01953125