2 0.3640625 0.43828125 0.00703125 0.03046875
2 0.3578125 0.434375 0.009375 0.0265625
2 0.27265625 0.4640625 0.01484375 0.0125
2 0.409375 0.4890625 0.0140625 0.0125
2 0.42265625 0.484375 0.00546875 0.025
0 0.41953125 0.534375 0.02109375 0.028125
0 0.3875 0.5421875 0.0109375 0.025
0 0.371875 0.54296875 0.00859375 0.02890625
0 0.35234375 0.546875 0.03203125 0.040625
0 0.1609375 0.59140625 0.09453125 0.10390625
0 0.30078125 0.5484375 0.0265625 0.05703125
0 0.275 0.553125 0.0453125 0.075
0 0.2328125 0.5734375 0.0625 0.08359375
0 0.465625 0.57421875 0.0828125 0.125
0 0.575 0.53984375 0.02265625 0.0515625
0 0.603125 0.540625 0.06015625 0.06640625
0 0.6640625 0.546875 0.065625 0.10390625
0 0.728125 0.55390625 0.10546875 0.14296875
0 0.840625 0.5953125 0.1859375 0.175
0 0.94921875 0.61640625 0.1015625 0.196875
0 0.03125 0.6203125 0.0625 0.109375
0 0.37890625 0.54296875 0.0078125 0.021875
0 0.3953125 0.540625 0.00859375 0.01953125