0 0.109375 0.52578125 0.21640625 0.45703125
1 0.4453125 0.44921875 0.01171875 0.053125
1 0.5234375 0.49296875 0.015625 0.10703125
0 0.540625 0.46328125 0.071875 0.1109375
0 0.5953125 0.484375 0.09140625 0.11953125
0 0.6765625 0.50859375 0.15546875 0.1890625
0 0.85625 0.5609375 0.2875 0.36640625
0 0.3953125 0.44609375 0.009375 0.02109375
0 0.28671875 0.48203125 0.115625 0.1625
0 0.3796875 0.45078125 0.01796875 0.025
0 0.4140625 0.45078125 0.0171875 0.0265625
0 0.4671875 0.46015625 0.0265625 0.034375
2 0.30625 0.40078125 0.00859375 0.02109375
2 0.3296875 0.3140625 0.0078125 0.02109375
2 0.3453125 0.40078125 0.00703125 0.015625
2 0.3578125 0.41875 0.0046875 0.0125
2 0.371875 0.41015625 0.00390625 0.0109375
2 0.3796875 0.396875 0.00546875 0.015625
2 0.41875 0.321875 0.009375 0.021875
2 0.3984375 0.3984375 0.00546875 0.009375
2 0.39765625 0.4140625 0.0046875 0.00703125
2 0.4015625 0.42109375 0.00390625 0.00859375
2 0.4171875 0.41875 0.00546875 0.0125
3 0.196875 0.39140625 0.009375 0.01953125
3 0.2390625 0.37421875 0.01484375 0.0234375
3 0.496875 0.334375 0.0109375 0.00546875
3 0.4734375 0.40390625 0.01015625 0.01796875
3 0.4890625 0.38046875 0.0078125 0.02109375
3 0.4625 0.38359375 0.01015625 0.015625
0 0.3578125 0.45078125 0.02421875 0.0359375