0 0.05625 0.4796875 0.0578125 0.04453125
0 0.3046875 0.4859375 0.0265625 0.04296875
0 0.36484375 0.490625 0.01484375 0.02109375
0 0.3765625 0.490625 0.009375 0.01640625
0 0.384375 0.48828125 0.00546875 0.01953125
0 0.41953125 0.4890625 0.0125 0.02109375
0 0.4078125 0.490625 0.015625 0.01796875
0 0.2765625 0.4875 0.03671875 0.0390625
0 0.496875 0.509375 0.040625 0.059375
0 0.56484375 0.515625 0.04375 0.06640625
0 0.74609375 0.553125 0.10703125 0.121875
0 0.48046875 0.490625 0.01015625 0.01953125
0 0.54296875 0.496875 0.01015625 0.01796875
0 0.521875 0.49453125 0.01171875 0.015625
0 0.6921875 0.521875 0.09296875 0.121875
0 0.640625 0.53984375 0.02109375 0.0515625
0 0.6296875 0.5265625 0.0359375 0.053125
0 0.61875 0.5203125 0.03828125 0.05546875
0 0.440625 0.490625 0.01171875 0.01640625
3 0.640625 0.43828125 0.0171875 0.009375
3 0.6484375 0.42734375 0.01328125 0.015625
3 0.303125 0.43359375 0.01640625 0.04140625
3 0.209375 0.46171875 0.01171875 0.015625
0 0.34375 0.490625 0.01953125 0.0234375
3 0.59453125 0.45078125 0.01171875 0.00703125
2 0.540625 0.45234375 0.00546875 0.0140625
2 0.5609375 0.46015625 0.00859375 0.0125
2 0.53125 0.46953125 0.0046875 0.0140625
0 0.3890625 0.48828125 0.00703125 0.01953125