0 0.1859375 0.5296875 0.06796875 0.11953125
0 0.39140625 0.5015625 0.015625 0.0265625
0 0.3734375 0.50625 0.01875 0.034375
0 0.34609375 0.50703125 0.01484375 0.04296875
0 0.328125 0.51015625 0.02265625 0.05
0 0.4453125 0.51015625 0.01171875 0.028125
0 0.4546875 0.51015625 0.009375 0.028125
0 0.4625 0.51328125 0.01171875 0.03359375
0 0.4765625 0.52265625 0.01875 0.04140625
0 0.4984375 0.53203125 0.04609375 0.06796875
0 0.3 0.51953125 0.04609375 0.05703125
0 0.0828125 0.53359375 0.16484375 0.19609375
0 0.6046875 0.57890625 0.090625 0.13046875
0 0.73125 0.60859375 0.20625 0.22890625
0 0.88515625 0.7265625 0.2296875 0.434375
0 0.434375 0.509375 0.0109375 0.025
0 0.41171875 0.5046875 0.02421875 0.03359375
2 0.4375 0.46015625 0.01015625 0.01640625
3 0.50859375 0.478125 0.01484375 0.02890625
3 0.55 0.45546875 0.01953125 0.01796875
3 0.55625 0.4421875 0.0125 0.0109375
3 0.115625 0.2859375 0.0359375 0.015625
3 0.13125 0.321875 0.0359375 0.01953125
0 0.359375 0.503125 0.01171875 0.040625