0 0.4 0.4875 0.0171875 0.0359375
0 0.38125 0.49296875 0.0203125 0.0359375
0 0.3640625 0.49296875 0.021875 0.046875
0 0.35078125 0.4953125 0.02265625 0.05546875
0 0.3390625 0.49375 0.02890625 0.0609375
0 0.325 0.4984375 0.0375 0.078125
0 0.42109375 0.48671875 0.01015625 0.028125
0 0.4296875 0.4875 0.01328125 0.0265625
0 0.4359375 0.490625 0.015625 0.04140625
0 0.44453125 0.49921875 0.02890625 0.053125
0 0.28671875 0.50703125 0.0734375 0.0984375
0 0.4625 0.50234375 0.05546875 0.0890625
0 0.86875 0.553125 0.20859375 0.12890625
0 0.9703125 0.55234375 0.02265625 0.07890625
2 0.21484375 0.12734375 0.0234375 0.096875
2 0.5703125 0.08984375 0.025 0.12109375
2 0.1921875 0.1265625 0.02421875 0.08046875
2 0.540625 0.08203125 0.03125 0.10703125
3 0.05859375 0.30390625 0.04375 0.02890625
3 0.04453125 0.21015625 0.02578125 0.01796875
2 0.08515625 0.37265625 0.025 0.04140625
2 0.9515625 0.29140625 0.0484375 0.08359375
2 0.99296875 0.29609375 0.0140625 0.0953125
3 0.96640625 0.1671875 0.0375 0.05546875
3 0.975 0.21953125 0.0484375 0.053125