2 0.453125 0.38359375 0.01015625 0.05546875
2 0.7734375 0.39609375 0.01328125 0.053125
2 0.75703125 0.39609375 0.01328125 0.05
0 0.46015625 0.540625 0.01640625 0.0609375
0 0.4234375 0.53359375 0.01484375 0.01796875
0 0.415625 0.546875 0.0203125 0.021875
0 0.36875 0.553125 0.01953125 0.021875
0 0.3140625 0.5328125 0.0484375 0.04609375
0 0.2390625 0.54375 0.034375 0.03359375
0 0.1984375 0.54140625 0.06171875 0.0515625
0 0.69609375 0.540625 0.059375 0.09296875
0 0.64375 0.553125 0.09296875 0.11640625
3 0.4375 0.5515625 0.01328125 0.0375
3 0.03046875 0.50703125 0.0609375 0.2125
3 0.4515625 0.4359375 0.02109375 0.034375
3 0.38984375 0.51953125 0.0328125 0.059375
3 0.7484375 0.315625 0.034375 0.065625