0 0.40625 0.53046875 0.31328125 0.39609375
0 0.1171875 0.41640625 0.234375 0.2671875
0 0.62109375 0.37578125 0.12890625 0.08046875
0 0.428125 0.3328125 0.0984375 0.04140625
0 0.340625 0.321875 0.096875 0.0390625
2 0.24765625 0.2703125 0.009375 0.02109375
2 0.30625 0.1609375 0.009375 0.0390625
2 0.0421875 0.1375 0.0125 0.04140625
2 0.559375 0.215625 0.01015625 0.0390625
2 0.3140625 0.159375 0.01171875 0.04296875
2 0.2984375 0.16015625 0.00546875 0.05390625
2 0.3046875 0.16328125 0.00703125 0.05546875
2 0.5734375 0.2984375 0.0140625 0.0265625