3 0.340625 0.44921875 0.01640625 0.0125
3 0.58046875 0.3390625 0.01484375 0.04609375
3 0.58046875 0.42421875 0.0171875 0.025
3 0.7546875 0.4203125 0.01171875 0.02890625
3 0.51953125 0.4390625 0.01484375 0.0125
3 0.51875 0.45859375 0.01015625 0.021875
3 0.596875 0.4234375 0.0125 0.021875
2 0.36015625 0.4484375 0.009375 0.0140625
2 0.44375 0.44296875 0.0078125 0.02109375
2 0.4390625 0.4640625 0.01015625 0.0125
2 0.4546875 0.47421875 0.01015625 0.01640625
2 0.3125 0.47421875 0.0078125 0.01640625
3 0.5875 0.3890625 0.01953125 0.0125
3 0.5796875 0.403125 0.0140625 0.00859375
3 0.4640625 0.4703125 0.009375 0.01640625
0 0.56484375 0.49296875 0.02109375 0.03359375
0 0.528125 0.490625 0.0171875 0.025
0 0.44609375 0.4875 0.021875 0.034375
0 0.434375 0.48515625 0.02421875 0.04296875
0 0.3453125 0.4984375 0.02265625 0.046875
0 0.3046875 0.50625 0.03515625 0.0390625
0 0.28203125 0.50859375 0.01484375 0.03046875
0 0.2453125 0.525 0.0703125 0.06796875
0 0.1625 0.515625 0.0328125 0.04609375
0 0.0921875 0.53046875 0.1296875 0.1125
0 0.65 0.528125 0.1828125 0.23203125
0 0.3984375 0.54375 0.11015625 0.16796875
0 0.840625 0.48984375 0.07734375 0.06953125
0 0.90390625 0.446875 0.05859375 0.0625
0 0.7484375 0.490625 0.0328125 0.05859375
0 0.975 0.421875 0.05 0.05546875
3 0.0125 0.490625 0.01015625 0.02890625
1 0.7984375 0.49375 0.01171875 0.0390625
0 0.325 0.49765625 0.01640625 0.0265625
0 0.47578125 0.496875 0.04609375 0.06953125