3 0.7703125 0.165625 0.0265625 0.05859375
3 0.771875 0.228125 0.040625 0.0640625
3 0.6359375 0.29453125 0.01328125 0.025
3 0.4296875 0.2859375 0.0296875 0.0609375
2 0.81484375 0.259375 0.00546875 0.02109375
2 0.7953125 0.27890625 0.00390625 0.01953125
2 0.5875 0.19765625 0.009375 0.034375
2 0.4765625 0.296875 0.0109375 0.01640625
2 0.82734375 0.27109375 0.00625 0.02109375
2 0.71875 0.2421875 0.0109375 0.0265625
2 0.625 0.21640625 0.0078125 0.03046875
0 0.384375 0.3796875 0.0484375 0.0515625
1 0.43203125 0.39140625 0.0171875 0.09453125
1 0.8578125 0.32890625 0.01953125 0.10546875
0 0.7921875 0.30546875 0.03203125 0.034375
0 0.8328125 0.29453125 0.02109375 0.0265625
0 0.75859375 0.30625 0.0203125 0.03359375
0 0.74921875 0.32734375 0.025 0.053125
0 0.53203125 0.3828125 0.06953125 0.140625
0 0.25625 0.4703125 0.26875 0.23203125
0 0.05234375 0.6 0.1046875 0.22109375
0 0.6515625 0.5296875 0.33359375 0.4265625
0 0.6859375 0.31171875 0.10546875 0.04140625
2 0.8046875 0.11796875 0.0234375 0.0625