3 0.1546875 0.2609375 0.0125 0.05390625
3 0.6453125 0.32578125 0.00859375 0.034375
3 0.11796875 0.31171875 0.01953125 0.034375
3 0.49375 0.4 0.00546875 0.0234375
3 0.60234375 0.37265625 0.01171875 0.009375
0 0.4 0.378125 0.0234375 0.02890625
0 0.4875 0.378125 0.0125 0.0125
0 0.31484375 0.36484375 0.01953125 0.015625
0 0.2921875 0.37109375 0.0203125 0.0234375
0 0.2421875 0.37421875 0.02890625 0.01640625
0 0.2078125 0.36484375 0.01328125 0.01953125
0 0.18828125 0.36875 0.0359375 0.025
0 0.3265625 0.384375 0.0328125 0.0234375
0 0.4546875 0.3734375 0.015625 0.00859375