0 0.375 0.43046875 0.03359375 0.053125
0 0.39609375 0.434375 0.0171875 0.046875
0 0.421875 0.43828125 0.04765625 0.0640625
0 0.1203125 0.41015625 0.0171875 0.01640625
0 0.103125 0.4140625 0.01875 0.01953125
0 0.0765625 0.41875 0.025 0.03203125
0 0.11484375 0.44140625 0.0609375 0.0609375
0 0.3921875 0.384375 0.01171875 0.01640625
3 0.3421875 0.39609375 0.0109375 0.02109375
3 0.30234375 0.378125 0.015625 0.03359375
3 0.2671875 0.33671875 0.0265625 0.04453125
3 0.2671875 0.38046875 0.02265625 0.04140625
3 0.1671875 0.22109375 0.0578125 0.09453125
3 0.16796875 0.3125 0.040625 0.0609375
3 0.16796875 0.37265625 0.03828125 0.0515625
3 0.58125 0.30234375 0.0171875 0.0265625
3 0.571875 0.33359375 0.0109375 0.0375
3 0.5328125 0.35390625 0.0265625 0.053125
2 0.3546875 0.36796875 0.01875 0.0140625
3 0.225 0.38984375 0.01171875 0.01640625