0 0.4859375 0.4328125 0.00625 0.01640625
0 0.496875 0.434375 0.01015625 0.01953125
0 0.509375 0.4359375 0.01640625 0.021875
0 0.58515625 0.4421875 0.03984375 0.05703125
0 0.6078125 0.45 0.04765625 0.05703125
0 0.059375 0.41484375 0.0375 0.053125
0 0.475 0.4328125 0.01484375 0.02109375
0 0.45859375 0.4328125 0.0171875 0.0234375
0 0.4421875 0.43046875 0.015625 0.021875
0 0.646875 0.4640625 0.06015625 0.0640625
0 0.80703125 0.4890625 0.12890625 0.1234375
1 0.678125 0.4390625 0.009375 0.02890625
1 0.71015625 0.4625 0.01640625 0.071875
2 0.41640625 0.359375 0.0046875 0.01640625
2 0.5109375 0.3546875 0.0046875 0.01640625
3 0.540625 0.3703125 0.01875 0.009375
1 0.9046875 0.478125 0.02265625 0.10390625
0 0.2546875 0.40625 0.015625 0.015625