2 0.690625 0.03046875 0.0265625 0.0609375
2 0.671875 0.03203125 0.02265625 0.0640625
2 0.7234375 0.0296875 0.02890625 0.059375
2 0.4453125 0.465625 0.02734375 0.040625
2 0.47265625 0.46953125 0.01171875 0.03359375
3 0.47265625 0.425 0.02265625 0.03359375
3 0.47265625 0.3953125 0.01484375 0.01640625
3 0.4765625 0.378125 0.01875 0.028125
3 0.4375 0.36015625 0.03671875 0.03046875
1 0.4078125 0.60078125 0.03828125 0.121875
1 0.55703125 0.6046875 0.05390625 0.1265625
1 0.6546875 0.57578125 0.025 0.10546875
0 0.5140625 0.615625 0.04609375 0.09140625
1 0.19375 0.5734375 0.0171875 0.04453125
1 0.17734375 0.5890625 0.01484375 0.03359375
0 0.85078125 0.53359375 0.01953125 0.0390625
0 0.8328125 0.54296875 0.03671875 0.04453125
0 0.7765625 0.584375 0.09921875 0.15
0 0.2453125 0.6234375 0.23359375 0.159375
0 0.88125 0.534375 0.01953125 0.028125
0 0.071875 0.64375 0.14375 0.11953125
0 0.96015625 0.5359375 0.0453125 0.046875
0 0.9375 0.5296875 0.028125 0.04453125
0 0.9203125 0.53671875 0.01796875 0.0359375
0 0.90703125 0.5390625 0.01015625 0.02890625