0 0.1015625 0.40859375 0.06328125 0.0625
0 0.090625 0.4140625 0.04921875 0.0640625
0 0.0296875 0.38359375 0.05859375 0.0859375
0 0.384375 0.41953125 0.0171875 0.0140625
0 0.47421875 0.40703125 0.01015625 0.015625
0 0.4859375 0.40703125 0.01640625 0.01953125
0 0.6765625 0.45625 0.040625 0.0734375
0 0.95546875 0.5828125 0.0890625 0.165625
0 0.034375 0.47265625 0.06875 0.1359375
0 0.3578125 0.421875 0.0484375 0.05859375
0 0.54921875 0.409375 0.01484375 0.02109375
0 0.5015625 0.40859375 0.01953125 0.021875
0 0.62890625 0.434375 0.03828125 0.04609375
0 0.528125 0.4046875 0.01015625 0.015625
0 0.5203125 0.4046875 0.0125 0.015625
0 0.7171875 0.459375 0.06796875 0.096875
2 0.278125 0.2140625 0.01640625 0.059375
2 0.296875 0.35859375 0.01015625 0.025
2 0.596875 0.29140625 0.0140625 0.03359375
2 0.5890625 0.29140625 0.01015625 0.0375
2 0.040625 0.3046875 0.02421875 0.0390625
3 0.8015625 0.33828125 0.0171875 0.02890625
3 0.5640625 0.375 0.00703125 0.0125
3 0.56328125 0.3859375 0.00703125 0.015625
2 0.8875 0.3578125 0.01640625 0.0390625
0 0.4171875 0.415625 0.02109375 0.0375
0 0.43046875 0.4125 0.01015625 0.034375
0 0.44140625 0.4109375 0.01171875 0.034375
0 0.45078125 0.409375 0.00859375 0.0265625
0 0.6109375 0.434375 0.01328125 0.034375
0 0.60390625 0.43203125 0.01484375 0.03046875
0 0.60078125 0.425 0.0140625 0.03359375
0 0.5890625 0.4265625 0.01171875 0.02890625