3 0.98671875 0.2609375 0.025 0.0625
3 0.984375 0.328125 0.0265625 0.071875
2 0.58515625 0.48828125 0.00703125 0.01953125
0 0.340625 0.584375 0.0453125 0.0625
0 0.2859375 0.5953125 0.07734375 0.0734375
0 0.09375 0.65078125 0.046875 0.08359375
0 0.4765625 0.559375 0.02109375 0.025
0 0.4546875 0.565625 0.02265625 0.025
0 0.4359375 0.565625 0.015625 0.0265625
0 0.40625 0.58046875 0.04921875 0.06640625
0 0.62890625 0.5390625 0.01796875 0.040625
0 0.634375 0.54609375 0.0109375 0.02890625
0 0.6453125 0.546875 0.01875 0.04296875
0 0.6796875 0.546875 0.05703125 0.08203125
0 0.7359375 0.56953125 0.06640625 0.1
0 0.778125 0.58359375 0.07265625 0.1359375
0 0.98203125 0.69453125 0.0359375 0.2015625
0 0.1828125 0.6234375 0.10625 0.0890625