2 0.08125 0.29921875 0.009375 0.04296875
2 0.04921875 0.15078125 0.040625 0.0765625
0 0.35625 0.528125 0.3828125 0.41640625
0 0.5546875 0.409375 0.01953125 0.04453125
0 0.58125 0.409375 0.02265625 0.034375
0 0.67890625 0.42265625 0.04375 0.0515625
0 0.7125 0.42265625 0.03125 0.0515625
0 0.81796875 0.434375 0.04921875 0.059375
0 0.875 0.44609375 0.07265625 0.065625
0 0.88125 0.41640625 0.06796875 0.03203125
0 0.9265625 0.471875 0.06875 0.08046875
0 0.9546875 0.446875 0.08984375 0.06640625
0 0.6359375 0.43125 0.1140625 0.08359375
0 0.7640625 0.43203125 0.09609375 0.08203125
3 0.95 0.06953125 0.09140625 0.1375