0 0.05703125 0.584375 0.1140625 0.26640625
0 0.14453125 0.56640625 0.1546875 0.23046875
0 0.2328125 0.5671875 0.090625 0.13046875
0 0.271875 0.55546875 0.06796875 0.1125
0 0.31171875 0.55390625 0.0390625 0.09609375
0 0.3328125 0.55859375 0.02890625 0.0625
0 0.3421875 0.5484375 0.01875 0.0484375
0 0.4578125 0.54140625 0.009375 0.01796875
0 0.46875 0.54296875 0.01171875 0.02109375
0 0.484375 0.54140625 0.01875 0.03046875
0 0.5046875 0.55390625 0.034375 0.0640625
0 0.375 0.55234375 0.0546875 0.0859375
0 0.4359375 0.559375 0.06015625 0.1140625
0 0.6140625 0.58203125 0.13046875 0.19296875
0 0.5265625 0.55859375 0.01171875 0.034375
0 0.7703125 0.60234375 0.0734375 0.08359375
3 0.321875 0.49296875 0.02109375 0.03359375
1 0.95 0.6125 0.01015625 0.06796875
1 0.903125 0.6078125 0.01875 0.07890625
1 0.93125 0.609375 0.01953125 0.08046875
1 0.8890625 0.603125 0.0140625 0.071875
1 0.853125 0.6046875 0.0171875 0.0765625
1 0.86796875 0.61171875 0.0171875 0.07109375
1 0.71640625 0.5828125 0.01171875 0.05
3 0.8203125 0.4828125 0.009375 0.02109375
3 0.82578125 0.45546875 0.00703125 0.025
2 0.42421875 0.46953125 0.0046875 0.01796875
2 0.4296875 0.46953125 0.0046875 0.02109375
2 0.53125 0.47578125 0.0046875 0.025