3 0.625 0.303125 0.01484375 0.03046875
3 0.62421875 0.32421875 0.015625 0.0140625
3 0.6328125 0.3828125 0.01484375 0.0109375
3 0.25 0.278125 0.02109375 0.03203125
3 0.396875 0.4125 0.015625 0.03203125
2 0.2671875 0.27890625 0.01640625 0.0609375
2 0.1171875 0.428125 0.01953125 0.028125
2 0.146875 0.384375 0.0140625 0.040625
2 0.2828125 0.27890625 0.01796875 0.05546875
2 0.58125 0.23125 0.01171875 0.059375
2 0.6 0.2390625 0.015625 0.071875
2 0.8171875 0.30546875 0.01875 0.0640625
2 0.8484375 0.37109375 0.02265625 0.040625
1 0.1765625 0.50625 0.0171875 0.053125
1 0.19375 0.5078125 0.01484375 0.05546875
1 0.28125 0.5015625 0.0125 0.0375
1 0.2921875 0.4984375 0.0078125 0.04296875
1 0.3359375 0.4984375 0.009375 0.03203125
1 0.384375 0.496875 0.0078125 0.034375
1 0.5921875 0.49140625 0.00703125 0.03203125
1 0.6046875 0.48984375 0.0078125 0.0375
1 0.61171875 0.49140625 0.00703125 0.04140625
1 0.6203125 0.48046875 0.009375 0.0265625
1 0.628125 0.47890625 0.00859375 0.02109375
0 0.5234375 0.496875 0.02265625 0.0359375
0 0.678125 0.48671875 0.04453125 0.0375
0 0.853125 0.59296875 0.2921875 0.353125
0 0.4796875 0.51953125 0.08359375 0.115625
2 0.759375 0.05546875 0.01796875 0.09296875
2 0.7296875 0.0671875 0.02421875 0.0890625