2 0.06484375 0.16796875 0.02421875 0.08359375
2 0.28125 0.328125 0.01015625 0.01953125
2 0.4953125 0.384375 0.0109375 0.040625
2 0.125 0.22578125 0.02421875 0.04609375
2 0.290625 0.34375 0.0109375 0.0234375
2 0.3515625 0.48359375 0.01015625 0.02109375
2 0.5578125 0.484375 0.0203125 0.01796875
2 0.509375 0.38515625 0.009375 0.04296875
2 0.9828125 0.30859375 0.03359375 0.09453125
3 0.04375 0.409375 0.05859375 0.0390625
3 0.0875 0.359375 0.02578125 0.04453125
3 0.0875 0.42265625 0.021875 0.0859375
3 0.2 0.415625 0.0640625 0.05703125
3 0.25625 0.4734375 0.02421875 0.05546875
3 0.2828125 0.471875 0.01328125 0.0625
3 0.35546875 0.42421875 0.015625 0.01796875
3 0.3421875 0.43359375 0.01171875 0.02109375
3 0.34375 0.45546875 0.01171875 0.01640625
3 0.34296875 0.471875 0.01328125 0.0125
3 0.371875 0.31171875 0.01171875 0.01640625
3 0.371875 0.33984375 0.0109375 0.02109375
3 0.35703125 0.25546875 0.02265625 0.04296875
3 0.30625 0.0875 0.0203125 0.071875
3 0.5359375 0.4125 0.0375 0.01640625
3 0.55 0.4484375 0.025 0.01953125
3 0.9875 0.040625 0.025 0.0640625
3 0.9640625 0.23359375 0.04609375 0.0625
3 0.515625 0.49375 0.01171875 0.0140625
0 0.459375 0.52890625 0.009375 0.0390625
0 0.4703125 0.52890625 0.01875 0.0359375
0 0.47109375 0.53515625 0.0140625 0.03359375
0 0.48125 0.53125 0.015625 0.028125
0 0.49140625 0.53984375 0.028125 0.04140625
3 0.3953125 0.434375 0.00390625 0.0125
3 0.3953125 0.47421875 0.00390625 0.021875
3 0.384375 0.43984375 0.00703125 0.0140625
3 0.384375 0.4234375 0.01171875 0.01796875
0 0.95 0.6265625 0.09921875 0.2015625
0 0.92890625 0.5734375 0.1421875 0.1640625