2 0.45546875 0.49765625 0.01328125 0.0265625
2 0.54375 0.4671875 0.0125 0.02890625
2 0.4921875 0.53515625 0.0078125 0.01953125
2 0.4328125 0.540625 0.0078125 0.01953125
2 0.43671875 0.55703125 0.0078125 0.01953125
2 0.23125 0.47421875 0.0109375 0.0390625
2 0.2421875 0.4734375 0.009375 0.04140625
3 0.5359375 0.50859375 0.0109375 0.0140625
3 0.6 0.47578125 0.0078125 0.03203125
3 0.59765625 0.50703125 0.01328125 0.021875
3 0.378125 0.540625 0.0078125 0.021875
3 0.35859375 0.52265625 0.01328125 0.02890625
2 0.46171875 0.56015625 0.00703125 0.021875
2 0.453125 0.56796875 0.0109375 0.01640625
0 0.446875 0.5890625 0.0140625 0.0234375
0 0.4546875 0.590625 0.009375 0.02109375
0 0.4703125 0.59375 0.01171875 0.028125
0 0.52265625 0.5890625 0.0328125 0.053125
0 0.584375 0.58515625 0.021875 0.03046875
0 0.33828125 0.61328125 0.021875 0.02890625
0 0.31640625 0.61640625 0.02734375 0.04296875
0 0.43359375 0.59921875 0.02109375 0.0359375
0 0.48828125 0.603125 0.03828125 0.053125
0 0.54765625 0.5984375 0.0421875 0.05859375
2 0.6453125 0.52265625 0.0125 0.01953125
0 0.15 0.671875 0.084375 0.0875
0 0.8359375 0.57421875 0.328125 0.8484375
3 0.053125 0.540625 0.0234375 0.0234375
3 0.05078125 0.56953125 0.01796875 0.0140625
3 0.0515625 0.5859375 0.01875 0.0140625
0 0.0359375 0.665625 0.034375 0.04140625
0 0.0109375 0.659375 0.021875 0.040625
0 0.2703125 0.6265625 0.01484375 0.04140625
0 0.2734375 0.65234375 0.05078125 0.04296875
2 0.584375 0.54375 0.0109375 0.01640625
0 0.4640625 0.59140625 0.0125 0.028125