0 0.1 0.396875 0.075 0.0625
0 0.525 0.43359375 0.07578125 0.08359375
0 0.3625 0.3984375 0.03359375 0.053125
0 0.296875 0.396875 0.04609375 0.05859375
0 0.3421875 0.39609375 0.01328125 0.01953125
0 0.3203125 0.39609375 0.0109375 0.021875
0 0.2390625 0.39140625 0.01328125 0.040625
0 0.19375 0.37421875 0.0203125 0.009375
0 0.43671875 0.40234375 0.01328125 0.01953125
0 0.446875 0.40546875 0.01328125 0.02109375
0 0.4578125 0.40703125 0.01953125 0.0375
0 0.48203125 0.40859375 0.04296875 0.06640625
0 0.40703125 0.39375 0.046875 0.09140625
0 0.2609375 0.390625 0.0390625 0.059375