3 0.021875 0.20546875 0.04296875 0.103125
3 0.015625 0.2796875 0.03046875 0.03359375
3 0.85859375 0.21640625 0.05703125 0.04609375
3 0.8578125 0.10234375 0.09609375 0.1765625
3 0.2296875 0.27109375 0.01640625 0.02109375
0 0.3421875 0.28046875 0.01328125 0.01953125
0 0.328125 0.29296875 0.01484375 0.03203125
0 0.3578125 0.28046875 0.01796875 0.01953125
0 0.3515625 0.3 0.0203125 0.01796875
0 0.3515625 0.321875 0.01640625 0.0265625
0 0.3265625 0.32421875 0.03203125 0.04296875
0 0.34375 0.32265625 0.01171875 0.028125
0 0.31875 0.3375 0.03515625 0.04296875
0 0.86953125 0.4078125 0.2609375 0.409375
0 0.47734375 0.31015625 0.028125 0.0265625
0 0.484375 0.35234375 0.04765625 0.07890625
0 0.49375 0.3890625 0.0515625 0.06640625