2 0.009375 0.34765625 0.015625 0.05
2 0.4171875 0.41953125 0.01015625 0.05
2 0.5359375 0.528125 0.01015625 0.01640625
2 0.40625 0.41796875 0.01015625 0.0375
2 0.57421875 0.37265625 0.01015625 0.04609375
2 0.6625 0.50546875 0.01796875 0.03359375
2 0.6390625 0.50390625 0.01015625 0.025
3 0.46796875 0.43046875 0.03671875 0.0234375
3 0.65859375 0.45 0.01328125 0.01640625
3 0.65078125 0.42890625 0.0109375 0.01640625
1 0.6234375 0.60390625 0.025 0.078125
0 0.4796875 0.58984375 0.02109375 0.05
0 0.421875 0.57890625 0.01171875 0.028125
0 0.43515625 0.584375 0.01796875 0.03203125
0 0.446875 0.58515625 0.021875 0.04453125
0 0.46171875 0.596875 0.02734375 0.0484375
0 0.1671875 0.5859375 0.028125 0.078125
0 0.22109375 0.6109375 0.1171875 0.1640625
0 0.11484375 0.58828125 0.04765625 0.0515625
0 0.0265625 0.61015625 0.053125 0.140625
0 0.7171875 0.6625 0.18203125 0.16640625
0 0.88984375 0.68984375 0.2203125 0.2984375
0 0.3421875 0.6515625 0.1796875 0.275
2 0.021875 0.35703125 0.0109375 0.05390625
3 0.0125 0.478125 0.0140625 0.0140625