3 0.34921875 0.28828125 0.0140625 0.02109375
3 0.7390625 0.35390625 0.015625 0.02109375
3 0.740625 0.378125 0.01328125 0.01640625
3 0.68203125 0.34140625 0.01328125 0.01796875
3 0.58671875 0.3765625 0.00859375 0.01796875
2 0.6828125 0.3671875 0.0125 0.01953125
2 0.4828125 0.38515625 0.0078125 0.02109375
3 0.8671875 0.378125 0.04296875 0.0515625
3 0.2515625 0.34609375 0.025 0.015625
2 0.30859375 0.35234375 0.00859375 0.0234375
0 0.340625 0.45546875 0.046875 0.05390625
0 0.61328125 0.459375 0.075 0.1
0 0.74921875 0.46328125 0.1078125 0.1140625
0 0.52734375 0.4828125 0.14765625 0.23046875
3 0.6265625 0.3515625 0.015625 0.0125
2 0.565625 0.31484375 0.01171875 0.0234375
2 0.421875 0.28984375 0.0171875 0.0359375
0 0.6828125 0.45 0.025 0.0390625