0 0.07890625 0.54453125 0.15625 0.14140625
1 0.19375 0.490625 0.01328125 0.021875
0 0.20625 0.54296875 0.09921875 0.09140625
0 0.2828125 0.5359375 0.06953125 0.07109375
0 0.3296875 0.5265625 0.04921875 0.06640625
0 0.36796875 0.52578125 0.04140625 0.0625
0 0.39609375 0.528125 0.0234375 0.0484375
0 0.41015625 0.525 0.02578125 0.046875
0 0.425 0.5203125 0.02265625 0.04296875
0 0.5578125 0.534375 0.03046875 0.0640625
0 0.70625 0.53203125 0.0234375 0.05390625
0 0.7203125 0.54453125 0.0171875 0.075
0 0.5890625 0.515625 0.028125 0.046875
0 0.8765625 0.73984375 0.24609375 0.465625
0 0.6484375 0.54765625 0.115625 0.19453125
0 0.48828125 0.58515625 0.1484375 0.2234375
2 0.5140625 0.4640625 0.0078125 0.015625
2 0.4375 0.45703125 0.00390625 0.01640625
2 0.6203125 0.45703125 0.00390625 0.01796875
2 0.56953125 0.48203125 0.003125 0.01796875
3 0.49453125 0.4703125 0.0125 0.015625
0 0.6359375 0.46796875 0.046875 0.015625