0 0.54296875 0.334375 0.025 0.0390625
0 0.53046875 0.3671875 0.034375 0.06796875
0 0.56875 0.37421875 0.0203125 0.0390625
0 0.57578125 0.38046875 0.0171875 0.040625
0 0.590625 0.3828125 0.0203125 0.065625
0 0.6078125 0.38359375 0.02890625 0.071875
0 0.63671875 0.3921875 0.06328125 0.09296875
0 0.4765625 0.484375 0.15234375 0.228125
1 0.675 0.3734375 0.0140625 0.0609375
1 0.6890625 0.390625 0.01171875 0.07109375
1 0.6984375 0.365625 0.01015625 0.0515625
1 0.7203125 0.38515625 0.02421875 0.08203125
1 0.703125 0.3984375 0.02578125 0.11796875
1 0.78203125 0.4015625 0.02734375 0.125
1 0.83125 0.39609375 0.0375 0.125
1 0.8734375 0.4015625 0.0546875 0.140625
1 0.9359375 0.396875 0.03984375 0.13203125
1 0.9484375 0.371875 0.02734375 0.08203125
1 0.965625 0.36171875 0.0203125 0.04609375
1 0.2984375 0.38671875 0.01640625 0.04609375
1 0.06328125 0.421875 0.0265625 0.109375
1 0.27890625 0.4109375 0.01796875 0.10390625
1 0.2609375 0.4140625 0.025 0.10546875
1 0.1875 0.44765625 0.03203125 0.14140625
1 0.009375 0.44921875 0.01875 0.109375
1 0.365625 0.4265625 0.03359375 0.14453125
2 0.55625 0.0859375 0.0203125 0.06953125
2 0.5796875 0.07734375 0.02265625 0.08203125
3 0.8125 0.196875 0.053125 0.025
3 0.771875 0.171875 0.0171875 0.02109375
3 0.765625 0.203125 0.0140625 0.021875
3 0.7109375 0.25078125 0.0140625 0.01953125
3 0.68125 0.284375 0.02265625 0.021875
2 0.784375 0.2921875 0.0171875 0.040625
2 0.8046875 0.28671875 0.03125 0.0359375
0 0.4265625 0.3828125 0.01328125 0.03359375
0 0.58046875 0.384375 0.01484375 0.05