1 0.7875 0.33359375 0.00859375 0.040625
1 0.796875 0.32734375 0.00703125 0.01796875
1 0.7703125 0.34765625 0.02109375 0.05703125
1 0.984375 0.19921875 0.00859375 0.0359375
1 0.9703125 0.1109375 0.009375 0.04453125
1 0.959375 0.115625 0.00859375 0.04609375
1 0.9546875 0.159375 0.0125 0.04296875
1 0.4734375 0.34765625 0.00390625 0.01796875
1 0.43125 0.353125 0.00546875 0.0265625
1 0.42578125 0.35390625 0.00390625 0.03046875
1 0.4203125 0.346875 0.00390625 0.015625
1 0.4125 0.3515625 0.00546875 0.0265625
1 0.40625 0.35 0.00625 0.0265625
1 0.39765625 0.3421875 0.00703125 0.01640625
1 0.396875 0.36328125 0.00703125 0.04609375
1 0.403125 0.3671875 0.00859375 0.04609375
1 0.384375 0.3671875 0.00546875 0.0484375
1 0.3765625 0.365625 0.00859375 0.05
1 0.36640625 0.35859375 0.009375 0.0359375
1 0.125 0.39296875 0.01953125 0.09609375
1 0.15078125 0.403125 0.02109375 0.13203125
1 0.19296875 0.38828125 0.01953125 0.09609375
1 0.2125 0.41015625 0.01875 0.10390625
1 0.2328125 0.38046875 0.015625 0.08046875
1 0.215625 0.35390625 0.015625 0.040625
1 0.24765625 0.3640625 0.0140625 0.03203125
0 0.3296875 0.38125 0.01796875 0.07109375
1 0.9453125 0.33515625 0.01171875 0.0609375
1 0.9609375 0.340625 0.0203125 0.0625
1 0.4796875 0.346875 0.00390625 0.01953125
2 0.84296875 0.290625 0.0109375 0.01953125
2 0.478125 0.24609375 0.00390625 0.02109375
2 0.58671875 0.2328125 0.00390625 0.021875
2 0.5921875 0.23125 0.00703125 0.02890625
2 0.49375 0.296875 0.00390625 0.0140625
2 0.5546875 0.30703125 0.00703125 0.009375
2 0.734375 0.21015625 0.009375 0.03359375
3 0.26875 0.26640625 0.0125 0.01796875
3 0.4359375 0.2953125 0.00703125 0.0109375
3 0.390625 0.30234375 0.0171875 0.009375
3 0.4359375 0.31171875 0.0109375 0.0109375
3 0.66953125 0.271875 0.0171875 0.0109375
3 0.7484375 0.19921875 0.02265625 0.0140625
3 0.76015625 0.221875 0.015625 0.01953125
3 0.74375 0.21484375 0.01015625 0.01640625
3 0.7609375 0.27734375 0.02109375 0.05703125
0 0.4546875 0.35234375 0.0234375 0.03359375
0 0.6828125 0.34453125 0.0515625 0.04296875
0 0.6609375 0.365625 0.03203125 0.05546875
0 0.634375 0.3734375 0.0578125 0.07109375
0 0.7234375 0.340625 0.0578125 0.025
0 0.71484375 0.3984375 0.1078125 0.1109375
0 0.8578125 0.41484375 0.20390625 0.196875
0 0.9609375 0.48515625 0.07734375 0.2125