3 0.88671875 0.27734375 0.040625 0.028125
3 0.8515625 0.3125 0.01484375 0.025
2 0.909375 0.44296875 0.02734375 0.04453125
2 0.88359375 0.446875 0.02265625 0.0515625
2 0.0609375 0.44921875 0.03984375 0.05
0 0.62109375 0.5671875 0.01015625 0.0265625
0 0.6125 0.565625 0.01171875 0.0234375
0 0.60625 0.55 0.02265625 0.01640625
0 0.59375 0.546875 0.01171875 0.0140625
0 0.5625 0.5578125 0.01796875 0.028125
0 0.6046875 0.5953125 0.0203125 0.028125
0 0.6203125 0.61171875 0.02734375 0.034375
0 0.6546875 0.6296875 0.0484375 0.0875
0 0.69296875 0.64296875 0.084375 0.096875
0 0.865625 0.640625 0.096875 0.059375
0 0.534375 0.58203125 0.01953125 0.01953125
0 0.5390625 0.628125 0.0296875 0.0484375
0 0.50625 0.58515625 0.0171875 0.01953125
0 0.50625 0.60078125 0.025 0.028125
0 0.4875 0.6328125 0.06015625 0.07109375
1 0.21953125 0.60078125 0.021875 0.07109375
0 0.39375 0.63984375 0.125 0.15390625
0 0.24453125 0.6609375 0.14375 0.11953125
0 0.77265625 0.62578125 0.07265625 0.05546875
0 0.59609375 0.5890625 0.02109375 0.028125
0 0.58515625 0.5859375 0.01171875 0.028125
0 0.58203125 0.58125 0.01796875 0.028125