3 0.0046875 0.39609375 0.009375 0.0234375
3 0.7734375 0.3296875 0.03828125 0.021875
3 0.753125 0.3671875 0.0359375 0.02109375
3 0.7453125 0.3890625 0.0125 0.021875
2 0.5921875 0.11328125 0.0203125 0.0890625
2 0.775 0.41875 0.0203125 0.0359375
3 0.74140625 0.31953125 0.0125 0.01953125
2 0.57421875 0.1203125 0.0171875 0.084375
3 0.565625 0.43359375 0.0109375 0.0140625
2 0.434375 0.45234375 0.00703125 0.01640625
2 0.38515625 0.43984375 0.00546875 0.015625
1 0.02109375 0.565625 0.028125 0.14296875
1 0.5765625 0.55 0.01953125 0.103125
1 0.56015625 0.52734375 0.0125 0.0515625
1 0.24140625 0.51015625 0.0109375 0.03359375
1 0.15546875 0.51171875 0.0125 0.02890625
0 0.12421875 0.56875 0.11171875 0.1109375
0 0.2109375 0.546875 0.0765625 0.0890625
0 0.271875 0.5375 0.053125 0.0640625
0 0.296875 0.5328125 0.01875 0.0515625
0 0.30703125 0.52890625 0.02109375 0.0484375
0 0.39375 0.53203125 0.03671875 0.04609375
0 0.6375 0.559375 0.09375 0.10703125
0 0.525 0.53515625 0.03984375 0.04609375
0 0.509375 0.528125 0.03125 0.0515625
0 0.490625 0.528125 0.01640625 0.03359375
0 0.48203125 0.52421875 0.0203125 0.040625
0 0.35859375 0.52109375 0.01328125 0.021875
0 0.36640625 0.51875 0.01171875 0.01953125
0 0.434375 0.51796875 0.0171875 0.0234375
0 0.4078125 0.515625 0.0171875 0.02890625
0 0.425 0.5171875 0.00703125 0.01796875