0 0.01796875 0.64609375 0.0359375 0.146875
0 0.05546875 0.64609375 0.0625 0.0984375
0 0.0953125 0.628125 0.059375 0.084375
0 0.128125 0.615625 0.04296875 0.07890625
0 0.15625 0.6046875 0.03515625 0.071875
0 0.178125 0.6046875 0.01953125 0.05390625
0 0.1921875 0.59453125 0.02890625 0.0515625
0 0.2125 0.59453125 0.0171875 0.03046875
0 0.521875 0.5765625 0.140625 0.17890625
0 0.4484375 0.5765625 0.06328125 0.11953125
0 0.41484375 0.58359375 0.02421875 0.08203125
0 0.403125 0.578125 0.03984375 0.084375
0 0.37890625 0.5765625 0.0125 0.0609375
0 0.36796875 0.571875 0.01875 0.05703125
0 0.35546875 0.571875 0.01484375 0.05703125
0 0.33984375 0.575 0.01640625 0.03359375
0 0.2796875 0.578125 0.02109375 0.03046875
0 0.2328125 0.58515625 0.0203125 0.02890625
0 0.2546875 0.5796875 0.0203125 0.025