1 0.13515625 0.534375 0.009375 0.05703125
1 0.12734375 0.53515625 0.0109375 0.05546875
1 0.184375 0.52734375 0.01171875 0.03359375
1 0.775 0.5609375 0.07890625 0.2609375
1 0.5046875 0.51875 0.0109375 0.07109375
1 0.2640625 0.53125 0.00703125 0.0390625
1 0.2578125 0.528125 0.0046875 0.03203125
1 0.45 0.53359375 0.009375 0.0515625
1 0.4859375 0.53046875 0.0109375 0.07109375
1 0.11484375 0.53515625 0.009375 0.0515625
0 0.71171875 0.51328125 0.05 0.0609375
0 0.51875 0.51484375 0.03828125 0.05546875
0 0.446875 0.52890625 0.06953125 0.0515625
0 0.3125 0.5265625 0.02109375 0.02890625
0 0.30390625 0.52421875 0.01171875 0.03203125
0 0.053125 0.5625 0.10625 0.1640625
0 0.3640625 0.54296875 0.096875 0.146875
0 0.6046875 0.5578125 0.19921875 0.25
0 0.871875 0.615625 0.25625 0.521875
3 0.42265625 0.4921875 0.01328125 0.015625
3 0.4203125 0.42890625 0.0140625 0.025
3 0.421875 0.4609375 0.00859375 0.02109375
3 0.42109375 0.4765625 0.009375 0.0125
3 0.4796875 0.4265625 0.0109375 0.015625
3 0.90625 0.1625 0.05 0.07109375
3 0.896875 0.0703125 0.046875 0.128125
3 0.86328125 0.196875 0.034375 0.08359375
3 0.8609375 0.090625 0.03515625 0.18046875
3 0.89453125 0.00390625 0.0453125 0.0078125
2 0.3609375 0.42109375 0.0046875 0.025
2 0.3125 0.4203125 0.00625 0.0234375
2 0.3671875 0.4234375 0.00703125 0.01640625
2 0.30625 0.4203125 0.00703125 0.0234375
2 0.265625 0.44921875 0.00703125 0.025
2 0.315625 0.4203125 0.0046875 0.0234375
0 0.284375 0.5296875 0.0390625 0.0640625