0 0.61796875 0.52578125 0.05234375 0.04296875
0 0.5140625 0.525 0.00859375 0.01640625
0 0.51875 0.525 0.00859375 0.0140625
0 0.525 0.52578125 0.015625 0.021875
0 0.53828125 0.53046875 0.0234375 0.03046875
0 0.50625 0.52734375 0.0125 0.02109375
0 0.49375 0.52578125 0.0078125 0.015625
0 0.4890625 0.52578125 0.009375 0.021875
0 0.4796875 0.52734375 0.015625 0.025
0 0.4734375 0.53046875 0.0125 0.028125
0 0.459375 0.53359375 0.025 0.03359375
0 0.43515625 0.53515625 0.0265625 0.06953125
0 0.41171875 0.54140625 0.04609375 0.0734375
0 0.3703125 0.55703125 0.08125 0.09296875
0 0.321875 0.52890625 0.028125 0.02890625
0 0.153125 0.54765625 0.11953125 0.07890625
0 0.2703125 0.58984375 0.1453125 0.15859375
0 0.546875 0.5359375 0.02578125 0.040625