3 0.7859375 0.3078125 0.02734375 0.04609375
3 0.7875 0.3515625 0.02421875 0.03359375
0 0.42578125 0.3859375 0.02421875 0.01640625
0 0.3359375 0.3890625 0.028125 0.01796875
0 0.590625 0.371875 0.01015625 0.0140625
0 0.6 0.3765625 0.01171875 0.01796875
0 0.665625 0.371875 0.0140625 0.01640625
0 0.671875 0.3796875 0.0125 0.01640625
0 0.6859375 0.3796875 0.01796875 0.03046875
0 0.609375 0.3796875 0.02109375 0.0390625
0 0.571875 0.39375 0.04140625 0.059375
0 0.640625 0.39453125 0.0546875 0.0875
0 0.7203125 0.378125 0.053125 0.09609375
0 0.4921875 0.41015625 0.09453125 0.13046875
0 0.2125 0.446875 0.21015625 0.18359375
0 0.05625 0.39140625 0.1125 0.0640625