0 0.4828125 0.84296875 0.03515625 0.03046875
0 0.4609375 0.8765625 0.04765625 0.084375
0 0.62421875 0.83984375 0.01171875 0.021875
0 0.653125 0.8453125 0.06015625 0.05546875
0 0.6625 0.878125 0.0640625 0.09140625
0 0.73984375 0.8828125 0.11796875 0.18046875
0 0.4125 0.89609375 0.09296875 0.1234375
0 0.196875 0.8765625 0.35625 0.246875
0 0.0109375 0.93515625 0.02109375 0.11640625
0 0.0953125 0.89609375 0.03515625 0.01953125
0 0.875 0.8890625 0.25 0.221875
2 0.5109375 0.778125 0.00390625 0.02109375
2 0.515625 0.778125 0.00390625 0.01640625
2 0.575 0.7625 0.00390625 0.01953125
2 0.5796875 0.7609375 0.003125 0.02109375
3 0.765625 0.66328125 0.01484375 0.01953125
3 0.77890625 0.68203125 0.03671875 0.01953125
3 0.76640625 0.70546875 0.02421875 0.0390625
3 0.0140625 0.73984375 0.00859375 0.03203125
3 0.8640625 0.75390625 0.0203125 0.04296875
0 0.7703125 0.75546875 0.0125 0.04140625
0 0.5609375 0.88359375 0.153125 0.2328125