2 0.3015625 0.31328125 0.0078125 0.03046875
2 0.5140625 0.2859375 0.009375 0.03359375
2 0.28125 0.39140625 0.01171875 0.0234375
2 0.5671875 0.38828125 0.0109375 0.01640625
2 0.296875 0.31328125 0.0078125 0.0265625
2 0.309375 0.31328125 0.009375 0.0265625
2 0.50625 0.2890625 0.009375 0.028125
2 0.521875 0.2890625 0.009375 0.03359375
3 0.26640625 0.35546875 0.0109375 0.01640625
0 0.42421875 0.415625 0.01484375 0.0234375
0 0.409375 0.4203125 0.0265625 0.0234375
0 0.3921875 0.415625 0.0109375 0.03359375
0 0.38515625 0.41875 0.015625 0.040625
0 0.38046875 0.428125 0.01484375 0.040625
0 0.4578125 0.409375 0.01171875 0.02109375
0 0.55625 0.46640625 0.0828125 0.13203125
0 0.5984375 0.48984375 0.11171875 0.15703125
1 0.7703125 0.41328125 0.03671875 0.065625
1 0.728125 0.3984375 0.03671875 0.0515625
0 0.36015625 0.434375 0.03984375 0.0609375
0 0.471875 0.42109375 0.025 0.0390625
0 0.7234375 0.54296875 0.259375 0.25546875
0 0.9296875 0.50703125 0.0765625 0.140625