3 0.846875 0.578125 0.06015625 0.1125
1 0.91484375 0.5015625 0.04140625 0.290625
1 0.7390625 0.490625 0.02265625 0.128125
0 0.6984375 0.4984375 0.0375 0.14453125
1 0.73125 0.4890625 0.0109375 0.1125
1 0.8140625 0.5078125 0.03515625 0.17890625
1 0.878125 0.47421875 0.0109375 0.075
1 0.89140625 0.48984375 0.0125 0.15703125
1 0.96015625 0.5046875 0.05078125 0.3
1 0.99140625 0.51015625 0.0140625 0.246875
1 0.2953125 0.53203125 0.01640625 0.115625
2 0.4046875 0.36015625 0.01640625 0.0859375
3 0.728125 0.353125 0.0265625 0.07890625
1 0.775 0.478125 0.00859375 0.04296875
0 0.13203125 0.70546875 0.2640625 0.5859375
0 0.75625 0.47734375 0.0234375 0.034375
0 0.7671875 0.4828125 0.0109375 0.03046875
0 0.784375 0.48203125 0.0109375 0.046875
0 0.7890625 0.48671875 0.01015625 0.0625
0 0.81640625 0.490625 0.0546875 0.08046875
0 0.65 0.51015625 0.08515625 0.0859375
3 0.2859375 0.3140625 0.0234375 0.04453125
3 0.2640625 0.40078125 0.0234375 0.025
3 0.2921875 0.403125 0.009375 0.03203125
0 0.515625 0.478125 0.17734375 0.3890625