2 0.2875 0.2703125 0.01484375 0.04609375
2 0.84765625 0.17890625 0.028125 0.0640625
3 0.2921875 0.221875 0.01640625 0.03203125
3 0.296875 0.39765625 0.01953125 0.065625
2 0.2953125 0.34140625 0.01484375 0.02890625
2 0.16171875 0.38125 0.0078125 0.01796875
2 0.10703125 0.403125 0.0109375 0.0140625
0 0.03125 0.43984375 0.0625 0.0421875
0 0.2609375 0.42578125 0.04140625 0.04296875
0 0.3171875 0.41953125 0.01796875 0.0265625
0 0.34375 0.41640625 0.01875 0.025
0 0.403125 0.4109375 0.028125 0.028125
0 0.4640625 0.41484375 0.034375 0.0484375
3 0.546875 0.35390625 0.009375 0.0140625
1 0.671875 0.43125 0.025 0.121875
0 0.7546875 0.41953125 0.05078125 0.053125
0 0.0828125 0.4359375 0.025 0.03046875
0 0.503125 0.41171875 0.01484375 0.01953125
0 0.53125 0.41015625 0.01875 0.02109375