0 0.5375 0.4109375 0.015625 0.034375
0 0.5265625 0.41484375 0.01171875 0.03046875
0 0.515625 0.4171875 0.01484375 0.0359375
0 0.5 0.4171875 0.02109375 0.05390625
0 0.48515625 0.42578125 0.0171875 0.053125
0 0.46796875 0.4265625 0.03125 0.065625
0 0.434375 0.43828125 0.03671875 0.08203125
0 0.403125 0.44140625 0.03984375 0.10546875
0 0.35 0.45625 0.096875 0.1484375
0 0.24375 0.509375 0.1703125 0.1890625
0 0.0859375 0.58515625 0.171875 0.34453125
0 0.5921875 0.42265625 0.02734375 0.06953125
0 0.5984375 0.43125 0.03125 0.0765625
0 0.665625 0.4375 0.1078125 0.18046875
0 0.81875 0.46484375 0.28828125 0.36640625
0 0.915625 0.61953125 0.16796875 0.3859375
0 0.6109375 0.43828125 0.025 0.09296875