3 0.525 0.3390625 0.0109375 0.015625
3 0.565625 0.315625 0.00703125 0.015625
3 0.39609375 0.32109375 0.00546875 0.0140625
3 0.1984375 0.31171875 0.0125 0.02109375
0 0.134375 0.39453125 0.06796875 0.08203125
0 0.378125 0.33671875 0.0109375 0.015625
0 0.3734375 0.35078125 0.01328125 0.015625
0 0.3703125 0.36640625 0.02265625 0.01953125
0 0.36875 0.378125 0.0234375 0.02109375
0 0.3640625 0.403125 0.0234375 0.034375
0 0.34375 0.415625 0.025 0.0484375
0 0.32421875 0.42265625 0.0265625 0.05859375
0 0.30625 0.42734375 0.03046875 0.075
0 0.290625 0.440625 0.0359375 0.0765625
0 0.240625 0.45234375 0.09765625 0.1140625
0 0.4015625 0.35 0.01875 0.0234375
0 0.41953125 0.35390625 0.01484375 0.01953125
0 0.4171875 0.38359375 0.01171875 0.01640625
0 0.428125 0.403125 0.0125 0.02890625
0 0.4359375 0.42734375 0.015625 0.046875
0 0.440625 0.44453125 0.01875 0.07109375
0 0.4546875 0.45546875 0.01875 0.090625
0 0.49375 0.45234375 0.0734375 0.11640625
0 0.07578125 0.40703125 0.08671875 0.071875
3 0.890625 0.175 0.03828125 0.0375
3 0.5953125 0.26328125 0.0265625 0.04453125
0 0.0296875 0.40546875 0.059375 0.0859375