3 0.7390625 0.5453125 0.01796875 0.0125
3 0.7328125 0.4765625 0.0328125 0.01953125
3 0.740625 0.5125 0.0125 0.02109375
3 0.2296875 0.58046875 0.01953125 0.0125
3 0.225 0.55546875 0.01328125 0.009375
2 0.4375 0.58046875 0.0109375 0.01640625
2 0.50625 0.58203125 0.009375 0.0140625
2 0.5484375 0.6140625 0.00625 0.009375
3 0.54453125 0.60625 0.00703125 0.015625
0 0.35 0.64765625 0.03203125 0.04609375
0 0.43125 0.640625 0.02578125 0.0390625
0 0.5078125 0.63359375 0.00859375 0.01796875
0 0.5171875 0.6296875 0.0109375 0.021875
0 0.53046875 0.634375 0.01953125 0.0265625
0 0.5546875 0.640625 0.0265625 0.0359375
0 0.4875 0.628125 0.0125 0.0140625
0 0.28359375 0.6609375 0.109375 0.125
0 0.58515625 0.646875 0.0390625 0.053125
0 0.7953125 0.69375 0.190625 0.1765625
0 0.4015625 0.64140625 0.0421875 0.053125