3 0.6046875 0.07265625 0.0984375 0.140625
3 0.4140625 0.10703125 0.26171875 0.196875
3 0.625 0.44296875 0.0140625 0.02109375
3 0.6234375 0.409375 0.0203125 0.0359375
3 0.5890625 0.43359375 0.01796875 0.04296875
0 0.5703125 0.50625 0.0375 0.046875
0 0.5421875 0.4984375 0.02265625 0.034375
0 0.5015625 0.49453125 0.0171875 0.0234375
0 0.4359375 0.53828125 0.0546875 0.06640625
0 0.090625 0.6140625 0.13203125 0.07890625
0 0.4 0.50234375 0.0234375 0.034375
0 0.5234375 0.46875 0.01015625 0.0140625
0 0.4890625 0.4890625 0.0125 0.01640625
0 0.4953125 0.4765625 0.0125 0.01640625