3 0.2671875 0.36015625 0.021875 0.03203125
3 0.378125 0.384375 0.009375 0.01953125
0 0.38125 0.421875 0.0109375 0.0234375
0 0.3734375 0.421875 0.01328125 0.028125
0 0.3609375 0.421875 0.01953125 0.0265625
0 0.346875 0.41015625 0.015625 0.0125
0 0.34375 0.42421875 0.021875 0.028125
0 0.31875 0.42265625 0.0203125 0.0390625
0 0.32890625 0.425 0.0203125 0.02890625
0 0.5015625 0.4265625 0.01171875 0.01953125
0 0.30234375 0.42578125 0.03046875 0.0375
0 0.27421875 0.4234375 0.0390625 0.04609375
0 0.2453125 0.425 0.025 0.0390625
0 0.18828125 0.42890625 0.0296875 0.04296875
0 0.16171875 0.43359375 0.04140625 0.0484375
0 0.51796875 0.41875 0.0203125 0.0515625
0 0.4328125 0.42109375 0.03515625 0.075
0 0.3953125 0.425 0.02734375 0.0390625
0 0.21875 0.43359375 0.046875 0.0515625
0 0.478125 0.425 0.01953125 0.025