3 0.3078125 0.3875 0.015625 0.0109375
3 0.2875 0.41015625 0.009375 0.0140625
3 0.5609375 0.38828125 0.01015625 0.021875
3 0.60703125 0.328125 0.0328125 0.071875
2 0.378125 0.34296875 0.00546875 0.025
2 0.371875 0.34453125 0.00625 0.0234375
2 0.3828125 0.34453125 0.0046875 0.0234375
2 0.4546875 0.36015625 0.00546875 0.01953125
2 0.459375 0.36171875 0.00625 0.021875
2 0.46484375 0.36015625 0.00546875 0.021875
0 0.2125 0.47109375 0.02890625 0.02109375
0 0.4453125 0.42421875 0.0078125 0.0140625
0 0.4296875 0.42578125 0.01171875 0.0109375
0 0.4578125 0.4296875 0.01015625 0.015625
0 0.5359375 0.47578125 0.015625 0.0375
0 0.5734375 0.46875 0.02421875 0.0390625
0 0.61171875 0.465625 0.02421875 0.0265625
0 0.43984375 0.434375 0.0109375 0.0140625
0 0.465625 0.43984375 0.01953125 0.02890625