0 0.2640625 0.5796875 0.0109375 0.0265625
0 0.2390625 0.57890625 0.02265625 0.03359375
0 0.50546875 0.56953125 0.01484375 0.028125
0 0.5203125 0.571875 0.0265625 0.0359375
0 0.5515625 0.57734375 0.0375 0.0609375
0 0.571875 0.584375 0.046875 0.065625
0 0.615625 0.60625 0.059375 0.0625
0 0.684375 0.62265625 0.09296875 0.1015625
0 0.2015625 0.58515625 0.05703125 0.07109375
3 0.984375 0.4796875 0.02421875 0.05859375
3 0.165625 0.49609375 0.0296875 0.053125
3 0.6546875 0.51484375 0.01328125 0.0390625
1 0.01484375 0.609375 0.0125 0.0625