2 0.61796875 0.196875 0.0078125 0.040625
2 0.7890625 0.2140625 0.009375 0.046875
2 0.20625 0.140625 0.01328125 0.0625
2 0.953125 0.1703125 0.0109375 0.04140625
2 0.9671875 0.06953125 0.0203125 0.065625
2 0.7984375 0.31796875 0.02421875 0.0359375
0 0.27734375 0.4375 0.18828125 0.265625
0 0.56875 0.40625 0.07890625 0.1125
0 0.89375 0.40859375 0.0734375 0.075
0 0.50625 0.39765625 0.0203125 0.0359375
0 0.47265625 0.40390625 0.02890625 0.04140625
1 0.68125 0.40546875 0.0171875 0.08359375
3 0.721875 0.21328125 0.02578125 0.03203125
3 0.9921875 0.05625 0.01171875 0.040625
0 0.6890625 0.41875 0.05859375 0.0609375
0 0.65859375 0.4046875 0.0359375 0.0640625
0 0.63359375 0.40859375 0.0171875 0.04296875
0 0.7953125 0.4046875 0.04765625 0.040625
0 0.7546875 0.40625 0.02265625 0.046875
0 0.7203125 0.40546875 0.03046875 0.05546875
0 0.49609375 0.3953125 0.009375 0.0234375
0 0.440625 0.39609375 0.01171875 0.0265625
3 0.1671875 0.16328125 0.03671875 0.028125
3 0.796875 0.259375 0.015625 0.028125
2 0.16875 0.3390625 0.0125 0.02890625
1 0.834375 0.384375 0.0125 0.028125
1 0.053125 0.43359375 0.02421875 0.10703125
0 0.62265625 0.40078125 0.021875 0.05
0 0.6109375 0.4125 0.009375 0.025