0 0.46796875 0.69296875 0.01328125 0.01640625
0 0.45625 0.7015625 0.01484375 0.0140625
0 0.45234375 0.68359375 0.01484375 0.01640625
0 0.4375 0.690625 0.02890625 0.04609375
0 0.5015625 0.6984375 0.0546875 0.09453125
0 0.3515625 0.7171875 0.02421875 0.03203125
0 0.3265625 0.71875 0.0234375 0.0484375
0 0.30546875 0.728125 0.021875 0.04296875
0 0.28125 0.734375 0.03515625 0.04609375
0 0.2421875 0.746875 0.03828125 0.05546875
0 0.196875 0.74921875 0.05703125 0.0765625
0 0.13984375 0.75859375 0.06953125 0.0890625
0 0.065625 0.78125 0.103125 0.096875
0 0.01484375 0.803125 0.0296875 0.075
0 0.56328125 0.703125 0.0375 0.065625
0 0.56796875 0.70625 0.03046875 0.05859375
0 0.58125 0.709375 0.04609375 0.06796875
0 0.58828125 0.72109375 0.0296875 0.0875
0 0.6546875 0.709375 0.1125 0.15859375
0 0.7171875 0.746875 0.15 0.16796875
0 0.3984375 0.73359375 0.09296875 0.15
2 0.34375 0.5921875 0.0109375 0.0234375
2 0.334375 0.5921875 0.0078125 0.02890625
2 0.4984375 0.590625 0.0109375 0.01953125
2 0.490625 0.58828125 0.0078125 0.02109375
3 0.546875 0.64609375 0.0109375 0.01953125
3 0.96796875 0.35390625 0.0515625 0.04140625
3 0.2046875 0.63359375 0.01640625 0.0125