3 0.221875 0.41640625 0.0359375 0.05390625
3 0.221875 0.45859375 0.009375 0.01953125
3 0.2234375 0.47890625 0.0109375 0.01640625
3 0.21875 0.4953125 0.02734375 0.01640625
2 0.2109375 0.5265625 0.009375 0.04296875
2 0.22109375 0.52890625 0.0109375 0.04453125
2 0.2359375 0.5625 0.021875 0.02890625
3 0.790625 0.49296875 0.02265625 0.01953125
3 0.7796875 0.534375 0.03203125 0.0234375
3 0.60625 0.59453125 0.0109375 0.00859375
3 0.6046875 0.61484375 0.01171875 0.02109375
3 0.60390625 0.6328125 0.00703125 0.0140625
3 0.3328125 0.609375 0.0109375 0.025
3 0.3390625 0.62421875 0.02734375 0.02109375
2 0.76875 0.490625 0.015625 0.0484375
2 0.05625 0.278125 0.03359375 0.09453125
1 0.89375 0.66953125 0.01484375 0.0359375
1 0.8765625 0.69921875 0.0140625 0.096875
1 0.60703125 0.66796875 0.0078125 0.0375
1 0.02890625 0.77578125 0.05703125 0.446875
1 0.6140625 0.675 0.009375 0.04609375
1 0.67265625 0.703125 0.0140625 0.09453125
1 0.2828125 0.6625 0.0140625 0.02890625
1 0.3015625 0.6625 0.0140625 0.028125
0 0.325 0.703125 0.01796875 0.10703125
0 0.3078125 0.7375 0.03125 0.0515625
0 0.91796875 0.8703125 0.16328125 0.25859375
0 0.4734375 0.76328125 0.34375 0.471875