3 0.4453125 0.228125 0.01640625 0.0140625
3 0.45625 0.253125 0.040625 0.04140625
3 0.5 0.2515625 0.03359375 0.04609375
3 0.32890625 0.22890625 0.02421875 0.04140625
3 0.3578125 0.290625 0.0140625 0.025
3 0.35625 0.3140625 0.01171875 0.02109375
3 0.3578125 0.334375 0.009375 0.01796875
2 0.42265625 0.31796875 0.01015625 0.02109375
2 0.45 0.33828125 0.01015625 0.0140625
2 0.475 0.3203125 0.01015625 0.02109375
2 0.578125 0.17734375 0.01484375 0.02890625
2 0.7609375 0.16328125 0.01171875 0.021875
0 0.4734375 0.3578125 0.01640625 0.03359375
0 0.48359375 0.36796875 0.021875 0.04140625
0 0.5 0.371875 0.03125 0.0625
0 0.5140625 0.384375 0.021875 0.071875
0 0.4296875 0.365625 0.0078125 0.01796875
0 0.4203125 0.36328125 0.0125 0.01796875
0 0.40859375 0.3609375 0.0078125 0.01796875
0 0.4 0.3609375 0.0140625 0.0234375
0 0.34609375 0.3578125 0.01875 0.025
0 0.3234375 0.3609375 0.0234375 0.0265625
0 0.296875 0.36328125 0.02890625 0.0390625
0 0.2359375 0.365625 0.04453125 0.059375
0 0.184375 0.36796875 0.075 0.075
0 0.56875 0.38828125 0.103125 0.15546875
0 0.80625 0.421875 0.3171875 0.30703125
0 0.4515625 0.36640625 0.040625 0.0734375
3 0.134375 0.359375 0.040625 0.0640625
0 0.0265625 0.371875 0.053125 0.1140625
0 0.390625 0.3625 0.01484375 0.02109375