3 0.53046875 0.19765625 0.040625 0.040625
3 0.4203125 0.16796875 0.02578125 0.0359375
3 0.5703125 0.3671875 0.0140625 0.03203125
3 0.59296875 0.36484375 0.0125 0.028125
3 0.628125 0.34765625 0.02421875 0.01640625
3 0.59921875 0.33984375 0.02265625 0.0125
3 0.51484375 0.3390625 0.015625 0.0140625
3 0.33125 0.340625 0.01796875 0.009375
3 0.3203125 0.365625 0.01328125 0.00703125
3 0.2953125 0.353125 0.0125 0.028125
3 0.5359375 0.37109375 0.0078125 0.015625
2 0.49375 0.3390625 0.01015625 0.01640625
2 0.4984375 0.35390625 0.00703125 0.0140625
2 0.44375 0.34765625 0.01171875 0.025
0 0.52109375 0.3984375 0.00703125 0.0234375
0 0.52734375 0.403125 0.01171875 0.0375
0 0.534375 0.40703125 0.01796875 0.040625
0 0.5453125 0.425 0.025 0.0359375
0 0.58125 0.42890625 0.06796875 0.0515625
0 0.4765625 0.384375 0.02265625 0.03046875
0 0.45546875 0.38671875 0.01171875 0.028125
0 0.4859375 0.40703125 0.01796875 0.03359375
0 0.3640625 0.43203125 0.0421875 0.06640625
0 0.5015625 0.434375 0.04140625 0.05859375
0 0.16796875 0.4296875 0.10234375 0.14296875
3 0.7484375 0.2953125 0.02265625 0.03203125
0 0.671875 0.43203125 0.02265625 0.04609375