0 0.0109375 0.6125 0.02109375 0.084375
0 0.0390625 0.5765625 0.01484375 0.01953125
0 0.165625 0.62890625 0.12109375 0.1609375
2 0.321875 0.53359375 0.0109375 0.02109375
2 0.33828125 0.534375 0.01171875 0.028125
2 0.3390625 0.4515625 0.01953125 0.040625
3 0.478125 0.509375 0.0109375 0.0265625
3 0.47734375 0.53515625 0.01328125 0.00703125
0 0.5234375 0.5828125 0.01875 0.034375
0 0.5390625 0.58125 0.00625 0.0234375
0 0.54765625 0.5859375 0.00625 0.0234375
0 0.5546875 0.5859375 0.01171875 0.0234375
0 0.565625 0.5859375 0.0109375 0.0234375
0 0.58125 0.58828125 0.01875 0.03359375
0 0.6171875 0.6 0.03203125 0.04140625
0 0.5078125 0.58984375 0.01171875 0.02109375
0 0.478125 0.59765625 0.05703125 0.075
0 0.365625 0.61328125 0.10390625 0.10390625
3 0.434375 0.521875 0.0171875 0.0265625
3 0.115625 0.47109375 0.01484375 0.03359375
2 0.9203125 0.13125 0.0328125 0.103125
2 0.978125 0.10390625 0.02890625 0.10546875
2 0.953125 0.1125 0.0265625 0.121875
2 0.54375 0.56015625 0.009375 0.0265625
2 0.51953125 0.55703125 0.0078125 0.01953125