2 0.4421875 0.07578125 0.0125 0.0390625
2 0.9421875 0.13671875 0.0109375 0.04453125
2 0.4546875 0.078125 0.0109375 0.04296875
2 0.43515625 0.07578125 0.01171875 0.03203125
2 0.9578125 0.18984375 0.0140625 0.03046875
3 0.55 0.190625 0.02265625 0.0375
3 0.41171875 0.16796875 0.01171875 0.05
3 0.4171875 0.12265625 0.009375 0.0125
3 0.40078125 0.115625 0.01484375 0.0125
3 0.5578125 0.165625 0.00703125 0.01796875
3 0.55703125 0.13125 0.0171875 0.04453125
3 0.5578125 0.0875 0.015625 0.0390625
3 0.5578125 0.0515625 0.0109375 0.02109375
3 0.4953125 0.20625 0.0265625 0.04453125
0 0.5796875 0.296875 0.04296875 0.08203125
0 0.275 0.278125 0.10234375 0.08046875
0 0.3859375 0.29453125 0.096875 0.0859375
0 0.696875 0.3 0.1484375 0.1875
0 0.5078125 0.36328125 0.1625 0.23203125