0 0.203125 0.3296875 0.40546875 0.659375
0 0.903125 0.4375 0.1921875 0.36953125
0 0.41640625 0.365625 0.0875 0.2375
0 0.4625 0.35078125 0.06015625 0.1359375
0 0.49296875 0.32890625 0.04921875 0.115625
0 0.5203125 0.32734375 0.021875 0.08046875
0 0.5375 0.32890625 0.01953125 0.065625
0 0.7 0.3453125 0.0421875 0.14453125
0 0.6734375 0.3515625 0.02890625 0.07109375
0 0.6578125 0.340625 0.03984375 0.065625
0 0.6328125 0.33359375 0.0265625 0.0515625
0 0.61640625 0.33046875 0.01640625 0.034375
0 0.553125 0.32578125 0.0125 0.0390625
0 0.57109375 0.328125 0.02265625 0.03203125
0 0.59609375 0.32890625 0.02109375 0.040625