0 0.6046875 0.49375 0.01875 0.071875
0 0.571875 0.5375 0.0890625 0.26640625
0 0.3609375 0.684375 0.4875 0.56796875
0 0.7265625 0.4890625 0.03984375 0.0484375
0 0.63984375 0.46328125 0.021875 0.0609375
0 0.63828125 0.5 0.021875 0.065625
0 0.675 0.4921875 0.07265625 0.1140625
1 0.1625 0.52421875 0.02734375 0.109375
1 0.603125 0.47265625 0.0109375 0.03203125
1 0.6171875 0.4890625 0.0109375 0.04296875
1 0.75703125 0.49375 0.01484375 0.071875
1 0.7671875 0.48046875 0.01328125 0.0515625
1 0.78984375 0.4828125 0.01484375 0.065625
1 0.8015625 0.490625 0.01328125 0.075
1 0.8109375 0.4890625 0.021875 0.08203125
1 0.821875 0.4859375 0.01640625 0.08203125
1 0.83203125 0.4875 0.01484375 0.075
1 0.84765625 0.4921875 0.021875 0.08046875
1 0.89609375 0.50234375 0.02578125 0.1390625
1 0.878125 0.50859375 0.0421875 0.14609375
1 0.91875 0.5046875 0.021875 0.13359375
1 0.93046875 0.509375 0.03671875 0.18203125
3 0.9203125 0.2765625 0.02421875 0.05546875
3 0.9203125 0.32265625 0.02890625 0.04140625
3 0.73828125 0.415625 0.01875 0.03203125
3 0.6859375 0.35390625 0.03125 0.01640625
3 0.6875 0.40859375 0.01796875 0.0140625
3 0.659375 0.359375 0.01328125 0.025
3 0.425 0.309375 0.01484375 0.04140625
2 0.4390625 0.31328125 0.0125 0.0484375
2 0.6484375 0.3640625 0.0078125 0.0390625
2 0.690625 0.41875 0.0109375 0.01640625