2 0.465625 0.4734375 0.00546875 0.028125
2 0.2734375 0.46640625 0.0078125 0.03359375
2 0.45703125 0.4703125 0.009375 0.03046875
3 0.2 0.48125 0.0359375 0.01953125
3 0.646875 0.5 0.03046875 0.0515625
3 0.75 0.43203125 0.01875 0.065625
3 0.5296875 0.475 0.0109375 0.0265625
3 0.6109375 0.48359375 0.025 0.01953125
3 0.5328125 0.5 0.01328125 0.0140625
1 0.5890625 0.5890625 0.01171875 0.0609375
1 0.890625 0.59609375 0.03984375 0.1359375
0 0.409375 0.58515625 0.015625 0.04453125
0 0.33515625 0.58515625 0.0109375 0.034375
1 0.5140625 0.5828125 0.009375 0.03046875
0 0.3828125 0.5765625 0.015625 0.0140625
0 0.35625 0.5796875 0.01484375 0.02109375
0 0.4234375 0.58515625 0.01484375 0.01953125
0 0.4265625 0.56796875 0.01171875 0.01640625
0 0.44375 0.5734375 0.01328125 0.028125
0 0.4515625 0.58046875 0.01484375 0.0234375
0 0.46015625 0.58359375 0.0109375 0.0140625
0 0.4703125 0.58203125 0.0171875 0.02109375
0 0.47578125 0.58671875 0.01875 0.02109375
0 0.490625 0.5890625 0.02109375 0.034375
0 0.3109375 0.603125 0.03671875 0.13203125
0 0.2140625 0.61796875 0.16875 0.21796875
0 0.37265625 0.659375 0.11484375 0.15390625
0 0.653125 0.65546875 0.1328125 0.1390625
0 0.034375 0.65703125 0.06875 0.1640625
3 0.490625 0.47734375 0.015625 0.01953125