0 0.45703125 0.540625 0.009375 0.01796875
0 0.4640625 0.54296875 0.009375 0.025
0 0.48984375 0.54765625 0.03359375 0.05703125
0 0.52421875 0.56953125 0.05625 0.071875
0 0.45 0.5515625 0.0171875 0.0234375
0 0.41875 0.58203125 0.07421875 0.103125
0 0.3375 0.56953125 0.07421875 0.11796875
0 0.28828125 0.55078125 0.0234375 0.03359375
0 0.253125 0.55703125 0.01953125 0.02890625
0 0.1 0.5515625 0.01875 0.01953125
0 0.0625 0.578125 0.078125 0.0734375
0 0.56328125 0.53671875 0.01328125 0.028125
0 0.58671875 0.53046875 0.02265625 0.028125
0 0.6078125 0.53203125 0.0265625 0.03046875
0 0.790625 0.521875 0.05078125 0.034375
2 0.16484375 0.27265625 0.01953125 0.071875
2 0.525 0.109375 0.02578125 0.10859375
2 0.14765625 0.48828125 0.0234375 0.0359375
2 0.18125 0.27265625 0.0203125 0.06953125
2 0.1484375 0.275 0.01171875 0.065625
2 0.54375 0.11640625 0.0203125 0.09140625
2 0.4984375 0.115625 0.025 0.0875
3 0.52265625 0.484375 0.0140625 0.028125
3 0.3 0.48671875 0.0140625 0.01796875
3 0.3703125 0.475 0.01328125 0.0234375
2 0.725 0.4484375 0.01875 0.0359375
3 0.70625 0.4375 0.01484375 0.025