0 0.540625 0.79140625 0.025 0.046875
0 0.071875 0.75 0.08359375 0.0515625
0 0.171875 0.75625 0.0453125 0.02890625
0 0.26484375 0.75703125 0.034375 0.028125
0 0.29375 0.759375 0.01328125 0.01796875
3 0.35 0.65703125 0.07578125 0.07109375
3 0.253125 0.64765625 0.084375 0.06640625
3 0.1953125 0.55546875 0.0296875 0.07109375
3 0.39375 0.721875 0.00859375 0.01796875
3 0.384375 0.72578125 0.0046875 0.0125
3 0.334375 0.70703125 0.0171875 0.01953125
3 0.303125 0.69765625 0.02265625 0.040625
3 0.47265625 0.746875 0.0171875 0.0234375
3 0.48125 0.7109375 0.01328125 0.01640625
3 0.9703125 0.6625 0.021875 0.07890625
3 0.69140625 0.7171875 0.00625 0.0359375
3 0.6359375 0.7390625 0.0125 0.015625
3 0.60078125 0.7359375 0.01015625 0.015625
3 0.55234375 0.7421875 0.009375 0.0140625
3 0.546875 0.58671875 0.00703125 0.01953125