0 0.9171875 0.41328125 0.1625 0.2375
0 0.8125 0.40703125 0.09765625 0.1140625
0 0.7625 0.39453125 0.06328125 0.08203125
0 0.73125 0.384375 0.046875 0.07890625
0 0.71171875 0.3734375 0.0546875 0.078125
0 0.6828125 0.37265625 0.0171875 0.0375
0 0.675 0.36953125 0.0328125 0.04453125
0 0.65703125 0.3640625 0.02109375 0.034375
0 0.6421875 0.3609375 0.0171875 0.03359375
0 0.6390625 0.353125 0.028125 0.034375
0 0.6234375 0.35390625 0.00546875 0.021875
0 0.6171875 0.35625 0.01171875 0.021875
0 0.6078125 0.34921875 0.01171875 0.0125
0 0.5953125 0.34921875 0.009375 0.0125
0 0.5875 0.35234375 0.00703125 0.0140625
0 0.0921875 0.5796875 0.184375 0.4
0 0.21640625 0.4359375 0.259375 0.25859375
0 0.3640625 0.40234375 0.13046875 0.1390625
0 0.51484375 0.353125 0.02734375 0.0375
0 0.5328125 0.353125 0.015625 0.0359375
0 0.5390625 0.3484375 0.0125 0.0375
0 0.56484375 0.35078125 0.00859375 0.0125
0 0.575 0.34921875 0.0078125 0.0125