3 0.69375 0.38203125 0.0375 0.053125
3 0.6921875 0.315625 0.0484375 0.0734375
3 0.69296875 0.234375 0.06953125 0.096875
3 0.69140625 0.14453125 0.07265625 0.084375
3 0.69140625 0.01484375 0.04375 0.02890625
0 0.10625 0.63984375 0.21015625 0.3875
0 0.19375 0.5796875 0.0328125 0.04609375
0 0.2375 0.584375 0.028125 0.0390625
0 0.26953125 0.5734375 0.0171875 0.0359375
0 0.2921875 0.5734375 0.01015625 0.021875
0 0.30703125 0.57734375 0.0078125 0.015625
0 0.33203125 0.5703125 0.015625 0.03203125
0 0.49375 0.56171875 0.053125 0.0859375
0 0.5734375 0.57890625 0.1078125 0.1125
0 0.421875 0.57265625 0.04921875 0.084375
0 0.35234375 0.578125 0.04140625 0.06796875