2 0.55703125 0.2015625 0.01171875 0.04609375
2 0.9296875 0.034375 0.0171875 0.06796875
2 0.54453125 0.19921875 0.01171875 0.040625
2 0.91015625 0.0359375 0.021875 0.07109375
1 0.96015625 0.378125 0.0140625 0.084375
1 0.9015625 0.38046875 0.0171875 0.1015625
1 0.6140625 0.38046875 0.01171875 0.05
1 0.659375 0.3890625 0.0078125 0.0265625
0 0.6796875 0.38359375 0.01484375 0.01953125
0 0.70625 0.37890625 0.01171875 0.021875
0 0.715625 0.38515625 0.01484375 0.03203125
0 0.728125 0.38671875 0.0140625 0.040625
0 0.74609375 0.3828125 0.021875 0.0609375
0 0.7703125 0.39375 0.04921875 0.0640625
0 0.3921875 0.4953125 0.2171875 0.3390625
3 0.5796875 0.3109375 0.01328125 0.0265625
3 0.575 0.2890625 0.015625 0.0140625