3 0.765625 0.3171875 0.015625 0.0640625
3 0.5078125 0.353125 0.025 0.01640625
3 0.0265625 0.3125 0.01875 0.03046875
3 0.409375 0.35625 0.0125 0.021875
3 0.39375 0.3625 0.01171875 0.02890625
0 0.2609375 0.384375 0.0140625 0.01640625
0 0.28671875 0.3890625 0.01796875 0.0140625
0 0.3015625 0.3859375 0.01171875 0.0140625
0 0.23125 0.3796875 0.01796875 0.02109375
0 0.2171875 0.378125 0.03125 0.02109375
0 0.209375 0.3828125 0.0328125 0.01796875
0 0.309375 0.3875 0.00703125 0.0109375
0 0.32109375 0.3875 0.00625 0.0140625
0 0.3296875 0.38984375 0.009375 0.015625
0 0.3390625 0.3890625 0.009375 0.01953125
0 0.35 0.390625 0.0125 0.021875
0 0.3640625 0.39375 0.0109375 0.03046875
0 0.371875 0.39609375 0.0125 0.0359375
0 0.3859375 0.3984375 0.02734375 0.0359375
0 0.3921875 0.403125 0.009375 0.034375
0 0.4078125 0.4015625 0.021875 0.046875
0 0.41875 0.40625 0.01953125 0.0484375
0 0.4390625 0.41015625 0.04375 0.059375
0 0.1828125 0.38203125 0.0375 0.0359375
0 0.16796875 0.38046875 0.034375 0.03359375
0 0.1578125 0.38203125 0.03828125 0.0390625
0 0.14609375 0.38828125 0.034375 0.04609375
0 0.134375 0.38046875 0.0359375 0.0390625
0 0.1140625 0.38984375 0.06328125 0.05859375
0 0.2453125 0.384375 0.00703125 0.0140625
0 0.0890625 0.39140625 0.08984375 0.053125
0 0.46171875 0.42421875 0.0546875 0.06640625
0 0.9421875 0.47421875 0.115625 0.1
3 0.55703125 0.390625 0.0171875 0.040625