3 0.6390625 0.3890625 0.0234375 0.03359375
3 0.5421875 0.34609375 0.0125 0.021875
3 0.54140625 0.3765625 0.0125 0.02109375
3 0.5421875 0.403125 0.01171875 0.01640625
3 0.5640625 0.4125 0.01328125 0.028125
3 0.775 0.3359375 0.034375 0.02109375
2 0.0125 0.36796875 0.01875 0.0265625
2 0.040625 0.3703125 0.015625 0.0265625
2 0.55 0.09375 0.01953125 0.07890625
2 0.56875 0.0828125 0.01953125 0.07109375
2 0.790625 0.37265625 0.01328125 0.0234375
2 0.765625 0.371875 0.00859375 0.0265625
2 0.45078125 0.39765625 0.00703125 0.021875
2 0.5125 0.41953125 0.0078125 0.02109375
2 0.3484375 0.40859375 0.00703125 0.021875
0 0.7625 0.5609375 0.3171875 0.30390625
0 0.4515625 0.47734375 0.05234375 0.078125
0 0.56796875 0.503125 0.0984375 0.11640625
0 0.40625 0.45546875 0.028125 0.0375