0 0.35625 0.728125 0.03125 0.0375
0 0.5 0.69765625 0.01171875 0.04453125
0 0.5203125 0.69375 0.034375 0.059375
0 0.03046875 0.78828125 0.0578125 0.08359375
0 0.128125 0.778125 0.13125 0.10546875
0 0.3109375 0.73515625 0.046875 0.059375
0 0.55625 0.6953125 0.05234375 0.07109375
0 0.4375 0.728125 0.1328125 0.17109375
0 0.984375 0.6671875 0.0265625 0.14296875
3 0.0421875 0.646875 0.02578125 0.01640625
3 0.034375 0.68046875 0.0140625 0.04609375
3 0.240625 0.61328125 0.01484375 0.0140625
3 0.25 0.63984375 0.02109375 0.0140625
2 0.240625 0.66640625 0.0109375 0.025
2 0.2 0.3671875 0.0171875 0.08046875
2 0.503125 0.4765625 0.01796875 0.05
2 0.2234375 0.3703125 0.01796875 0.07109375
2 0.4859375 0.46875 0.00859375 0.04609375
2 0.96875 0.3609375 0.0203125 0.05546875