2 0.471875 0.64765625 0.00859375 0.01640625
2 0.4921875 0.65078125 0.0078125 0.0125
3 0.5265625 0.671875 0.00703125 0.015625
3 0.38828125 0.66875 0.02265625 0.04140625
2 0.4203125 0.6671875 0.00546875 0.01640625
0 0.5953125 0.6828125 0.02421875 0.04140625
0 0.578125 0.675 0.00859375 0.021875
0 0.54375 0.6765625 0.02890625 0.02890625
0 0.41484375 0.6921875 0.0203125 0.021875
0 0.39296875 0.71640625 0.02109375 0.02890625
0 0.36640625 0.72109375 0.02734375 0.034375
0 0.3203125 0.71953125 0.02265625 0.0375
0 0.3078125 0.72734375 0.0265625 0.03359375
0 0.3390625 0.72421875 0.0328125 0.0484375
0 0.275 0.734375 0.03125 0.046875
0 0.23359375 0.746875 0.03203125 0.034375
0 0.18125 0.759375 0.04765625 0.0515625
0 0.2109375 0.728125 0.028125 0.01953125
0 0.5125 0.678125 0.01484375 0.01953125
2 0.5 0.67578125 0.00859375 0.01640625
2 0.4375 0.675 0.0078125 0.0125
0 0.4546875 0.6734375 0.028125 0.021875
0 0.4703125 0.74375 0.115625 0.128125
0 0.68125 0.70546875 0.18515625 0.190625
1 0.9421875 0.66328125 0.0203125 0.09140625
0 0.0828125 0.73515625 0.0671875 0.103125
0 0.1359375 0.765625 0.0390625 0.04609375
0 0.021875 0.7734375 0.04375 0.11796875