3 0.1625 0.29921875 0.01796875 0.025
3 0.76953125 0.20390625 0.04453125 0.03046875
3 0.63359375 0.1921875 0.01875 0.0390625
3 0.403125 0.36796875 0.01015625 0.01640625
1 0.58125 0.39296875 0.0140625 0.115625
0 0.4390625 0.39296875 0.01015625 0.01796875
0 0.43046875 0.39453125 0.01015625 0.0234375
0 0.4171875 0.396875 0.01953125 0.02890625
0 0.4 0.4 0.0203125 0.0390625
0 0.38828125 0.40546875 0.01484375 0.0359375
0 0.375 0.403125 0.02578125 0.05
0 0.35625 0.409375 0.040625 0.0625
0 0.3359375 0.41328125 0.03046875 0.06796875
0 0.3 0.41328125 0.07421875 0.0875
0 0.4671875 0.42421875 0.0765625 0.1109375
0 0.2625 0.4359375 0.090625 0.1015625
0 0.92734375 0.4125 0.10390625 0.146875
1 0.84296875 0.540625 0.08828125 0.55390625
1 0.525 0.4078125 0.0265625 0.121875