3 0.7578125 0.18515625 0.0328125 0.0625
3 0.2640625 0.5453125 0.0140625 0.0359375
3 0.5234375 0.51875 0.0296875 0.01796875
2 0.7015625 0.1875 0.0203125 0.090625
2 0.66875 0.1890625 0.021875 0.08359375
1 0.8046875 0.56328125 0.025 0.078125
1 0.825 0.546875 0.01875 0.08046875
1 0.86875 0.584375 0.03828125 0.153125
0 0.534375 0.578125 0.00703125 0.0375
0 0.5421875 0.58359375 0.0109375 0.04453125
0 0.584375 0.59140625 0.04609375 0.06796875
0 0.63515625 0.5984375 0.0671875 0.1
0 0.4328125 0.59296875 0.0203125 0.0359375
0 0.42734375 0.60546875 0.02421875 0.03203125
0 0.28046875 0.6453125 0.1 0.153125
0 0.4671875 0.603125 0.05234375 0.0890625
0 0.3515625 0.6453125 0.1078125 0.20546875
0 0.121875 0.74453125 0.24375 0.2765625