0 0.584375 0.553125 0.0109375 0.0125
0 0.5703125 0.55546875 0.0125 0.0140625
0 0.5625 0.559375 0.0140625 0.0125
0 0.67265625 0.546875 0.01015625 0.0109375
0 0.7 0.565625 0.034375 0.040625
0 0.653125 0.559375 0.0140625 0.01796875
0 0.66171875 0.5484375 0.00859375 0.0109375
0 0.61328125 0.57890625 0.05 0.071875
0 0.59375 0.56015625 0.01015625 0.0234375
3 0.10625 0.5734375 0.00859375 0.01953125
3 0.775 0.51484375 0.0140625 0.01796875
3 0.7171875 0.53828125 0.01015625 0.0125
3 0.6828125 0.51328125 0.01015625 0.0265625
3 0.68828125 0.54140625 0.0078125 0.0140625
3 0.69765625 0.41796875 0.025 0.04140625
3 0.64375 0.42421875 0.0234375 0.04609375
3 0.6 0.43046875 0.0234375 0.04140625
0 0.66875 0.56640625 0.0078125 0.0140625
1 0.66875 0.5609375 0.0078125 0.01953125
3 0.11484375 0.4796875 0.01953125 0.02109375
3 0.76171875 0.4078125 0.075 0.06953125