2 0.5359375 0.28984375 0.00703125 0.03046875
2 0.234375 0.3046875 0.00703125 0.03046875
2 0.24609375 0.30625 0.0046875 0.028125
2 0.5453125 0.2875 0.00625 0.03046875
2 0.5859375 0.3015625 0.00625 0.028125
3 0.615625 0.30859375 0.01953125 0.015625
3 0.6140625 0.23828125 0.015625 0.04140625
3 0.628125 0.28984375 0.02421875 0.00859375
3 0.421875 0.34140625 0.028125 0.03046875
0 0.2875 0.415625 0.06875 0.1140625
0 0.4796875 0.409375 0.02578125 0.0390625
0 0.39375 0.590625 0.29765625 0.4140625
0 0.13828125 0.45234375 0.27421875 0.25546875
0 0.5203125 0.415625 0.01953125 0.0390625
1 0.5078125 0.4203125 0.01328125 0.05703125
1 0.553125 0.40703125 0.01328125 0.05703125
1 0.5703125 0.4140625 0.01328125 0.0609375
1 0.584375 0.41640625 0.0109375 0.05859375
1 0.5984375 0.4125 0.015625 0.0625
1 0.61015625 0.4046875 0.0171875 0.053125
1 0.6328125 0.4140625 0.00625 0.04296875
1 0.6265625 0.40390625 0.00625 0.04140625
1 0.6390625 0.396875 0.01015625 0.05859375
1 0.6515625 0.403125 0.01328125 0.065625
1 0.6609375 0.4203125 0.0109375 0.09140625
1 0.66796875 0.4046875 0.00859375 0.065625
1 0.665625 0.38984375 0.00859375 0.065625
1 0.68515625 0.41171875 0.01875 0.08359375
1 0.740625 0.40078125 0.015625 0.0875
1 0.7953125 0.37421875 0.01484375 0.05703125
1 0.825 0.38671875 0.0265625 0.0765625
1 0.8515625 0.38359375 0.01328125 0.06953125
1 0.8703125 0.38125 0.02109375 0.078125
3 0.5859375 0.325 0.0125 0.0125