2 0.521875 0.340625 0.0078125 0.02890625
2 0.56875 0.4015625 0.0078125 0.01953125
3 0.5765625 0.375 0.01328125 0.015625
3 0.66875 0.33984375 0.02421875 0.01640625
3 0.5015625 0.43359375 0.009375 0.02109375
3 0.2875 0.38828125 0.0125 0.00703125
3 0.29375 0.4015625 0.0171875 0.0125
2 0.2796875 0.29296875 0.009375 0.0375
2 0.5765625 0.4171875 0.009375 0.01640625
0 0.128125 0.609375 0.25625 0.39140625
0 0.2796875 0.52578125 0.153125 0.19296875
0 0.3640625 0.50078125 0.0703125 0.12109375
0 0.3984375 0.478125 0.0484375 0.09140625
0 0.1984375 0.4671875 0.0390625 0.05
0 0.80625 0.5625 0.38515625 0.453125
0 0.61328125 0.4828125 0.0546875 0.09609375
0 0.4875 0.46484375 0.0265625 0.034375