3 0.0921875 0.50625 0.0359375 0.06640625
3 0.24375 0.52734375 0.01328125 0.02109375
3 0.47421875 0.509375 0.01328125 0.02109375
3 0.65703125 0.46484375 0.02890625 0.0515625
2 0.3296875 0.48125 0.00703125 0.0359375
3 0.003125 0.56015625 0.00625 0.0296875
2 0.4015625 0.48125 0.009375 0.0359375
0 0.35625 0.565625 0.021875 0.02109375
0 0.38125 0.565625 0.0140625 0.02109375
0 0.40703125 0.565625 0.025 0.015625
0 0.4359375 0.5609375 0.02734375 0.034375
0 0.475 0.54765625 0.04765625 0.04296875
0 0.48125 0.5890625 0.03515625 0.06796875
0 0.5140625 0.58984375 0.05 0.121875
0 0.5546875 0.596875 0.08515625 0.17109375
0 0.6734375 0.62265625 0.20390625 0.26796875
0 0.3140625 0.56328125 0.0296875 0.0515625
0 0.33984375 0.5734375 0.015625 0.02890625
0 0.29765625 0.58359375 0.03984375 0.053125
0 0.284375 0.59375 0.05 0.1
0 0.209375 0.63671875 0.1734375 0.1984375
0 0.3875 0.7546875 0.27734375 0.3875
0 0.109375 0.76015625 0.21796875 0.365625
0 0.84609375 0.70078125 0.30625 0.59140625