0 0.05234375 0.66484375 0.10390625 0.196875
0 0.98984375 0.73828125 0.01953125 0.14140625
0 0.109375 0.609375 0.06875 0.084375
0 0.1546875 0.61640625 0.096875 0.08203125
0 0.465625 0.60390625 0.0796875 0.134375
0 0.6359375 0.6078125 0.071875 0.0859375
0 0.87421875 0.5765625 0.25078125 0.340625
0 0.3234375 0.6375 0.21640625 0.2875
0 0.53125 0.58515625 0.03671875 0.0484375
0 0.67890625 0.62734375 0.0921875 0.090625
0 0.728125 0.59375 0.05 0.046875
1 0.72890625 0.5953125 0.0171875 0.06796875
1 0.203125 0.590625 0.00859375 0.046875
3 0.6546875 0.49921875 0.015625 0.0125
3 0.59765625 0.50390625 0.01171875 0.0125
3 0.59140625 0.52265625 0.01484375 0.00703125
3 0.53984375 0.47265625 0.03203125 0.01640625
3 0.53203125 0.5515625 0.00859375 0.01796875
3 0.1015625 0.50859375 0.0234375 0.0109375
3 0.10625 0.4921875 0.009375 0.0140625
3 0.09375 0.478125 0.01640625 0.0125
3 0.0921875 0.453125 0.02109375 0.0125
2 0.0859375 0.528125 0.0171875 0.021875
2 0.1125 0.43125 0.0109375 0.034375
2 0.2921875 0.4625 0.00546875 0.021875
3 0.2546875 0.47265625 0.03359375 0.0140625
3 0.1625 0.5390625 0.01015625 0.0109375
2 0.2875 0.4625 0.0046875 0.0265625
2 0.49453125 0.4640625 0.00390625 0.025