2 0.2984375 0.45 0.0109375 0.02890625
2 0.2890625 0.45234375 0.009375 0.034375
2 0.496875 0.446875 0.009375 0.025
3 0.18828125 0.4765625 0.0140625 0.015625
3 0.196875 0.49296875 0.01953125 0.00859375
0 0.39296875 0.55390625 0.02265625 0.028125
0 0.375 0.55859375 0.01328125 0.025
0 0.3546875 0.5640625 0.02734375 0.0265625
0 0.12734375 0.5828125 0.07890625 0.04296875
1 0.1 0.578125 0.01640625 0.0765625
0 0.225 0.59296875 0.09140625 0.09140625
0 0.4609375 0.559375 0.0140625 0.00859375
0 0.478125 0.56015625 0.01640625 0.01953125
0 0.4921875 0.56015625 0.0109375 0.01953125
0 0.5140625 0.565625 0.03984375 0.0640625
3 0.51015625 0.51796875 0.0109375 0.028125
0 0.428125 0.571875 0.04765625 0.0734375
2 0.6578125 0.503125 0.015625 0.01953125
3 0.559375 0.490625 0.01171875 0.00703125
0 0.63125 0.56953125 0.02890625 0.04453125
0 0.6734375 0.59453125 0.09921875 0.140625
0 0.784375 0.6140625 0.19921875 0.1875
0 0.5765625 0.5875 0.10078125 0.14296875
0 0.915625 0.66640625 0.16875 0.309375