3 0.684375 0.228125 0.10078125 0.04296875
3 0.85625 0.134375 0.025 0.09140625
3 0.89453125 0.2375 0.0453125 0.0265625
2 0.8640625 0.1609375 0.03125 0.1359375
0 0.74375 0.5171875 0.05234375 0.1140625
0 0.3421875 0.56796875 0.03984375 0.10859375
0 0.86171875 0.63125 0.275 0.46953125
0 0.5484375 0.546875 0.38046875 0.65859375
1 0.3046875 0.58828125 0.0328125 0.14140625
2 0.17890625 0.42265625 0.01484375 0.04140625
1 0.15078125 0.5984375 0.01796875 0.071875
1 0.13046875 0.60625 0.0140625 0.06640625
1 0.1203125 0.609375 0.0203125 0.0765625
1 0.103125 0.6015625 0.01796875 0.0640625
1 0.05625 0.59453125 0.01328125 0.01953125
0 0.0953125 0.75234375 0.18984375 0.421875
3 0.171875 0.45390625 0.02578125 0.0125
3 0.18828125 0.51875 0.02578125 0.01796875
2 0.9109375 0.35546875 0.034375 0.04296875
3 0.87109375 0.3015625 0.04375 0.028125