2 0.48046875 0.384375 0.00703125 0.0140625
2 0.4875 0.40234375 0.00703125 0.01796875
2 0.5046875 0.3984375 0.00625 0.01796875
2 0.4828125 0.375 0.00703125 0.01640625
0 0.2375 0.46015625 0.0453125 0.075
0 0.3625 0.44765625 0.0265625 0.03046875
0 0.3203125 0.4515625 0.03828125 0.04609375
0 0.18125 0.46875 0.078125 0.09140625
0 0.4015625 0.434375 0.03984375 0.053125
0 0.44921875 0.43203125 0.0640625 0.10703125
3 0.36875 0.41640625 0.0140625 0.02109375
3 0.41328125 0.3734375 0.0125 0.025
0 0.496875 0.4296875 0.01640625 0.01640625
0 0.4859375 0.43125 0.0109375 0.01953125
0 0.3453125 0.446875 0.01484375 0.0390625
0 0.03125 0.52109375 0.059375 0.20546875