3 0.428125 0.48515625 0.0328125 0.04140625
3 0.4 0.48046875 0.0234375 0.0375
0 0.3625 0.5390625 0.01171875 0.01953125
0 0.378125 0.5453125 0.01484375 0.0109375
0 0.39453125 0.5484375 0.01328125 0.0140625
0 0.40703125 0.55703125 0.01171875 0.02109375
0 0.4265625 0.56484375 0.0265625 0.04140625
0 0.44375 0.5578125 0.01484375 0.01953125
0 0.46015625 0.5625 0.0265625 0.03359375
0 0.48984375 0.5578125 0.02734375 0.0375
0 0.5609375 0.57109375 0.04765625 0.0640625
0 0.7671875 0.628125 0.2625 0.2890625
0 0.35 0.55234375 0.02265625 0.03046875
0 0.33125 0.55078125 0.01328125 0.0375
0 0.3109375 0.55390625 0.0171875 0.034375
0 0.26328125 0.546875 0.040625 0.04296875
0 0.1203125 0.55703125 0.1609375 0.05390625