0 0.3484375 0.41640625 0.01875 0.02109375
0 0.3703125 0.41015625 0.01484375 0.028125
0 0.38203125 0.41640625 0.01953125 0.03046875
0 0.396875 0.41171875 0.01328125 0.034375
0 0.475 0.42109375 0.01875 0.0265625
0 0.4921875 0.4234375 0.025 0.034375
0 0.5 0.428125 0.0171875 0.03046875
0 0.5046875 0.43046875 0.0109375 0.0265625
0 0.53203125 0.41171875 0.0515625 0.09609375
0 0.540625 0.4375 0.0265625 0.0484375
0 0.5640625 0.44453125 0.040625 0.0640625
0 0.59375 0.453125 0.05546875 0.07109375
0 0.6125 0.471875 0.04609375 0.075
0 0.6890625 0.45859375 0.13203125 0.15703125
2 0.35390625 0.34453125 0.00625 0.02109375
2 0.3609375 0.34453125 0.00625 0.02109375
0 0.33515625 0.42109375 0.01484375 0.02109375