2 0.5390625 0.278125 0.00625 0.0265625
2 0.59296875 0.3078125 0.00625 0.01953125
2 0.3890625 0.284375 0.0078125 0.0234375
3 0.7671875 0.30390625 0.01484375 0.05390625
3 0.590625 0.2875 0.01328125 0.02109375
3 0.06328125 0.26171875 0.015625 0.040625
0 0.45 0.353125 0.04609375 0.03046875
0 0.4046875 0.40859375 0.03984375 0.07890625
0 0.5484375 0.37578125 0.02890625 0.03359375
0 0.5125 0.396875 0.05390625 0.07890625
0 0.265625 0.3765625 0.10703125 0.109375
0 0.7921875 0.421875 0.13203125 0.140625
0 0.5703125 0.415625 0.078125 0.09296875
0 0.45 0.428125 0.0828125 0.1234375
0 0.1625 0.4796875 0.32421875 0.3109375