3 0.215625 0.4203125 0.02734375 0.015625
3 0.153125 0.44609375 0.01171875 0.009375
3 0.1609375 0.4671875 0.0140625 0.0125
3 0.46484375 0.421875 0.02421875 0.0125
3 0.5171875 0.43046875 0.01171875 0.009375
3 0.628125 0.33359375 0.0171875 0.02109375
3 0.628125 0.36015625 0.0171875 0.028125
0 0.4578125 0.52421875 0.11640625 0.1015625
0 0.528125 0.615625 0.2765625 0.265625
0 0.8265625 0.66953125 0.34296875 0.628125
1 0.14609375 0.540625 0.01171875 0.04296875
1 0.20625 0.53046875 0.01171875 0.0390625
3 0.24375 0.4828125 0.015625 0.015625
2 0.271875 0.41796875 0.01328125 0.025
0 0.07421875 0.54921875 0.0140625 0.046875
0 0.384375 0.53203125 0.0296875 0.040625