0 0.4875 0.5109375 0.0140625 0.021875
0 0.475 0.5109375 0.0203125 0.0265625
0 0.5546875 0.51171875 0.0125 0.028125
0 0.55859375 0.5140625 0.0125 0.028125
0 0.5703125 0.50703125 0.021875 0.0484375
0 0.5734375 0.50703125 0.01796875 0.059375
0 0.58671875 0.503125 0.02734375 0.065625
0 0.58828125 0.51171875 0.0140625 0.065625
0 0.621875 0.50390625 0.05703125 0.09140625
0 0.396875 0.51015625 0.0390625 0.053125
0 0.33125 0.5140625 0.0578125 0.084375
0 0.509375 0.50703125 0.03125 0.0265625
0 0.640625 0.5140625 0.0765625 0.090625
0 0.4390625 0.50390625 0.0625 0.08046875
3 0.1953125 0.35859375 0.0375 0.065625