3 0.0953125 0.5109375 0.08984375 0.21640625
3 0.2671875 0.5671875 0.034375 0.07890625
3 0.0953125 0.6578125 0.015625 0.0390625
0 0.021875 0.74453125 0.04296875 0.1015625
0 0.1859375 0.7078125 0.065625 0.065625
0 0.2640625 0.69453125 0.06953125 0.0484375
0 0.4734375 0.67578125 0.01875 0.02890625
0 0.49765625 0.67578125 0.03125 0.046875
0 0.44296875 0.6765625 0.034375 0.053125
3 0.475 0.63984375 0.0109375 0.02109375
3 0.52265625 0.66484375 0.00703125 0.01953125
3 0.6859375 0.58125 0.03125 0.03359375