3 0.56640625 0.33203125 0.01796875 0.009375
3 0.55625 0.36171875 0.015625 0.02890625
2 0.29609375 0.2640625 0.0109375 0.053125
2 0.484375 0.31953125 0.00703125 0.02890625
2 0.47421875 0.31875 0.00703125 0.028125
2 0.3921875 0.4015625 0.00546875 0.025
0 0.4984375 0.4484375 0.01015625 0.02890625
0 0.43515625 0.45859375 0.01015625 0.025
0 0.4 0.453125 0.00703125 0.01953125
0 0.38671875 0.4734375 0.03671875 0.075
0 0.46015625 0.4375 0.03515625 0.0125
0 0.41953125 0.45859375 0.0234375 0.034375
0 0.32734375 0.50078125 0.11015625 0.1484375
0 0.4703125 0.4921875 0.071875 0.096875
0 0.921875 0.5125 0.15234375 0.53359375
0 0.52109375 0.45703125 0.028125 0.04296875