0 0.9015625 0.340625 0.13515625 0.1109375
2 0.778125 0.184375 0.00703125 0.034375
2 0.9125 0.2109375 0.00390625 0.03203125
2 0.6578125 0.26796875 0.00703125 0.03203125
2 0.78671875 0.1859375 0.00859375 0.04140625
2 0.91953125 0.2125 0.00859375 0.040625
3 0.6453125 0.2296875 0.015625 0.015625
3 0.6359375 0.246875 0.015625 0.00546875
3 0.9609375 0.240625 0.02109375 0.00703125
0 0.75546875 0.3171875 0.021875 0.025
0 0.73515625 0.31796875 0.01875 0.01953125
0 0.71953125 0.315625 0.0140625 0.01953125
3 0.6953125 0.21015625 0.0140625 0.0390625
3 0.6921875 0.23984375 0.01875 0.0125