2 0.4046875 0.28046875 0.009375 0.0359375
2 0.6484375 0.20859375 0.0109375 0.046875
2 0.821875 0.23046875 0.009375 0.04609375
2 0.396875 0.2796875 0.00703125 0.034375
2 0.415625 0.28359375 0.00234375 0.0359375
2 0.2890625 0.36796875 0.0078125 0.04296875
2 0.4890625 0.3109375 0.00703125 0.03203125
3 0.4515625 0.30078125 0.0453125 0.015625
1 0.70625 0.4234375 0.01328125 0.06796875
0 0.27890625 0.43984375 0.0109375 0.01796875
0 0.2890625 0.45 0.01640625 0.0265625
0 0.25 0.446875 0.02109375 0.034375
0 0.2625 0.45625 0.0265625 0.028125
0 0.4578125 0.4359375 0.015625 0.01953125
0 0.47265625 0.43984375 0.01015625 0.0125
0 0.4921875 0.43828125 0.02265625 0.0265625
0 0.5375 0.434375 0.025 0.04140625
0 0.56015625 0.43671875 0.03046875 0.046875
0 0.5921875 0.440625 0.04765625 0.05703125
1 0.628125 0.43125 0.01015625 0.05
0 0.66640625 0.44296875 0.0671875 0.065625
0 0.35625 0.43203125 0.00859375 0.0109375
0 0.3640625 0.4328125 0.00625 0.0125
0 0.37265625 0.43125 0.00859375 0.015625
0 0.3796875 0.43515625 0.00625 0.015625
1 0.18515625 0.46328125 0.03203125 0.1890625
1 0.9296875 0.4125 0.0171875 0.084375