0 0.4421875 0.42265625 0.01796875 0.028125
0 0.390625 0.4265625 0.0203125 0.03359375
0 0.465625 0.43828125 0.025 0.040625
0 0.3671875 0.4390625 0.03125 0.05
0 0.3375 0.44140625 0.05078125 0.065625
0 0.3171875 0.45625 0.05625 0.08359375
0 0.2515625 0.4640625 0.12890625 0.13203125
0 0.21015625 0.4984375 0.14453125 0.18203125
0 0.5265625 0.4578125 0.03125 0.10546875
0 0.5640625 0.4796875 0.06171875 0.1359375
0 0.67890625 0.503125 0.17578125 0.2109375
0 0.4203125 0.4375 0.0390625 0.065625
0 0.48359375 0.44140625 0.03671875 0.05703125
0 0.09921875 0.5296875 0.19453125 0.3484375
0 0.88203125 0.5734375 0.234375 0.4640625