2 0.4390625 0.36171875 0.01015625 0.01796875
2 0.415625 0.36015625 0.00546875 0.02109375
2 0.6703125 0.32421875 0.0125 0.0265625
2 0.42109375 0.35625 0.00546875 0.02109375
2 0.65234375 0.321875 0.0140625 0.0375
2 0.215625 0.32421875 0.01171875 0.03046875
2 0.196875 0.321875 0.021875 0.034375
3 0.26171875 0.31796875 0.0140625 0.0390625
3 0.6421875 0.25234375 0.0375 0.021875
3 0.65703125 0.22578125 0.02109375 0.021875
1 0.86484375 0.4640625 0.028125 0.1484375
1 0.9 0.46171875 0.0328125 0.165625
1 0.803125 0.46953125 0.028125 0.15703125
1 0.73203125 0.459375 0.02421875 0.15703125
1 0.696875 0.46171875 0.0234375 0.165625
1 0.69375 0.375 0.01640625 0.06640625
1 0.6765625 0.45546875 0.02109375 0.1484375
1 0.928125 0.440625 0.0328125 0.23046875
1 0.9578125 0.41796875 0.071875 0.284375
1 0.221875 0.4640625 0.02578125 0.16953125
0 0.3765625 0.465625 0.03828125 0.1140625
0 0.303125 0.46015625 0.084375 0.115625
0 0.6 0.45859375 0.090625 0.1625
0 0.4671875 0.503125 0.203125 0.3