3 0.16953125 0.49921875 0.01953125 0.0140625
2 0.14921875 0.49375 0.0078125 0.0234375
2 0.1859375 0.48359375 0.009375 0.0234375
2 0.2515625 0.47578125 0.0078125 0.0265625
2 0.2375 0.47109375 0.0109375 0.0125
2 0.27734375 0.490625 0.0046875 0.0140625
2 0.37890625 0.5234375 0.0046875 0.01640625
2 0.4046875 0.509375 0.00546875 0.0234375
2 0.1328125 0.5625 0.00703125 0.021875
2 0.0640625 0.509375 0.00703125 0.02109375
2 0.07734375 0.51875 0.00703125 0.01953125
0 0.2578125 0.66484375 0.3 0.3375
0 0.6640625 0.56875 0.1484375 0.11796875
0 0.5453125 0.5640625 0.071875 0.0640625
0 0.45078125 0.559375 0.04765625 0.05859375
0 0.4234375 0.565625 0.02421875 0.04140625
0 0.409375 0.5625 0.02890625 0.0359375
0 0.39140625 0.565625 0.0125 0.028125
0 0.3859375 0.56171875 0.02109375 0.034375
0 0.13046875 0.5984375 0.0234375 0.03203125
0 0.5078125 0.55234375 0.04453125 0.040625
2 0.31015625 0.4890625 0.0078125 0.01953125
3 0.590625 0.45078125 0.02265625 0.046875
0 0.56171875 0.53828125 0.0421875 0.040625