2 0.428125 0.54453125 0.00546875 0.0140625
2 0.5203125 0.53984375 0.0046875 0.015625
1 0.753125 0.590625 0.021875 0.0859375
0 0.0796875 0.59296875 0.159375 0.2359375
0 0.18515625 0.609375 0.0859375 0.1125
0 0.24921875 0.5671875 0.0984375 0.13359375
0 0.33828125 0.58671875 0.0390625 0.05703125
0 0.396875 0.56953125 0.03125 0.04609375
0 0.41875 0.56875 0.01328125 0.03046875
0 0.446875 0.57265625 0.01328125 0.015625
0 0.5 0.56328125 0.03203125 0.071875
0 0.6296875 0.596875 0.08125 0.0859375
0 0.8875 0.6046875 0.22109375 0.3609375
0 0.44140625 0.56640625 0.01953125 0.0140625
0 0.4734375 0.565625 0.00859375 0.0140625