1 0.5484375 0.5671875 0.02734375 0.1359375
1 0.59296875 0.5828125 0.04375 0.15703125
1 0.76875 0.6015625 0.07109375 0.296875
0 0.4171875 0.60625 0.059375 0.190625
0 0.415625 0.6640625 0.05546875 0.1640625
1 0.98125 0.5828125 0.03671875 0.2890625
0 0.2265625 0.578125 0.025 0.034375
0 0.1875 0.5859375 0.0203125 0.03359375
0 0.3546875 0.54140625 0.01875 0.0140625
0 0.3421875 0.553125 0.01328125 0.028125
0 0.3671875 0.5859375 0.05 0.09453125
0 0.428125 0.5515625 0.01875 0.028125
0 0.46015625 0.5859375 0.0578125 0.09453125
0 0.3 0.5734375 0.09375 0.21796875
3 0.7296875 0.3453125 0.0484375 0.0609375
3 0.728125 0.27734375 0.05 0.075
3 0.571875 0.43046875 0.0265625 0.04453125