0 0.3796875 0.3859375 0.01171875 0.015625
0 0.3734375 0.38046875 0.01328125 0.015625
0 0.365625 0.3875 0.01640625 0.0140625
0 0.3578125 0.3859375 0.00859375 0.03203125
0 0.3421875 0.390625 0.0265625 0.053125
0 0.2875 0.38984375 0.01171875 0.0140625
0 0.2734375 0.38984375 0.01328125 0.0140625
0 0.25625 0.3890625 0.01796875 0.015625
0 0.24140625 0.38984375 0.02109375 0.0234375
0 0.221875 0.38984375 0.0265625 0.0234375
0 0.19765625 0.39453125 0.02265625 0.02109375
0 0.1515625 0.434375 0.11171875 0.121875
0 0.328125 0.41015625 0.04140625 0.05
0 0.01796875 0.37734375 0.0359375 0.09296875
3 0.321875 0.34765625 0.02109375 0.01796875