3 0.2890625 0.3609375 0.0234375 0.09296875
3 0.6046875 0.42578125 0.01171875 0.034375
0 0.2765625 0.54140625 0.0265625 0.01953125
0 0.3328125 0.546875 0.0171875 0.01953125
0 0.43671875 0.51015625 0.01875 0.02109375
0 0.3609375 0.52109375 0.02109375 0.01953125
0 0.71796875 0.53125 0.009375 0.0265625
0 0.725 0.53359375 0.01171875 0.02109375
0 0.7359375 0.53359375 0.01953125 0.034375
0 0.7546875 0.534375 0.03203125 0.03359375
0 0.7828125 0.540625 0.040625 0.0484375
0 0.83125 0.5484375 0.06328125 0.0734375
0 0.4328125 0.53984375 0.01484375 0.01953125
0 0.1859375 0.54765625 0.03984375 0.0265625
0 0.3578125 0.55625 0.0265625 0.021875
0 0.403125 0.55625 0.03359375 0.028125
0 0.884375 0.5609375 0.07578125 0.084375
0 0.9703125 0.57734375 0.0578125 0.1265625
0 0.4484375 0.54296875 0.0125 0.01640625