3 0.29296875 0.45078125 0.0203125 0.0140625
3 0.2875 0.37421875 0.0359375 0.0625
3 0.20703125 0.5 0.01875 0.01953125
2 0.121875 0.375 0.0125 0.05390625
2 0.3109375 0.51484375 0.02421875 0.0234375
2 0.68125 0.3390625 0.05625 0.078125
3 0.509375 0.46484375 0.01328125 0.04140625
1 0.334375 0.6046875 0.02109375 0.10703125
0 0.2828125 0.57109375 0.025 0.0265625
0 0.2625 0.5734375 0.03203125 0.03046875
0 0.225 0.58203125 0.03984375 0.04296875
0 0.63125 0.53046875 0.03125 0.0375
0 0.7015625 0.52421875 0.02734375 0.0390625
0 0.740625 0.53203125 0.0953125 0.10390625
0 0.578125 0.56015625 0.134375 0.08203125
0 0.1734375 0.584375 0.0328125 0.05
0 0.0921875 0.7234375 0.184375 0.253125
0 0.5890625 0.778125 0.41953125 0.37109375
0 0.840625 0.54453125 0.12109375 0.10390625
3 0.303125 0.434375 0.0203125 0.01640625