0 0.3234375 0.384375 0.01171875 0.01796875
0 0.31171875 0.38828125 0.00859375 0.015625
0 0.30234375 0.3890625 0.01484375 0.02109375
0 0.27421875 0.40390625 0.01796875 0.03359375
0 0.23125 0.4 0.01640625 0.0265625
0 0.21171875 0.4046875 0.02265625 0.025
0 0.1859375 0.40859375 0.028125 0.02890625
0 0.5828125 0.3875 0.021875 0.03359375
0 0.6078125 0.38828125 0.01328125 0.0140625
0 0.621875 0.3921875 0.0234375 0.01640625
0 0.6390625 0.39921875 0.0171875 0.0265625
0 0.65234375 0.396875 0.01796875 0.02890625
0 0.4875 0.375 0.00625 0.009375
0 0.4921875 0.37890625 0.009375 0.015625
0 0.4984375 0.38515625 0.01328125 0.0234375
0 0.4578125 0.37578125 0.04609375 0.02890625
0 0.4515625 0.4515625 0.09296875 0.13359375
0 0.6625 0.40546875 0.03125 0.03203125
0 0.609375 0.42578125 0.059375 0.07109375