0 0.4578125 0.60703125 0.0234375 0.040625
0 0.44375 0.60859375 0.0234375 0.04296875
0 0.425 0.59765625 0.0234375 0.06796875
0 0.40859375 0.60234375 0.03125 0.0734375
0 0.378125 0.60078125 0.04375 0.08203125
0 0.340625 0.60234375 0.0515625 0.0734375
0 0.30625 0.6078125 0.03515625 0.071875
0 0.27890625 0.59921875 0.040625 0.0890625
0 0.1921875 0.59453125 0.1625 0.1484375
0 0.50625 0.59453125 0.04609375 0.0625
0 0.5765625 0.5984375 0.05625 0.0859375
0 0.47890625 0.59296875 0.02109375 0.03203125
3 0.625 0.44140625 0.03203125 0.0625
3 0.653125 0.3953125 0.01953125 0.028125
2 0.5234375 0.53125 0.01171875 0.025
3 0.3625 0.52109375 0.0140625 0.0375