0 0.375 0.40234375 0.01328125 0.015625
0 0.36484375 0.40234375 0.01171875 0.015625
0 0.3265625 0.403125 0.00859375 0.02109375
0 0.32109375 0.40390625 0.00859375 0.01953125
0 0.28828125 0.4046875 0.01875 0.025
0 0.2828125 0.40859375 0.015625 0.028125
0 0.26875 0.41015625 0.01875 0.028125
0 0.25234375 0.4109375 0.0140625 0.025
0 0.2390625 0.41484375 0.0109375 0.03203125
0 0.2296875 0.415625 0.01640625 0.03359375
0 0.20625 0.41328125 0.034375 0.046875
0 0.3453125 0.415625 0.040625 0.05546875
0 0.40078125 0.4140625 0.03828125 0.05703125
0 0.446875 0.4140625 0.0296875 0.040625
0 0.0234375 0.45078125 0.046875 0.1015625
0 0.271875 0.5359375 0.1828125 0.209375
0 0.4859375 0.4359375 0.06015625 0.0875
2 0.3703125 0.378125 0.009375 0.01953125
0 0.684375 0.4109375 0.046875 0.09296875
1 0.821875 0.36875 0.0140625 0.02890625
0 0.8328125 0.4046875 0.03203125 0.046875
3 0.57421875 0.23125 0.01328125 0.025
3 0.578125 0.259375 0.025 0.01640625