0 0.65625 0.5578125 0.128125 0.15390625
0 0.4125 0.52734375 0.0046875 0.0140625
0 0.4171875 0.52734375 0.00703125 0.0109375
0 0.40546875 0.5296875 0.0109375 0.0234375
0 0.39453125 0.53828125 0.01953125 0.05546875
0 0.3015625 0.52578125 0.0203125 0.021875
0 0.26171875 0.54609375 0.08203125 0.1125
0 0.175 0.5546875 0.08828125 0.096875
0 0.428125 0.528125 0.0171875 0.0265625
0 0.4640625 0.5296875 0.0265625 0.04296875
0 0.3484375 0.56171875 0.0984375 0.13046875
2 0.1171875 0.3515625 0.0078125 0.04296875
2 0.4515625 0.37265625 0.0078125 0.03203125
2 0.12578125 0.35234375 0.0078125 0.04453125
2 0.109375 0.3515625 0.00625 0.04609375
2 0.459375 0.375 0.00625 0.03046875
2 0.44375 0.3734375 0.00625 0.03203125
2 0.640625 0.434375 0.0203125 0.03203125
3 0.0921875 0.46171875 0.00859375 0.009375
3 0.7578125 0.33984375 0.0296875 0.0734375