2 0.49453125 0.1328125 0.0078125 0.0375
2 0.28828125 0.20390625 0.01171875 0.02109375
2 0.1609375 0.18046875 0.00703125 0.025
2 0.578125 0.1109375 0.009375 0.04296875
2 0.5875 0.1140625 0.0078125 0.0375
2 0.68515625 0.221875 0.01484375 0.02109375
2 0.5328125 0.203125 0.0078125 0.01640625
3 0.621875 0.221875 0.01171875 0.02109375
3 0.6765625 0.196875 0.0171875 0.0140625
3 0.6875 0.18046875 0.01171875 0.0109375
3 0.678125 0.17421875 0.01015625 0.0125
3 0.2828125 0.06171875 0.0234375 0.0265625
3 0.175 0.15234375 0.02734375 0.0140625
3 0.1625 0.09453125 0.0140625 0.0140625
2 0.334375 0.0671875 0.0078125 0.0375
2 0.346875 0.07578125 0.009375 0.04140625
0 0.4734375 0.25 0.01328125 0.01640625
0 0.44765625 0.27265625 0.0359375 0.046875
0 0.36875 0.25546875 0.04765625 0.053125
0 0.125 0.2859375 0.1359375 0.13203125
0 0.02890625 0.31015625 0.05625 0.1375
0 0.55 0.25390625 0.01640625 0.025
0 0.578125 0.25234375 0.01171875 0.0140625
0 0.59453125 0.2609375 0.0171875 0.02890625
0 0.6171875 0.27421875 0.03359375 0.046875
0 0.68125 0.31171875 0.05625 0.11953125
0 0.746875 0.315625 0.1328125 0.15
0 0.9109375 0.484375 0.175 0.36796875
1 0.528125 0.26875 0.01953125 0.08046875