3 0.03359375 0.165625 0.03515625 0.08046875
3 0.2390625 0.328125 0.0125 0.01640625
3 0.59453125 0.37421875 0.0171875 0.01640625
2 0.2421875 0.3578125 0.0078125 0.025
2 0.5953125 0.415625 0.01484375 0.0265625
2 0.13828125 0.3953125 0.01484375 0.01640625
2 0.1234375 0.396875 0.01171875 0.021875
2 0.575 0.3296875 0.009375 0.03046875
1 0.1359375 0.4875 0.02578125 0.146875
0 0.0421875 0.59921875 0.084375 0.30859375
0 0.43359375 0.565625 0.4 0.590625
0 0.2203125 0.48984375 0.10859375 0.1640625
3 0.51875 0.396875 0.0140625 0.0125