3 0.428125 0.4359375 0.01875 0.0125
3 0.1796875 0.36328125 0.03046875 0.0265625
3 0.15625 0.38828125 0.0203125 0.0140625
3 0.17890625 0.403125 0.01875 0.04453125
3 0.296875 0.390625 0.02734375 0.015625
3 0.3984375 0.446875 0.01484375 0.0265625
3 0.56640625 0.44765625 0.0171875 0.0359375
3 0.5390625 0.46953125 0.0109375 0.01640625
3 0.53125 0.46484375 0.009375 0.02109375
2 0.40703125 0.43125 0.0046875 0.028125
2 0.4640625 0.4359375 0.0109375 0.0125
0 0.509375 0.5125 0.01953125 0.04296875
0 0.5171875 0.521875 0.015625 0.04140625
0 0.54140625 0.52734375 0.04375 0.0609375
0 0.0578125 0.5890625 0.115625 0.384375
0 0.809375 0.6359375 0.309375 0.3359375
0 0.91171875 0.771875 0.1765625 0.4484375
0 0.38359375 0.490625 0.02421875 0.02109375
1 0.278125 0.4921875 0.00546875 0.028125