0 0.4671875 0.34453125 0.02734375 0.0265625
0 0.4875 0.378125 0.03359375 0.05859375
0 0.4984375 0.38671875 0.025 0.07109375
0 0.5171875 0.39296875 0.0390625 0.08046875
0 0.553125 0.4 0.08828125 0.125
0 0.3890625 0.3671875 0.02578125 0.059375
0 0.3703125 0.37734375 0.028125 0.0765625
0 0.34921875 0.384375 0.05859375 0.0890625
0 0.3390625 0.3953125 0.04375 0.084375
0 0.58671875 0.42578125 0.08984375 0.15859375
0 0.71953125 0.45390625 0.24921875 0.290625
0 0.315625 0.39453125 0.04140625 0.125
0 0.23828125 0.4109375 0.14921875 0.18203125
0 0.115625 0.46875 0.23125 0.246875
0 0.88046875 0.509375 0.234375 0.55703125
0 0.421875 0.3671875 0.0265625 0.0359375
2 0.503125 0.265625 0.01015625 0.01640625
2 0.428125 0.2609375 0.009375 0.021875
3 0.50703125 0.3078125 0.01328125 0.0375
3 0.51484375 0.33828125 0.0140625 0.0234375