2 0.66640625 0.30390625 0.01640625 0.04296875
2 0.38359375 0.24609375 0.01484375 0.05546875
2 0.3921875 0.2484375 0.0078125 0.046875
2 0.175 0.346875 0.01875 0.03046875
2 0.32734375 0.35078125 0.01171875 0.04296875
2 0.4515625 0.4 0.0078125 0.01640625
2 0.4390625 0.39921875 0.0078125 0.015625
2 0.5765625 0.390625 0.00703125 0.02890625
3 0.5890625 0.39140625 0.009375 0.0140625
3 0.1921875 0.196875 0.01953125 0.03359375
3 0.19375 0.22734375 0.0203125 0.0234375
3 0.1890625 0.25390625 0.0328125 0.01953125
3 0.2625 0.24609375 0.05625 0.03046875
3 0.178125 0.30546875 0.028125 0.01953125
3 0.46640625 0.38515625 0.01484375 0.0125
3 0.70859375 0.315625 0.02109375 0.03359375
3 0.75078125 0.3734375 0.01953125 0.015625
2 0.759375 0.39453125 0.01328125 0.021875
0 0.171875 0.44921875 0.10390625 0.10859375
1 0.7890625 0.4546875 0.01328125 0.05390625
1 0.77734375 0.45078125 0.0125 0.0515625
0 0.6453125 0.440625 0.01640625 0.03046875
0 0.66796875 0.44765625 0.04140625 0.05703125
0 0.5875 0.43359375 0.01640625 0.05546875
0 0.4828125 0.43359375 0.01484375 0.028125
0 0.471875 0.43671875 0.01171875 0.028125
0 0.4609375 0.43671875 0.0125 0.034375
0 0.45078125 0.43828125 0.01640625 0.0375
0 0.434375 0.43984375 0.0265625 0.04140625
0 0.53828125 0.48515625 0.12109375 0.18046875
0 0.90234375 0.58046875 0.1921875 0.503125
2 0.31796875 0.38828125 0.009375 0.025
1 0.6296875 0.43984375 0.0078125 0.04296875
1 0.6234375 0.440625 0.00703125 0.04140625