3 0.38203125 0.55390625 0.015625 0.05546875
3 0.6984375 0.57421875 0.021875 0.05546875
3 0.65 0.6125 0.00703125 0.02109375
3 0.5984375 0.62578125 0.0109375 0.01953125
3 0.55625 0.6359375 0.01484375 0.0125
0 0.50390625 0.671875 0.01171875 0.0234375
0 0.4921875 0.675 0.009375 0.025
0 0.4875 0.67734375 0.015625 0.0234375
0 0.471875 0.675 0.0171875 0.04609375
0 0.45703125 0.68359375 0.028125 0.053125
0 0.571875 0.68828125 0.0109375 0.0265625
0 0.58125 0.69609375 0.01484375 0.04609375
0 0.603125 0.703125 0.03984375 0.059375
0 0.64375 0.7171875 0.07421875 0.09609375
0 0.7359375 0.77421875 0.13671875 0.1640625
0 0.425 0.69453125 0.04765625 0.059375
0 0.5390625 0.72109375 0.07578125 0.10703125
0 0.9546875 0.91640625 0.08828125 0.1640625
0 0.8796875 0.8203125 0.23828125 0.32109375
3 0.96875 0.4796875 0.05703125 0.115625
3 0.196875 0.4171875 0.0234375 0.06953125