0 0.74296875 0.340625 0.02890625 0.04609375
0 0.6859375 0.3453125 0.0625 0.06640625
0 0.66640625 0.3609375 0.0609375 0.078125
0 0.5703125 0.40078125 0.07109375 0.11640625
0 0.4828125 0.41484375 0.15546875 0.178125
0 0.28515625 0.48984375 0.30859375 0.271875
0 0.8390625 0.32578125 0.0265625 0.04140625
0 0.8171875 0.3359375 0.02109375 0.0625
0 0.7234375 0.33515625 0.0125 0.03046875
0 0.8671875 0.3484375 0.06171875 0.0734375
0 0.915625 0.375 0.09375 0.159375
0 0.9546875 0.409375 0.08828125 0.253125
0 0.78359375 0.34453125 0.071875 0.1125
3 0.68125 0.284375 0.01640625 0.01640625
3 0.87734375 0.27734375 0.01875 0.0265625
3 0.9796875 0.184375 0.0359375 0.0859375
2 0.84921875 0.29296875 0.01015625 0.01640625