2 0.24453125 0.403125 0.0078125 0.01796875
2 0.303125 0.37578125 0.00625 0.0109375
2 0.31328125 0.4171875 0.00546875 0.0109375
2 0.421875 0.40546875 0.00546875 0.02109375
2 0.446875 0.36484375 0.00625 0.025
2 0.49375 0.3984375 0.00703125 0.0125
2 0.8265625 0.37734375 0.00625 0.01796875
2 0.9265625 0.35390625 0.00546875 0.01953125
2 0.7 0.43125 0.00859375 0.01640625
2 0.92109375 0.3609375 0.00625 0.02890625
2 0.83359375 0.3796875 0.00625 0.021875
3 0.4546875 0.421875 0.0125 0.03046875
3 0.7828125 0.36953125 0.0171875 0.0375
3 0.79296875 0.41640625 0.025 0.05390625
0 0.075 0.46328125 0.02578125 0.028125
0 0.1 0.4734375 0.03671875 0.040625
0 0.1265625 0.46796875 0.0234375 0.0265625
0 0.19453125 0.46171875 0.01640625 0.025
0 0.22109375 0.46484375 0.0125 0.01953125
0 0.25390625 0.46171875 0.0171875 0.025
0 0.275 0.45625 0.0125 0.0140625
0 0.309375 0.45546875 0.0171875 0.02109375
0 0.296875 0.4390625 0.01328125 0.015625
0 0.321875 0.43515625 0.00859375 0.0109375
0 0.31015625 0.440625 0.0078125 0.0109375
0 0.43125 0.43828125 0.0078125 0.0140625
0 0.415625 0.46171875 0.0078125 0.01953125
0 0.43359375 0.465625 0.0125 0.0125
0 0.7859375 0.4734375 0.025 0.02890625
0 0.7625 0.45625 0.01328125 0.01640625
0 0.7421875 0.475 0.0328125 0.03203125
0 0.821875 0.484375 0.025 0.0359375
0 0.878125 0.47734375 0.01171875 0.021875
0 0.96328125 0.52578125 0.071875 0.1
0 0.0546875 0.56328125 0.109375 0.3921875
0 0.16796875 0.46796875 0.04140625 0.0484375
0 0.23515625 0.4625 0.01640625 0.02109375
0 0.2859375 0.4609375 0.01953125 0.02890625
0 0.3 0.4609375 0.01328125 0.0234375
0 0.3984375 0.48671875 0.03828125 0.05546875