1 0.975 0.76484375 0.0453125 0.28203125
1 0.834375 0.76171875 0.0390625 0.228125
1 0.76015625 0.74765625 0.059375 0.275
0 0.9921875 0.70234375 0.0125 0.128125
1 0.4453125 0.69375 0.01171875 0.115625
1 0.4328125 0.7 0.0140625 0.13359375
1 0.45703125 0.70234375 0.015625 0.1359375
1 0.5640625 0.69296875 0.0296875 0.14140625
1 0.5359375 0.6875 0.021875 0.1265625
1 0.4828125 0.6796875 0.0203125 0.115625
1 0.515625 0.68046875 0.01875 0.1125
1 0.68984375 0.7203125 0.034375 0.17890625
1 0.66953125 0.70234375 0.01875 0.1515625
1 0.4703125 0.6796875 0.009375 0.0984375
3 0.35234375 0.3796875 0.0890625 0.03046875
3 0.42421875 0.4734375 0.0390625 0.059375
3 0.38359375 0.6046875 0.0234375 0.05390625
3 0.384375 0.65078125 0.009375 0.01640625
3 0.2578125 0.6265625 0.01171875 0.015625
3 0.3125 0.63125 0.009375 0.009375
3 0.4 0.64140625 0.00703125 0.015625
2 0.24609375 0.30703125 0.01484375 0.06640625
2 0.2171875 0.59140625 0.00625 0.01640625
2 0.3421875 0.596875 0.00546875 0.015625
2 0.3375 0.5984375 0.00546875 0.01796875
0 0.33125 0.6734375 0.00703125 0.0359375
0 0.28515625 0.65078125 0.03125 0.015625
0 0.20859375 0.703125 0.0703125 0.09453125
0 0.240625 0.6828125 0.0171875 0.04453125
0 0.2625 0.6796875 0.0125 0.025
0 0.2875 0.68046875 0.034375 0.04140625
0 0.3796875 0.67421875 0.009375 0.01640625
2 0.4359375 0.56640625 0.0171875 0.03203125