2 0.3765625 0.18359375 0.0109375 0.04140625
2 0.6 0.140625 0.00703125 0.0484375
2 0.45 0.2828125 0.00390625 0.01796875
2 0.528125 0.26953125 0.00703125 0.01640625
2 0.70625 0.2515625 0.01015625 0.0234375
3 0.37890625 0.23046875 0.01796875 0.0140625
3 0.6921875 0.1609375 0.021875 0.02890625
3 0.69140625 0.2171875 0.01875 0.01640625
2 0.78125 0.2140625 0.0109375 0.0265625
0 0.753125 0.3359375 0.11953125 0.1
0 0.6015625 0.3265625 0.034375 0.04453125
0 0.49765625 0.31953125 0.05 0.08359375
0 0.546875 0.32421875 0.02421875 0.03046875
0 0.5734375 0.3265625 0.01796875 0.0265625
3 0.7765625 0.153125 0.03125 0.01953125