2 0.3859375 0.52578125 0.00703125 0.02109375
2 0.38125 0.52578125 0.00625 0.021875
2 0.31328125 0.56796875 0.00859375 0.015625
2 0.259375 0.57578125 0.0125 0.01953125
3 0.78125 0.5578125 0.01171875 0.028125
0 0.490625 0.6 0.01796875 0.03203125
0 0.475 0.59296875 0.0125 0.025
0 0.40625 0.6046875 0.02578125 0.0390625
0 0.3859375 0.60234375 0.0234375 0.034375
0 0.353125 0.6046875 0.0296875 0.04140625
0 0.37265625 0.61484375 0.0390625 0.04140625
0 0.290625 0.61953125 0.04375 0.05
0 0.328125 0.6203125 0.05546875 0.05859375
0 0.2515625 0.62109375 0.04375 0.05390625
0 0.11015625 0.6203125 0.09765625 0.0859375
0 0.18671875 0.6421875 0.12421875 0.1109375
0 0.51953125 0.6109375 0.04609375 0.06640625
0 0.440625 0.621875 0.05703125 0.07109375
0 0.103125 0.7625 0.20625 0.409375
0 0.8703125 0.60703125 0.053125 0.0640625
0 0.934375 0.61015625 0.0765625 0.0734375
0 0.98359375 0.6109375 0.0296875 0.08203125
0 0.80390625 0.60546875 0.0265625 0.09609375