3 0.55703125 0.47265625 0.0109375 0.053125
3 0.7125 0.3890625 0.01953125 0.09453125
0 0.3546875 0.521875 0.01328125 0.03203125
0 0.3359375 0.53203125 0.02421875 0.0765625
0 0.3046875 0.52734375 0.0609375 0.1109375
0 0.26953125 0.5421875 0.07421875 0.15390625
0 0.01796875 0.709375 0.0359375 0.453125
0 0.1328125 0.5453125 0.26484375 0.32109375
0 0.60625 0.5484375 0.078125 0.1015625
0 0.9265625 0.6140625 0.14609375 0.25703125
0 0.7640625 0.61171875 0.3609375 0.3390625
0 0.453125 0.59375 0.2296875 0.3109375