2 0.2734375 0.05703125 0.025 0.1140625
2 0.2671875 0.2359375 0.01875 0.07109375
3 0.284375 0.309375 0.02109375 0.0390625
3 0.5484375 0.2 0.021875 0.05
3 0.57578125 0.20859375 0.02734375 0.0515625
3 0.7390625 0.34296875 0.04453125 0.10703125
3 0.7859375 0.340625 0.05234375 0.1125
0 0.60625 0.434375 0.0578125 0.05859375
3 0.384375 0.34140625 0.0171875 0.0390625
3 0.5171875 0.4078125 0.01171875 0.02890625
2 0.5078125 0.34453125 0.00390625 0.0234375
2 0.4875 0.34296875 0.0078125 0.01796875
2 0.4484375 0.33515625 0.0046875 0.0265625
2 0.5625 0.34921875 0.0046875 0.0234375
3 0.9828125 0.309375 0.03203125 0.04609375