0 0.153125 0.57734375 0.05546875 0.12109375
0 0.1390625 0.65859375 0.11796875 0.19453125
0 0.8859375 0.6484375 0.2109375 0.19296875
0 0.7421875 0.621875 0.11015625 0.140625
0 0.46640625 0.57109375 0.0375 0.0625
0 0.415625 0.58671875 0.0484375 0.05703125
2 0.35859375 0.48984375 0.01171875 0.0265625
2 0.4765625 0.49609375 0.00546875 0.0140625
2 0.36953125 0.53046875 0.009375 0.0140625
2 0.4421875 0.5328125 0.00703125 0.015625
2 0.42890625 0.54765625 0.009375 0.0140625
3 0.3046875 0.45078125 0.015625 0.02109375
3 0.3203125 0.52109375 0.0109375 0.01953125
3 0.3 0.51796875 0.0125 0.009375
3 0.296875 0.50078125 0.0125 0.00703125
2 0.290625 0.53046875 0.00859375 0.0140625
2 0.3328125 0.54609375 0.0078125 0.009375
2 0.37578125 0.55234375 0.0046875 0.01953125
2 0.4078125 0.5359375 0.0078125 0.01953125
2 0.3984375 0.54609375 0.00546875 0.01640625