0 0.2765625 0.44375 0.0265625 0.0359375
0 0.35390625 0.4328125 0.01484375 0.01953125
0 0.3734375 0.434375 0.01328125 0.01953125
0 0.3890625 0.43828125 0.01875 0.01640625
0 0.4234375 0.4390625 0.02109375 0.0234375
0 0.46484375 0.4390625 0.0359375 0.046875
0 0.8765625 0.434375 0.06328125 0.05390625
2 0.22890625 0.3125 0.01484375 0.028125
2 0.2375 0.315625 0.009375 0.040625
3 0.3171875 0.35234375 0.01171875 0.028125
3 0.384375 0.34296875 0.02734375 0.01953125
2 0.3390625 0.35703125 0.01484375 0.0234375
3 0.33828125 0.38515625 0.009375 0.0234375
2 0.3546875 0.39453125 0.01328125 0.0140625
2 0.415625 0.346875 0.01328125 0.03046875
2 0.53984375 0.3515625 0.0171875 0.03046875
2 0.496875 0.39765625 0.01484375 0.0265625
2 0.4578125 0.396875 0.01171875 0.028125
3 0.41875 0.3890625 0.0109375 0.04453125