2 0.3875 0.50234375 0.0078125 0.0265625
2 0.428125 0.5140625 0.0078125 0.025
2 0.41015625 0.53046875 0.0046875 0.0265625
2 0.4359375 0.53359375 0.009375 0.01796875
2 0.328125 0.51796875 0.009375 0.0265625
3 0.2328125 0.50234375 0.01875 0.0265625
0 0.2203125 0.571875 0.0375 0.03359375
0 0.1578125 0.57109375 0.0640625 0.0390625
0 0.0421875 0.57265625 0.05 0.06796875
0 0.09609375 0.56640625 0.04296875 0.034375
2 0.16796875 0.540625 0.01171875 0.0140625
2 0.20625 0.540625 0.01328125 0.02109375
0 0.05625 0.67109375 0.11015625 0.284375
0 0.3078125 0.590625 0.0859375 0.10390625
0 0.42890625 0.590625 0.05859375 0.0875
0 0.465625 0.575 0.01484375 0.046875
0 0.48515625 0.5796875 0.021875 0.05390625
0 0.50546875 0.59375 0.03828125 0.06640625
0 0.53359375 0.60625 0.06015625 0.084375
0 0.5546875 0.62265625 0.04296875 0.10703125
0 0.65703125 0.628125 0.19453125 0.246875
1 0.7671875 0.596875 0.0359375 0.16953125
1 0.80625 0.5953125 0.03125 0.16953125
1 0.8484375 0.59765625 0.03515625 0.171875