0 0.4203125 0.5421875 0.01171875 0.0140625
0 0.41015625 0.5484375 0.015625 0.0265625
0 0.3953125 0.5609375 0.0234375 0.03359375
0 0.3953125 0.55234375 0.03046875 0.0375
0 0.38359375 0.57578125 0.03671875 0.05546875
0 0.3578125 0.6015625 0.0578125 0.0984375
0 0.46875 0.5265625 0.021875 0.046875
0 0.4859375 0.5296875 0.034375 0.07109375
0 0.5203125 0.51640625 0.04375 0.05390625
0 0.5484375 0.51484375 0.034375 0.0640625
0 0.63671875 0.496875 0.15 0.19140625
0 0.74375 0.5125 0.20546875 0.15703125
0 0.3 0.6265625 0.10546875 0.140625
0 0.2328125 0.696875 0.1859375 0.21796875
0 0.9109375 0.46953125 0.178125 0.2625
0 0.096875 0.84296875 0.19296875 0.3109375