2 0.4828125 0.2453125 0.009375 0.04453125
2 0.47265625 0.246875 0.009375 0.04140625
2 0.10625 0.2484375 0.0171875 0.065625
2 0.04765625 0.1171875 0.0265625 0.0984375
2 0.6484375 0.19375 0.0171875 0.02109375
3 0.153125 0.35390625 0.0265625 0.0234375
3 0.9703125 0.43515625 0.01171875 0.0265625
3 0.92109375 0.37578125 0.03046875 0.046875
3 0.428125 0.328125 0.034375 0.046875
3 0.4703125 0.31640625 0.03984375 0.0234375
3 0.86953125 0.24140625 0.05703125 0.0890625
3 0.86953125 0.31484375 0.02734375 0.065625
3 0.884375 0.37109375 0.01171875 0.046875
3 0.9203125 0.09375 0.10546875 0.1875
0 0.08203125 0.428125 0.03203125 0.03046875
0 0.1078125 0.4359375 0.0234375 0.01953125
0 0.41796875 0.43515625 0.015625 0.034375
0 0.40625 0.43984375 0.0234375 0.04453125
0 0.4625 0.42578125 0.084375 0.33046875
0 0.975 0.45390625 0.02890625 0.02109375
0 0.3921875 0.44609375 0.03046875 0.04140625
0 0.6953125 0.4890625 0.4875 0.5890625