0 0.6578125 0.409375 0.4390625 0.43359375
0 0.35234375 0.3140625 0.04765625 0.075
0 0.284375 0.3296875 0.02890625 0.0359375
0 0.409375 0.315625 0.028125 0.03359375
0 0.3015625 0.321875 0.0171875 0.034375
0 0.31796875 0.32578125 0.0140625 0.034375
0 0.39140625 0.3171875 0.01171875 0.01796875
0 0.3796875 0.31796875 0.01171875 0.02109375
0 0.1796875 0.3390625 0.0359375 0.04609375
0 0.44375 0.31171875 0.03125 0.05859375
2 0.1015625 0.2609375 0.00546875 0.034375
2 0.2375 0.1875 0.0078125 0.04140625
2 0.41875 0.15625 0.009375 0.05
2 0.4046875 0.16015625 0.009375 0.05390625
2 0.3359375 0.26328125 0.0125 0.021875
2 0.38515625 0.2609375 0.00546875 0.021875
2 0.44375 0.26328125 0.003125 0.021875
2 0.3921875 0.17578125 0.01015625 0.0390625
3 0.0984375 0.234375 0.01875 0.0140625
3 0.175 0.240625 0.0140625 0.04140625
2 0.5421875 0.115625 0.0109375 0.0390625
3 0.18125 0.33203125 0.00703125 0.0265625
1 0.13125 0.334375 0.009375 0.04296875
3 0.36796875 0.265625 0.00859375 0.01640625