0 0.14609375 0.51015625 0.2921875 0.303125
3 0.109375 0.13359375 0.03515625 0.0515625
3 0.109375 0.18046875 0.0484375 0.05
3 0.1125 0.234375 0.034375 0.05390625
3 0.1125 0.2859375 0.03515625 0.05703125
3 0.20625 0.1265625 0.03515625 0.04140625
3 0.2078125 0.159375 0.034375 0.01796875
3 0.2078125 0.1921875 0.03984375 0.0375
3 0.209375 0.22890625 0.03203125 0.0359375
3 0.209375 0.26484375 0.02578125 0.025
3 0.66875 0.32265625 0.0171875 0.0484375
2 0.1390625 0.29453125 0.01171875 0.0375
2 0.9765625 0.31796875 0.0109375 0.0359375
2 0.9953125 0.3140625 0.00625 0.03046875
3 0.978125 0.14609375 0.03984375 0.0625
3 0.9796875 0.2015625 0.03828125 0.01953125
3 0.9875 0.0671875 0.021875 0.06640625
3 0.4734375 0.33359375 0.0109375 0.01953125
0 0.4046875 0.415625 0.0359375 0.05546875
0 0.46953125 0.409375 0.028125 0.03203125
0 0.51484375 0.41875 0.03203125 0.0390625
0 0.3609375 0.4078125 0.01171875 0.0140625
0 0.34375 0.4046875 0.01640625 0.01640625
0 0.44140625 0.40390625 0.01796875 0.025
2 0.375 0.35234375 0.0046875 0.02109375
2 0.4234375 0.34453125 0.00703125 0.01953125