3 0.1375 0.125 0.05078125 0.03203125
3 0.13828125 0.153125 0.0765625 0.04296875
3 0.3515625 0.1125 0.05625 0.03203125
3 0.3484375 0.17265625 0.08046875 0.1
3 0.446875 0.33046875 0.0203125 0.02109375
3 0.484375 0.32421875 0.0078125 0.01640625
3 0.48515625 0.340625 0.009375 0.0125
3 0.56953125 0.146875 0.03125 0.07890625
3 0.58125 0.203125 0.01953125 0.0140625
3 0.56953125 0.24140625 0.02890625 0.02109375
3 0.54609375 0.271875 0.01640625 0.034375
3 0.54609375 0.29921875 0.01796875 0.02109375
3 0.509375 0.33828125 0.009375 0.01640625
3 0.521875 0.33515625 0.0125 0.021875
3 0.615625 0.290625 0.01953125 0.01640625
0 0.03125 0.159375 0.02265625 0.04296875
0 0.18984375 0.13828125 0.0171875 0.034375
0 0.6671875 0.378125 0.034375 0.12890625
0 0.10546875 0.3375 0.03671875 0.01640625
0 0.10625 0.35625 0.03671875 0.0265625
0 0.0640625 0.36640625 0.07109375 0.0515625
0 0.18125 0.36015625 0.040625 0.04140625
0 0.221875 0.3734375 0.06171875 0.065625
0 0.3765625 0.365625 0.009375 0.02890625
0 0.403125 0.36015625 0.0140625 0.021875
0 0.4140625 0.3640625 0.01171875 0.02109375
0 0.43203125 0.3625 0.021875 0.021875
0 0.4515625 0.36796875 0.02421875 0.0359375
0 0.3875 0.36640625 0.01796875 0.034375
0 0.3359375 0.35234375 0.0828125 0.10859375
0 0.5 0.359375 0.0265625 0.02109375
0 0.05 0.4 0.1 0.09453125
0 0.48828125 0.40859375 0.07265625 0.10546875