0 0.4 0.48125 0.0515625 0.08359375
0 0.4640625 0.4734375 0.02734375 0.04609375
2 0.4296875 0.4296875 0.00703125 0.015625
3 0.3203125 0.3484375 0.01171875 0.025
3 0.3421875 0.38046875 0.00859375 0.021875
3 0.378125 0.4109375 0.009375 0.03203125
3 0.3609375 0.415625 0.01171875 0.01796875
3 0.359375 0.43125 0.009375 0.01796875
3 0.4578125 0.09453125 0.128125 0.1515625
3 0.5171875 0.440625 0.00859375 0.0265625
0 0.46875 0.44921875 0.00859375 0.0140625
0 0.44765625 0.453125 0.009375 0.0140625
0 0.459375 0.45078125 0.009375 0.015625
0 0.440625 0.44921875 0.009375 0.009375
0 0.46015625 0.44453125 0.0078125 0.0140625
0 0.478125 0.45078125 0.0078125 0.01640625
3 0.30703125 0.0875 0.171875 0.175