0 0.11875 0.68515625 0.2359375 0.5625
0 0.9375 0.6078125 0.12421875 0.23046875
0 0.4890625 0.55078125 0.2578125 0.34140625
0 0.67890625 0.5375 0.1296875 0.17890625
1 0.8171875 0.5546875 0.04609375 0.20390625
1 0.76875 0.5125 0.0296875 0.10390625
1 0.921875 0.49765625 0.040625 0.103125
1 0.9828125 0.46796875 0.02734375 0.0515625
1 0.94609375 0.47578125 0.01328125 0.05546875
0 0.34296875 0.503125 0.06171875 0.1015625
0 0.29921875 0.503125 0.05625 0.084375
0 0.2890625 0.4640625 0.040625 0.04140625
0 0.265625 0.48359375 0.01796875 0.04140625
0 0.1609375 0.48984375 0.04375 0.065625
0 0.17578125 0.484375 0.034375 0.0515625
0 0.2359375 0.48671875 0.02578125 0.0625
0 0.2484375 0.48359375 0.01796875 0.0515625
2 0.325 0.36953125 0.00703125 0.0359375
2 0.234375 0.37421875 0.0078125 0.04140625
2 0.1484375 0.396875 0.0078125 0.03359375
2 0.07734375 0.396875 0.0078125 0.03359375
1 0.6 0.48125 0.01171875 0.04296875