3 0.1671875 0.33125 0.01171875 0.01640625
3 0.721875 0.278125 0.03515625 0.015625
3 0.7 0.3046875 0.03203125 0.02109375
3 0.4078125 0.39765625 0.015625 0.02890625
3 0.2609375 0.396875 0.01953125 0.03046875
3 0.14296875 0.4015625 0.03203125 0.021875
2 0.4203125 0.1359375 0.015625 0.08203125
2 0.7046875 0.209375 0.0125 0.075
2 0.721875 0.35078125 0.0171875 0.03359375
2 0.184375 0.3625 0.01640625 0.03046875
2 0.44375 0.1328125 0.01953125 0.078125
0 0.6046875 0.496875 0.0703125 0.09296875
0 0.5765625 0.4828125 0.0640625 0.09140625
0 0.54140625 0.46796875 0.03203125 0.05546875
0 0.52109375 0.46796875 0.00859375 0.0515625
0 0.51328125 0.459375 0.01484375 0.03046875
0 0.5015625 0.45859375 0.00859375 0.03359375
0 0.49375 0.453125 0.0078125 0.021875
0 0.4546875 0.4515625 0.0171875 0.0265625
0 0.29609375 0.453125 0.02734375 0.03203125
0 0.253125 0.4671875 0.0203125 0.078125
0 0.38046875 0.44375 0.00859375 0.0140625
0 0.4875 0.44765625 0.015625 0.0265625
0 0.00625 0.4578125 0.0125 0.04375
0 0.03203125 0.45546875 0.0390625 0.0375
0 0.0734375 0.45078125 0.05234375 0.034375
0 0.08203125 0.434375 0.05078125 0.02890625
0 0.12421875 0.45078125 0.04609375 0.0375
0 0.1625 0.45234375 0.0328125 0.028125
0 0.19453125 0.440625 0.03046875 0.040625
0 0.2234375 0.44765625 0.02265625 0.0265625