2 0.534375 0.2875 0.01328125 0.0625
2 0.1015625 0.0875 0.02421875 0.10390625
2 0.0796875 0.10625 0.028125 0.09453125
2 0.11953125 0.1125 0.0203125 0.10703125
2 0.5171875 0.28828125 0.01484375 0.0609375
2 0.946875 0.35 0.034375 0.0765625
2 0.66796875 0.48359375 0.0171875 0.02890625
2 0.65703125 0.48828125 0.00703125 0.0234375
3 0.6484375 0.4359375 0.03125 0.01953125
3 0.640625 0.334375 0.01875 0.03203125
3 0.59296875 0.34296875 0.0140625 0.0484375
3 0.52109375 0.52109375 0.00703125 0.01796875
2 0.2125 0.5453125 0.009375 0.01953125
2 0.1875 0.546875 0.0109375 0.03046875
2 0.434375 0.528125 0.0046875 0.01796875
2 0.4875 0.52265625 0.00625 0.02109375
2 0.453125 0.5515625 0.0046875 0.01796875
2 0.47421875 0.546875 0.00390625 0.0234375
0 0.48125 0.58515625 0.0171875 0.02109375
0 0.46015625 0.58828125 0.01640625 0.01953125
0 0.44296875 0.59140625 0.0140625 0.01640625
0 0.43046875 0.59609375 0.01875 0.0234375
0 0.39296875 0.60859375 0.05703125 0.084375
0 0.49375 0.58125 0.01015625 0.0234375
0 0.50625 0.58203125 0.01171875 0.025
0 0.5125 0.59140625 0.01328125 0.0265625
0 0.53125 0.590625 0.025 0.03203125
2 0.528125 0.559375 0.0078125 0.01953125
3 0.5140625 0.56015625 0.009375 0.0109375
0 0.8578125 0.5234375 0.03359375 0.0734375
0 0.93828125 0.57578125 0.12265625 0.1375