2 0.2640625 0.32890625 0.0109375 0.034375
2 0.24375 0.415625 0.00859375 0.02890625
2 0.82890625 0.32421875 0.0109375 0.034375
2 0.1265625 0.31328125 0.01640625 0.06796875
0 0.4484375 0.5265625 0.015625 0.009375
0 0.41796875 0.54609375 0.01640625 0.034375
0 0.403125 0.5390625 0.01953125 0.034375
0 0.36875 0.52734375 0.01875 0.06640625
0 0.43203125 0.5453125 0.00859375 0.03203125
0 0.32734375 0.52421875 0.06171875 0.0890625
0 0.44453125 0.5484375 0.02265625 0.025
0 0.48515625 0.5421875 0.028125 0.0375
0 0.51640625 0.5453125 0.0265625 0.0375
0 0.4640625 0.54609375 0.015625 0.0265625
3 0.5109375 0.46875 0.015625 0.009375
3 0.509375 0.47890625 0.00703125 0.01953125
2 0.51171875 0.50390625 0.0109375 0.01796875
0 0.73984375 0.51328125 0.3875 0.253125
3 0.09765625 0.15390625 0.03203125 0.0484375
3 0.9734375 0.309375 0.04765625 0.03359375
0 0.384375 0.52578125 0.015625 0.06953125
1 0.0765625 0.44765625 0.01484375 0.04140625