0 0.01875 0.4875 0.03515625 0.0984375
0 0.0578125 0.4859375 0.0625 0.075
0 0.2140625 0.47265625 0.1046875 0.1125
0 0.16640625 0.4703125 0.04140625 0.0640625
0 0.3 0.46953125 0.05859375 0.06953125
0 0.3375 0.46484375 0.01875 0.04296875
0 0.3671875 0.4578125 0.04140625 0.06796875
0 0.4203125 0.478125 0.0953125 0.14453125
0 0.5515625 0.471875 0.0734375 0.121875
0 0.6765625 0.48203125 0.13203125 0.190625
0 0.86796875 0.50390625 0.140625 0.121875
0 0.49921875 0.4515625 0.03125 0.0484375
0 0.609375 0.46328125 0.03515625 0.0609375
0 0.5875 0.44609375 0.02109375 0.0375
0 0.77890625 0.4859375 0.08515625 0.090625
0 0.7453125 0.46875 0.03828125 0.0640625
0 0.5203125 0.44453125 0.00703125 0.01640625
2 0.525 0.384375 0.00625 0.0140625
2 0.559375 0.39140625 0.0046875 0.0140625
2 0.4765625 0.40078125 0.00390625 0.0140625
3 0.5125 0.3828125 0.01015625 0.01796875
3 0.33359375 0.40390625 0.0078125 0.02109375
3 0.615625 0.4203125 0.0109375 0.0140625
1 0.8390625 0.4234375 0.01640625 0.0359375
1 0.8734375 0.42578125 0.0203125 0.0390625
1 0.9703125 0.45703125 0.025 0.1125