3 0.5890625 0.54453125 0.01328125 0.03046875
3 0.39921875 0.55703125 0.009375 0.01796875
3 0.403125 0.54921875 0.00625 0.01640625
0 0.35 0.61328125 0.01640625 0.021875
0 0.33671875 0.62265625 0.025 0.040625
0 0.3203125 0.6296875 0.021875 0.04453125
0 0.3078125 0.6375 0.01953125 0.05390625
0 0.2921875 0.634375 0.0265625 0.071875
0 0.265625 0.65234375 0.05625 0.0859375
0 0.215625 0.65859375 0.1 0.121875
0 0.15 0.68828125 0.12578125 0.1359375
0 0.421875 0.55859375 0.009375 0.015625
0 0.4359375 0.56171875 0.00859375 0.01953125
0 0.45 0.565625 0.0109375 0.01640625
0 0.4734375 0.5765625 0.0109375 0.021875
0 0.540625 0.6171875 0.025 0.065625
0 0.56328125 0.61484375 0.03203125 0.0734375
0 0.60625 0.61953125 0.0671875 0.09609375
0 0.6984375 0.61640625 0.12421875 0.140625
0 0.94765625 0.690625 0.10234375 0.234375
0 0.0484375 0.71015625 0.09609375 0.2484375
0 0.4453125 0.609375 0.03359375 0.05546875
0 0.7859375 0.66484375 0.15 0.1390625
0 0.37421875 0.60859375 0.01796875 0.03203125
0 0.3953125 0.5828125 0.01171875 0.02890625
0 0.40859375 0.56640625 0.01328125 0.01640625
1 0.4921875 0.61171875 0.01953125 0.05703125