2 0.4671875 0.4640625 0.01953125 0.03046875
2 0.58203125 0.51640625 0.01953125 0.03359375
2 0.33671875 0.35859375 0.01953125 0.03046875
3 0.225 0.459375 0.04375 0.0984375
0 0.4875 0.5796875 0.009375 0.02109375
0 0.4953125 0.5828125 0.0109375 0.03046875
0 0.5046875 0.58125 0.009375 0.03359375
0 0.515625 0.5828125 0.01875 0.040625
0 0.46875 0.5890625 0.03359375 0.059375
0 0.2921875 0.61171875 0.159375 0.20859375
0 0.6578125 0.56640625 0.02890625 0.034375
0 0.70859375 0.5671875 0.028125 0.03046875
0 0.78515625 0.5640625 0.01953125 0.01953125
0 0.81875 0.559375 0.0265625 0.01953125
0 0.728125 0.56171875 0.01328125 0.0234375
0 0.915625 0.7421875 0.1671875 0.440625