0 0.1375 0.4734375 0.1515625 0.1515625
2 0.22265625 0.3125 0.01015625 0.025
2 0.54140625 0.38359375 0.0078125 0.01953125
2 0.5828125 0.09296875 0.0546875 0.05546875
2 0.4859375 0.42734375 0.01015625 0.015625
2 0.5 0.4203125 0.0078125 0.0140625
0 0.25625 0.459375 0.06640625 0.1125
0 0.3796875 0.45703125 0.02578125 0.02890625
0 0.4765625 0.48671875 0.08515625 0.11953125
0 0.546875 0.4578125 0.02734375 0.0359375
0 0.9015625 0.50625 0.19296875 0.2359375
0 0.32578125 0.4765625 0.0421875 0.04140625
0 0.32890625 0.453125 0.0734375 0.0609375
0 0.540625 0.440625 0.02578125 0.04609375
3 0.5765625 0.4171875 0.01015625 0.00703125
3 0.9875 0.309375 0.02265625 0.01796875
3 0.984375 0.35234375 0.02265625 0.03359375