0 0.346875 0.49453125 0.0078125 0.009375
0 0.33046875 0.48828125 0.0125 0.009375
0 0.328125 0.49921875 0.01015625 0.0125
0 0.31796875 0.5 0.01015625 0.009375
0 0.290625 0.49765625 0.01484375 0.01953125
0 0.259375 0.4984375 0.02109375 0.0234375
0 0.2359375 0.509375 0.0265625 0.02890625
0 0.1359375 0.52265625 0.03984375 0.04609375
0 0.365625 0.49453125 0.009375 0.0140625
0 0.3734375 0.49140625 0.01171875 0.0234375
0 0.38984375 0.49375 0.02421875 0.0359375
0 0.40546875 0.51171875 0.02265625 0.05390625
0 0.415625 0.5203125 0.02109375 0.07109375
0 0.44453125 0.52578125 0.06328125 0.09609375
0 0.5203125 0.54375 0.1375 0.2
0 0.609375 0.62109375 0.2 0.2890625
0 0.83359375 0.571875 0.33203125 0.8515625