2 0.24765625 0.26640625 0.0140625 0.05703125
2 0.51796875 0.2890625 0.0109375 0.05546875
2 0.2671875 0.271875 0.0125 0.05546875
3 0.20859375 0.28515625 0.0640625 0.0234375
3 0.1515625 0.2953125 0.021875 0.0140625
3 0.15 0.24609375 0.0140625 0.01640625
3 0.14921875 0.21015625 0.0328125 0.04453125
3 0.28515625 0.4265625 0.01484375 0.02109375
1 0.1421875 0.48125 0.0203125 0.075
3 0.0359375 0.365625 0.021875 0.04453125
0 0.4953125 0.47890625 0.04453125 0.0625
0 0.5625 0.48515625 0.0421875 0.04453125
0 0.5984375 0.48828125 0.03828125 0.04609375
0 0.3828125 0.49453125 0.17578125 0.325