3 0.61875 0.45625 0.0328125 0.04296875
3 0.64375 0.45234375 0.0171875 0.03359375
3 0.696875 0.40703125 0.06328125 0.109375
2 0.5453125 0.44609375 0.009375 0.03203125
2 0.5359375 0.4546875 0.00859375 0.021875
2 0.5953125 0.453125 0.00859375 0.0265625
0 0.525 0.51484375 0.01484375 0.03046875
0 0.5546875 0.540625 0.0625 0.109375
0 0.3421875 0.5015625 0.03515625 0.0375
0 0.35625 0.509375 0.03515625 0.021875
1 0.2453125 0.50859375 0.0109375 0.0484375
0 0.1796875 0.51484375 0.06328125 0.0609375
0 0.103125 0.515625 0.08671875 0.07109375
0 0.4671875 0.540625 0.0984375 0.1765625
0 0.6203125 0.57421875 0.1296875 0.18359375