0 0.140625 0.66171875 0.10390625 0.0765625
0 0.2203125 0.671875 0.0515625 0.03359375
0 0.27265625 0.653125 0.03984375 0.040625
0 0.3140625 0.63671875 0.02421875 0.028125
0 0.34609375 0.63828125 0.0140625 0.01796875
0 0.36328125 0.6296875 0.01484375 0.02890625
0 0.4140625 0.63046875 0.0125 0.01640625
0 0.53984375 0.621875 0.00859375 0.03046875
0 0.57421875 0.621875 0.01015625 0.03046875
0 0.70078125 0.62890625 0.06875 0.090625
0 0.48359375 0.625 0.02109375 0.02890625
0 0.5171875 0.621875 0.021875 0.0390625
0 0.55703125 0.62109375 0.02734375 0.04453125
0 0.60859375 0.634375 0.07265625 0.09609375
0 0.8203125 0.703125 0.2625 0.2484375
0 0.4609375 0.62578125 0.01015625 0.01953125
3 0.040625 0.61953125 0.02265625 0.0390625