0 0.45703125 0.409375 0.0125 0.0265625
0 0.47109375 0.4109375 0.01484375 0.03203125
0 0.48046875 0.4125 0.01640625 0.04296875
0 0.50546875 0.41875 0.034375 0.05546875
0 0.54140625 0.42734375 0.05078125 0.06640625
0 0.5890625 0.44140625 0.06796875 0.08359375
0 0.659375 0.4515625 0.0984375 0.13046875
0 0.80078125 0.4640625 0.240625 0.221875
0 0.93828125 0.51875 0.12265625 0.2109375
0 0.40859375 0.40390625 0.034375 0.03359375
0 0.375 0.41015625 0.01484375 0.02890625
0 0.3609375 0.4140625 0.01796875 0.03203125
0 0.3421875 0.42109375 0.02421875 0.0265625