0 0.20703125 0.36796875 0.0234375 0.04453125
0 0.2375 0.37109375 0.04453125 0.03359375
0 0.2546875 0.35625 0.0328125 0.0265625
0 0.2875 0.35546875 0.02265625 0.01796875
0 0.3203125 0.37265625 0.03203125 0.04140625
0 0.353125 0.378125 0.04140625 0.05703125
0 0.3875 0.36328125 0.03515625 0.05546875
0 0.4015625 0.3484375 0.015625 0.01953125
0 0.41171875 0.33671875 0.0125 0.0125
0 0.41328125 0.35390625 0.01953125 0.03046875
0 0.42890625 0.34296875 0.0125 0.03046875
0 0.4375 0.3421875 0.0125 0.0265625
0 0.14765625 0.39453125 0.11640625 0.10859375
0 0.4640625 0.3515625 0.0203125 0.0265625
0 0.490625 0.3359375 0.01015625 0.0140625
0 0.48125 0.334375 0.00859375 0.0140625
0 0.4859375 0.365625 0.0296875 0.05
0 0.51796875 0.3421875 0.03203125 0.021875
0 0.5265625 0.33125 0.03984375 0.0484375
0 0.47265625 0.33046875 0.0078125 0.01640625
0 0.6765625 0.37890625 0.04609375 0.090625
0 0.459375 0.32734375 0.0078125 0.0109375
0 0.5203125 0.38359375 0.05234375 0.0734375
0 0.45234375 0.3328125 0.00859375 0.01640625
0 0.0578125 0.46015625 0.11328125 0.1875
0 0.7046875 0.34921875 0.07265625 0.04453125
2 0.31875 0.28984375 0.00390625 0.01953125
2 0.3234375 0.28671875 0.00390625 0.021875
2 0.33203125 0.290625 0.00625 0.02109375
2 0.3375 0.290625 0.00390625 0.02109375
2 0.35859375 0.27265625 0.009375 0.0265625
2 0.4359375 0.29140625 0.00625 0.03203125
2 0.52734375 0.2890625 0.00625 0.02109375
2 0.5484375 0.29609375 0.00703125 0.01953125
2 0.39375 0.303125 0.00546875 0.01796875
2 0.271875 0.334375 0.00859375 0.01640625
3 0.3671875 0.296875 0.00859375 0.021875
0 0.8109375 0.365625 0.0515625 0.05703125
0 0.8609375 0.3640625 0.10390625 0.0734375
0 0.9796875 0.34140625 0.0265625 0.046875
0 0.99296875 0.31875 0.0125 0.01953125
3 0.27578125 0.259375 0.0125 0.01640625