2 0.65703125 0.15703125 0.0234375 0.078125
2 0.2671875 0.25546875 0.00859375 0.04140625
2 0.1390625 0.25859375 0.01328125 0.04609375
2 0.3953125 0.3359375 0.01171875 0.028125
2 0.39375 0.2984375 0.0109375 0.0265625
2 0.6125 0.09921875 0.01328125 0.05
2 0.5734375 0.12734375 0.0109375 0.05
2 0.80546875 0.1765625 0.01953125 0.0890625
3 0.71875 0.23203125 0.01953125 0.0890625
3 0.58984375 0.11484375 0.0109375 0.0375
3 0.81875 0.046875 0.02265625 0.090625
0 0.7109375 0.3515625 0.02578125 0.0234375
0 0.678125 0.346875 0.0390625 0.0390625
0 0.61875 0.359375 0.06015625 0.03046875
0 0.5484375 0.36875 0.07578125 0.0375
0 0.41875 0.37890625 0.10546875 0.046875
0 0.22421875 0.39453125 0.01484375 0.021875
0 0.1390625 0.421875 0.040625 0.04609375
0 0.090625 0.41953125 0.04140625 0.03359375
0 0.07421875 0.42734375 0.0453125 0.03046875
0 0.24453125 0.421875 0.13046875 0.071875
0 0.44375 0.465625 0.11484375 0.165625
2 0.628125 0.159375 0.01953125 0.090625
3 0.3578125 0.30859375 0.028125 0.0140625