3 0.16015625 0.43203125 0.01328125 0.028125
3 0.3671875 0.540625 0.01796875 0.02109375
3 0.5453125 0.46171875 0.01171875 0.0234375
3 0.5453125 0.48203125 0.01171875 0.015625
3 0.5453125 0.496875 0.01171875 0.0140625
3 0.7875 0.20625 0.0234375 0.07890625
0 0.45 0.55234375 0.01640625 0.034375
0 0.734375 0.4703125 0.04765625 0.0609375
0 0.75859375 0.4578125 0.0328125 0.05859375
0 0.8171875 0.446875 0.0671875 0.06953125
0 0.87265625 0.44609375 0.11796875 0.08203125
0 0.92578125 0.4515625 0.07890625 0.07109375
0 0.2484375 0.5546875 0.1625 0.15546875
0 0.48984375 0.5375 0.0671875 0.1109375
0 0.0828125 0.5890625 0.165625 0.16640625
0 0.4375 0.5578125 0.02109375 0.0359375