3 0.315625 0.415625 0.0375 0.0625
3 0.61640625 0.4359375 0.02578125 0.04453125
3 0.534375 0.46953125 0.01015625 0.025
3 0.5953125 0.46015625 0.01015625 0.01796875
0 0.453125 0.48828125 0.01484375 0.01640625
0 0.496875 0.48984375 0.0125 0.01796875
0 0.50859375 0.48984375 0.01171875 0.0140625
0 0.528125 0.496875 0.0265625 0.02890625
0 0.47421875 0.49140625 0.01484375 0.021875
0 0.70234375 0.48125 0.03515625 0.04296875
0 0.5765625 0.48828125 0.01484375 0.03359375
0 0.0875 0.509375 0.15078125 0.0734375
3 0.63515625 0.4671875 0.0125 0.02890625
3 0.4328125 0.46875 0.0109375 0.01640625