2 0.22734375 0.41953125 0.0421875 0.07109375
2 0.2390625 0.5078125 0.03125 0.04453125
2 0.303125 0.50859375 0.0328125 0.046875
2 0.334375 0.3703125 0.03671875 0.046875
2 0.4 0.49609375 0.025 0.0390625
3 0.3859375 0.409375 0.06875 0.0765625
3 0.3828125 0.359375 0.0609375 0.03203125
3 0.5140625 0.42734375 0.1546875 0.1015625
0 0.42265625 0.646875 0.02109375 0.0359375
0 0.40546875 0.6421875 0.01796875 0.021875
0 0.4421875 0.6484375 0.015625 0.028125
0 0.46484375 0.64609375 0.01875 0.03046875
0 0.4828125 0.6421875 0.01796875 0.03359375
0 0.51015625 0.6609375 0.04296875 0.0640625
0 0.321875 0.64765625 0.01875 0.03359375
0 0.2328125 0.6453125 0.11640625 0.12890625
0 0.146875 0.59609375 0.05234375 0.0484375
0 0.3046875 0.64140625 0.021875 0.04296875
0 0.3640625 0.653125 0.0625 0.090625
0 0.59375 0.690625 0.1296875 0.190625
0 0.115625 0.77265625 0.22734375 0.3359375
0 0.796875 0.6828125 0.10703125 0.10390625