2 0.14140625 0.38203125 0.00625 0.0125
3 0.8453125 0.18125 0.0359375 0.07890625
3 0.85703125 0.26953125 0.01875 0.0484375
3 0.8546875 0.3234375 0.01484375 0.046875
1 0.59453125 0.47421875 0.0375 0.1515625
1 0.203125 0.4203125 0.00625 0.015625
1 0.1859375 0.43203125 0.01484375 0.046875
2 0.1546875 0.3390625 0.00390625 0.021875
2 0.2125 0.365625 0.00390625 0.01796875
0 0.2265625 0.40703125 0.00703125 0.00546875
0 0.21640625 0.409375 0.00703125 0.009375
0 0.2078125 0.409375 0.0125 0.009375
0 0.2078125 0.41484375 0.0140625 0.009375
0 0.2203125 0.41640625 0.00625 0.0125
0 0.2296875 0.4125 0.01171875 0.00390625
0 0.22890625 0.41640625 0.009375 0.00546875
0 0.2265625 0.4234375 0.0078125 0.0109375
0 0.2484375 0.428125 0.0125 0.0125
0 0.234375 0.43125 0.01953125 0.0265625
0 0.3 0.4328125 0.02265625 0.015625
0 0.3078125 0.44375 0.025 0.0359375
0 0.3375 0.440625 0.04140625 0.05546875
0 0.3640625 0.446875 0.04453125 0.053125
0 0.4 0.45625 0.05234375 0.05546875
0 0.44609375 0.45703125 0.0625 0.07109375
0 0.6328125 0.4875 0.1484375 0.14296875
0 0.7609375 0.53203125 0.2078125 0.16796875
0 0.1984375 0.41015625 0.01171875 0.0109375
0 0.19765625 0.42421875 0.01875 0.01640625
0 0.0921875 0.421875 0.01484375 0.028125
0 0.075 0.421875 0.0234375 0.0265625
0 0.1171875 0.42734375 0.02578125 0.034375
0 0.05703125 0.434375 0.0375 0.046875
0 0.2125 0.434375 0.0296875 0.034375
0 0.27109375 0.4375 0.04921875 0.05703125
0 0.4953125 0.465625 0.0859375 0.0859375
0 0.8984375 0.6125 0.20078125 0.2859375