3 0.3046875 0.36796875 0.05625 0.0484375
3 0.51875 0.36640625 0.02421875 0.02109375
3 0.559375 0.46484375 0.01171875 0.0265625
3 0.4765625 0.45390625 0.0203125 0.02890625
3 0.4296875 0.45 0.01796875 0.0234375
3 0.46015625 0.45625 0.00703125 0.02109375
3 0.4015625 0.4484375 0.01328125 0.0265625
3 0.503125 0.384375 0.05390625 0.03046875
0 0.29140625 0.47890625 0.02734375 0.0234375
0 0.32109375 0.478125 0.0203125 0.02109375
0 0.28671875 0.465625 0.0203125 0.02109375
0 0.2671875 0.5015625 0.04765625 0.05390625
0 0.43515625 0.503125 0.03046875 0.034375