3 0.0546875 0.5953125 0.1078125 0.11953125
3 0.071875 0.53359375 0.046875 0.05
3 0.153125 0.521875 0.02265625 0.04453125
3 0.159375 0.55859375 0.0265625 0.05
3 0.171875 0.63046875 0.034375 0.0515625
2 0.49375 0.475 0.00703125 0.0140625
2 0.515625 0.4625 0.009375 0.015625
2 0.5078125 0.48671875 0.00703125 0.0140625
2 0.5015625 0.490625 0.0078125 0.009375
0 0.5359375 0.490625 0.01171875 0.0234375
0 0.5484375 0.490625 0.01640625 0.028125
0 0.55625 0.49140625 0.01875 0.02890625
0 0.5125 0.5 0.015625 0.025
0 0.49375 0.5078125 0.01796875 0.028125
0 0.5234375 0.50546875 0.02578125 0.04296875
0 0.6734375 0.459375 0.08671875 0.128125
0 0.7890625 0.44140625 0.16796875 0.2