2 0.66953125 0.4078125 0.0109375 0.05546875
2 0.6171875 0.3046875 0.0109375 0.0390625
2 0.2921875 0.43828125 0.009375 0.0359375
2 0.11171875 0.371875 0.0109375 0.040625
2 0.121875 0.3890625 0.0046875 0.04453125
2 0.2265625 0.4203125 0.00703125 0.025
2 0.69375 0.421875 0.00703125 0.034375
2 0.6015625 0.446875 0.009375 0.0359375
2 0.5046875 0.4578125 0.009375 0.015625
3 0.15 0.33203125 0.021875 0.034375
3 0.1890625 0.30859375 0.01171875 0.05546875
3 0.23046875 0.296875 0.0140625 0.0515625
3 0.6671875 0.353125 0.01640625 0.034375
0 0.46796875 0.48828125 0.021875 0.0359375
0 0.4453125 0.49375 0.02265625 0.034375
0 0.37890625 0.4921875 0.03203125 0.04453125
0 0.5546875 0.4921875 0.02265625 0.0234375
0 0.52890625 0.48984375 0.01328125 0.02109375
0 0.5109375 0.4875 0.0140625 0.02109375
1 0.67265625 0.50234375 0.0109375 0.0515625
1 0.73046875 0.50390625 0.015625 0.059375
0 0.79609375 0.50390625 0.06328125 0.046875
0 0.759375 0.484375 0.040625 0.040625
0 0.128125 0.5015625 0.05234375 0.0484375
0 0.0828125 0.5015625 0.0609375 0.0484375
0 0.0390625 0.5109375 0.03203125 0.0390625
3 0.225 0.4578125 0.0109375 0.01640625
2 0.66796875 0.44609375 0.0125 0.0140625