0 0.58984375 0.52109375 0.0140625 0.0265625
0 0.584375 0.52421875 0.0125 0.03046875
0 0.575 0.5265625 0.01796875 0.03359375
0 0.5703125 0.52734375 0.01796875 0.03203125
0 0.55625 0.528125 0.0234375 0.0484375
0 0.5484375 0.5328125 0.021875 0.046875
0 0.5265625 0.5328125 0.0453125 0.06953125
0 0.515625 0.540625 0.028125 0.05859375
0 0.50078125 0.54609375 0.04453125 0.0734375
0 0.475 0.55625 0.04375 0.07890625
0 0.4484375 0.56328125 0.04921875 0.09453125
0 0.3375 0.54765625 0.196875 0.234375
0 0.634375 0.52421875 0.0109375 0.021875
0 0.63125 0.521875 0.0125 0.025
0 0.64296875 0.52578125 0.01875 0.0359375
0 0.65625 0.534375 0.03046875 0.05
0 0.66875 0.54140625 0.03203125 0.0640625
0 0.68671875 0.5453125 0.03671875 0.075
0 0.7265625 0.5609375 0.0875 0.0984375
0 0.1515625 0.64375 0.303125 0.271875
0 0.89921875 0.68984375 0.19921875 0.45390625