3 0.4390625 0.42734375 0.01328125 0.01953125
3 0.4375 0.40703125 0.01328125 0.01640625
3 0.4375 0.3796875 0.01953125 0.03359375
3 0.571875 0.45625 0.05234375 0.034375
0 0.23984375 0.51171875 0.07421875 0.04609375
0 0.35234375 0.5140625 0.02421875 0.02890625
0 0.5046875 0.534375 0.0171875 0.0234375
0 0.4765625 0.51484375 0.04375 0.0765625
0 0.61328125 0.51875 0.01875 0.0515625
0 0.65390625 0.54140625 0.0765625 0.09453125
0 0.56171875 0.5484375 0.1109375 0.178125
0 0.42421875 0.52421875 0.0828125 0.11953125
0 0.37734375 0.509375 0.02890625 0.028125