3 0.71171875 0.35625 0.0265625 0.02109375
3 0.7046875 0.44140625 0.02109375 0.0234375
3 0.565625 0.4265625 0.0109375 0.04453125
0 0.48046875 0.459375 0.00625 0.0125
0 0.48984375 0.4625 0.015625 0.0375
0 0.503125 0.4625 0.00859375 0.015625
0 0.50546875 0.46796875 0.00625 0.0140625
0 0.5078125 0.471875 0.00859375 0.01796875
0 0.5109375 0.47578125 0.00859375 0.02109375
0 0.5140625 0.478125 0.01015625 0.02109375
0 0.528125 0.4828125 0.01953125 0.01796875
0 0.4765625 0.46875 0.015625 0.0140625
0 0.4765625 0.48203125 0.01875 0.03359375
0 0.46796875 0.46796875 0.00859375 0.0109375
0 0.45625 0.4765625 0.02578125 0.04453125
0 0.453125 0.484375 0.02578125 0.0359375
0 0.45 0.4984375 0.021875 0.04609375
0 0.43984375 0.503125 0.03203125 0.04609375
0 0.4328125 0.5171875 0.03359375 0.0484375
0 0.42109375 0.525 0.03125 0.059375
0 0.40625 0.53359375 0.04921875 0.06953125
0 0.39375 0.5515625 0.0609375 0.0765625
0 0.3859375 0.56484375 0.05390625 0.078125
0 0.3640625 0.5859375 0.08125 0.11796875
0 0.55625 0.475 0.03984375 0.0359375
0 0.5578125 0.51796875 0.03671875 0.05
0 0.5625 0.52421875 0.03203125 0.05546875
0 0.57109375 0.528125 0.046875 0.059375
0 0.584375 0.5515625 0.05546875 0.0765625
0 0.61875 0.5703125 0.0875 0.1
0 0.5203125 0.521875 0.04453125 0.06640625
1 0.25703125 0.58984375 0.02890625 0.1375
1 0.671875 0.578125 0.04453125 0.15390625
3 0.909375 0.40078125 0.0140625 0.059375