0 0.07890625 0.56796875 0.15625 0.540625
0 0.878125 0.4203125 0.24140625 0.4625
0 0.1671875 0.496875 0.06484375 0.10703125
0 0.34453125 0.478125 0.071875 0.115625
0 0.39375 0.48125 0.03125 0.05546875
0 0.4078125 0.46796875 0.021875 0.040625
0 0.7328125 0.50625 0.040625 0.11640625
0 0.2609375 0.528125 0.1578125 0.1625
0 0.65 0.48828125 0.15234375 0.196875
0 0.428125 0.465625 0.01328125 0.03046875
0 0.4765625 0.46328125 0.01015625 0.025
0 0.4640625 0.4609375 0.0078125 0.0125
0 0.4890625 0.46875 0.0140625 0.028125
2 0.48203125 0.38203125 0.00546875 0.01796875
2 0.478125 0.384375 0.00546875 0.0234375
0 0.446875 0.45859375 0.015625 0.01953125