3 0.5421875 0.4453125 0.015625 0.009375
3 0.534375 0.45546875 0.01484375 0.0125
3 0.0828125 0.4546875 0.0171875 0.01640625
0 0.49453125 0.51796875 0.01484375 0.03046875
0 0.5078125 0.52265625 0.025 0.0359375
0 0.52421875 0.53359375 0.01484375 0.0640625
0 0.5625 0.5203125 0.0734375 0.10859375
0 0.575 0.5390625 0.0765625 0.1390625
0 0.85625 0.55859375 0.2078125 0.1890625
0 0.671875 0.5453125 0.18125 0.2265625
0 0.38984375 0.525 0.025 0.078125
0 0.34609375 0.53125 0.071875 0.10546875
0 0.0640625 0.534375 0.109375 0.1125
0 0.4921875 0.54375 0.01171875 0.05390625
0 0.44296875 0.528125 0.096875 0.171875
0 0.2203125 0.5421875 0.2390625 0.315625