3 0.025 0.1390625 0.02265625 0.10703125
3 0.765625 0.28515625 0.0125 0.021875
3 0.7390625 0.29609375 0.03203125 0.01796875
3 0.7546875 0.2609375 0.01640625 0.028125
3 0.7578125 0.234375 0.025 0.025
3 0.709375 0.1578125 0.2015625 0.14453125
1 0.58671875 0.421875 0.00546875 0.02890625
1 0.678125 0.4359375 0.01640625 0.065625
1 0.71875 0.43984375 0.01640625 0.08203125
0 0.65 0.43125 0.025 0.02890625
0 0.7078125 0.434375 0.015625 0.04140625
0 0.50703125 0.428125 0.08359375 0.065625
0 0.41640625 0.40703125 0.1453125 0.09296875
0 0.2234375 0.4015625 0.2 0.1
2 0.596875 0.39453125 0.00546875 0.025
2 0.79296875 0.31875 0.01015625 0.0375
2 0.84921875 0.35859375 0.0125 0.028125
2 0.9875 0.375 0.00703125 0.02890625
3 0.828125 0.37578125 0.01796875 0.03203125
3 0.7765625 0.390625 0.08203125 0.121875
0 0.971875 0.45546875 0.0359375 0.03046875
0 0.99375 0.47265625 0.009375 0.0515625
0 0.87734375 0.4484375 0.04453125 0.0234375