2 0.01875 0.1625 0.015625 0.0625
2 0.04375 0.1703125 0.0328125 0.078125
2 0.478125 0.14609375 0.02578125 0.078125
2 0.640625 0.30078125 0.04140625 0.065625
2 0.4046875 0.3015625 0.00859375 0.03203125
2 0.41484375 0.3015625 0.0078125 0.0375
2 0.059375 0.4046875 0.02890625 0.02890625
3 0.028125 0.4296875 0.02265625 0.04609375
3 0.29375 0.371875 0.015625 0.05
3 0.06171875 0.315625 0.015625 0.01796875
3 0.0515625 0.334375 0.03515625 0.015625
3 0.540625 0.37890625 0.01953125 0.00703125
3 0.06953125 0.2546875 0.02578125 0.07109375
2 0.521875 0.34609375 0.009375 0.0265625
0 0.10234375 0.55390625 0.0265625 0.08359375
0 0.3203125 0.4953125 0.0125 0.046875
0 0.45625 0.46015625 0.00859375 0.009375
0 0.4546875 0.471875 0.009375 0.0140625
0 0.46171875 0.478125 0.0171875 0.01953125
0 0.4859375 0.48359375 0.03515625 0.05859375
0 0.028125 0.50703125 0.05625 0.0640625
0 0.7140625 0.47578125 0.0375 0.0609375
0 0.73515625 0.47421875 0.04375 0.0640625
0 0.82890625 0.4703125 0.03671875 0.04296875
0 0.8328125 0.446875 0.03515625 0.01796875
0 0.5125 0.48046875 0.0125 0.02109375