3 0.3046875 0.2984375 0.03125 0.01953125
3 0.51875 0.32890625 0.02734375 0.0140625
3 0.5375 0.28046875 0.03125 0.0125
2 0.353125 0.28671875 0.009375 0.03046875
2 0.41875 0.353125 0.0078125 0.01640625
2 0.50703125 0.2828125 0.0078125 0.0234375
2 0.5078125 0.346875 0.0046875 0.0109375
3 0.5140625 0.34296875 0.0078125 0.00546875
2 0.4484375 0.36328125 0.00703125 0.0140625
0 0.40078125 0.403125 0.0109375 0.02109375
0 0.41953125 0.39765625 0.0203125 0.0234375
0 0.4875 0.38046875 0.0125 0.02109375
0 0.5078125 0.38671875 0.01640625 0.03203125
0 0.521875 0.390625 0.009375 0.02890625
0 0.5375 0.39140625 0.02265625 0.034375
0 0.31875 0.4234375 0.0328125 0.03359375
0 0.3625 0.4078125 0.02890625 0.03046875
0 0.565625 0.38828125 0.0296875 0.046875
3 0.1140625 0.2234375 0.0265625 0.02109375
3 0.1125 0.30625 0.01640625 0.01796875
3 0.096875 0.3109375 0.03125 0.01640625
1 0.665625 0.3796875 0.01171875 0.05546875