0 0.4359375 0.428125 0.03671875 0.0609375
0 0.4140625 0.4453125 0.0484375 0.0609375
0 0.5609375 0.4359375 0.0390625 0.06640625
2 0.73984375 0.021875 0.021875 0.04296875
0 0.3546875 0.45625 0.084375 0.1015625
0 0.503125 0.484375 0.11953125 0.17890625
1 0.93125 0.41171875 0.0296875 0.12109375
1 0.9859375 0.4390625 0.025 0.16796875
3 0.94453125 0.24921875 0.03984375 0.0234375
3 0.090625 0.2375 0.04375 0.02890625
3 0.05 0.20703125 0.02890625 0.0265625
2 0.046875 0.084375 0.02890625 0.1109375
0 0.8296875 0.525 0.28515625 0.2515625
0 0.053125 0.46015625 0.0671875 0.059375
1 0.1296875 0.4546875 0.02890625 0.1109375
1 0.0109375 0.4828125 0.02109375 0.18203125
0 0.09375 0.453125 0.0375 0.04609375
2 0.7125 0.009375 0.02265625 0.01796875
0 0.621875 0.45859375 0.09140625 0.10859375