2 0.5328125 0.2953125 0.009375 0.025
2 0.57890625 0.309375 0.009375 0.02109375
2 0.690625 0.28671875 0.01171875 0.025
2 0.41328125 0.340625 0.00546875 0.01640625
2 0.5265625 0.340625 0.0078125 0.01640625
2 0.8109375 0.2453125 0.01640625 0.04140625
2 0.8375 0.27578125 0.009375 0.0265625
2 0.8265625 0.3328125 0.01953125 0.025
3 0.7171875 0.259375 0.00703125 0.021875
3 0.815625 0.296875 0.0171875 0.04609375
3 0.41953125 0.328125 0.01171875 0.02109375
3 0.35 0.2703125 0.01015625 0.01640625
3 0.3515625 0.3296875 0.01171875 0.01796875
3 0.153125 0.296875 0.02578125 0.04140625
3 0.0390625 0.2953125 0.03046875 0.04140625
3 0.47109375 0.3359375 0.00703125 0.01796875
2 0.459375 0.25078125 0.01015625 0.034375
2 0.134375 0.3046875 0.009375 0.0265625
0 0.6609375 0.390625 0.0171875 0.03046875
0 0.68125 0.4078125 0.02421875 0.04140625
0 0.896875 0.38203125 0.1078125 0.0640625
0 0.6375 0.396875 0.03984375 0.06640625
0 0.6078125 0.409375 0.028125 0.07109375
0 0.434375 0.415625 0.084375 0.11640625
0 0.3 0.3828125 0.03515625 0.0375
0 0.259375 0.3828125 0.0453125 0.04140625
0 0.21328125 0.3828125 0.03828125 0.04140625
0 0.58359375 0.371875 0.01640625 0.02890625
0 0.5453125 0.36796875 0.05859375 0.03359375
0 0.3515625 0.38203125 0.05 0.05546875
0 0.15859375 0.3734375 0.0375 0.03046875
0 0.121875 0.371875 0.0359375 0.02890625
0 0.4828125 0.38828125 0.021875 0.0390625
0 0.759375 0.421875 0.16640625 0.2515625
0 0.84140625 0.384375 0.01953125 0.05390625
0 0.1109375 0.50859375 0.221875 0.2390625
0 0.54140625 0.49609375 0.17578125 0.246875
0 0.8953125 0.54140625 0.20703125 0.346875
3 0.3609375 0.17890625 0.00546875 0.03359375
3 0.575 0.33671875 0.0078125 0.01640625
3 0.6546875 0.2953125 0.00546875 0.03359375
3 0.65625 0.3296875 0.009375 0.0265625
2 0.89375 0.028125 0.02109375 0.0515625
3 0.4421875 0.3484375 0.00703125 0.0265625