0 0.4171875 0.43671875 0.01015625 0.02890625
0 0.40859375 0.43828125 0.00859375 0.0265625
0 0.4015625 0.43984375 0.0078125 0.0265625
0 0.39296875 0.440625 0.01171875 0.03203125
0 0.3734375 0.43828125 0.03984375 0.05703125
0 0.353125 0.4453125 0.0359375 0.05859375
0 0.3234375 0.4546875 0.0515625 0.065625
0 0.4953125 0.42578125 0.01796875 0.0265625
0 0.4609375 0.42890625 0.01484375 0.0265625
2 0.41796875 0.378125 0.01015625 0.0265625
2 0.22109375 0.16328125 0.01953125 0.078125
2 0.24140625 0.1578125 0.0140625 0.078125
2 0.8390625 0.01953125 0.0234375 0.0390625
2 0.86640625 0.30390625 0.0515625 0.06953125
2 0.121875 0.353125 0.01640625 0.03203125
1 0.6015625 0.47265625 0.01875 0.1
1 0.8828125 0.52578125 0.02734375 0.18359375
1 0.84453125 0.5078125 0.0265625 0.209375
1 0.79765625 0.5328125 0.0359375 0.1734375
3 0.125 0.26640625 0.03203125 0.01796875
3 0.1296875 0.303125 0.01484375 0.02109375
2 0.5140625 0.38125 0.009375 0.028125
3 0.559375 0.45625 0.03671875 0.0359375
3 0.8328125 0.1265625 0.05625 0.0390625
3 0.8453125 0.16171875 0.02578125 0.04453125
3 0.8453125 0.21640625 0.02890625 0.046875
3 0.63125 0.3640625 0.0203125 0.01640625