0 0.53359375 0.484375 0.0671875 0.1
0 0.3890625 0.44375 0.0203125 0.03046875
0 0.3734375 0.4453125 0.025 0.046875
0 0.34375 0.4546875 0.03671875 0.0609375
0 0.29609375 0.4484375 0.07265625 0.1265625
0 0.27734375 0.4703125 0.0796875 0.128125
0 0.453125 0.415625 0.01015625 0.01796875
0 0.409375 0.3890625 0.01328125 0.01640625
0 0.4265625 0.3515625 0.0078125 0.015625
0 0.4234375 0.390625 0.01171875 0.01640625
0 0.4625 0.4515625 0.028125 0.0359375
0 0.4265625 0.44453125 0.025 0.0359375
0 0.46328125 0.42109375 0.02109375 0.025
0 0.5953125 0.51171875 0.12265625 0.14296875
0 0.39609375 0.39765625 0.0171875 0.025
0 0.1734375 0.4796875 0.1765625 0.190625
0 0.3640625 0.45234375 0.01640625 0.05