3 0.45625 0.1828125 0.01171875 0.0265625
3 0.52109375 0.028125 0.02265625 0.0515625
3 0.5546875 0.14296875 0.03203125 0.0125
1 0.9671875 0.171875 0.0234375 0.02890625
1 0.51015625 0.28515625 0.00859375 0.05390625
1 0.4859375 0.284375 0.0171875 0.065625
0 0.4296875 0.2890625 0.01953125 0.05390625
0 0.9046875 0.259375 0.18984375 0.15390625
3 0.5453125 0.0828125 0.0125 0.07109375
3 0.5328125 0.0953125 0.01171875 0.0484375
3 0.54375 0.178125 0.01328125 0.03046875
1 0.46484375 0.2796875 0.0078125 0.040625