0 0.3625 0.32734375 0.0125 0.01640625
0 0.39375 0.3109375 0.02421875 0.0234375
0 0.4203125 0.31953125 0.01875 0.02890625
0 0.3921875 0.3515625 0.02890625 0.04140625
0 0.3234375 0.325 0.0203125 0.0265625
0 0.34375 0.353125 0.02578125 0.0390625
0 0.296875 0.365625 0.0203125 0.04609375
0 0.28203125 0.36953125 0.0234375 0.04296875
0 0.2703125 0.3734375 0.03125 0.04609375
0 0.2484375 0.38046875 0.03671875 0.05546875
0 0.2078125 0.390625 0.0765625 0.075
0 0.1234375 0.4 0.11328125 0.12890625
0 0.0546875 0.42578125 0.065625 0.140625
0 0.02265625 0.54296875 0.0421875 0.38046875
0 0.3234375 0.37109375 0.04765625 0.0609375
0 0.43125 0.359375 0.0125 0.0390625
0 0.44375 0.3515625 0.01640625 0.08046875
0 0.4703125 0.3609375 0.06015625 0.090625
0 0.5265625 0.38828125 0.096875 0.10390625
0 0.6765625 0.4625 0.2375 0.23359375