3 0.625 0.3109375 0.028125 0.0125
3 0.62578125 0.34296875 0.0171875 0.0109375
3 0.6328125 0.37578125 0.015625 0.00703125
2 0.6265625 0.38671875 0.01015625 0.01953125
2 0.36328125 0.35625 0.00859375 0.0234375
3 0.3546875 0.3296875 0.0171875 0.0109375
3 0.35 0.346875 0.0171875 0.0125
3 0.296875 0.34921875 0.0125 0.028125
1 0.93125 0.4046875 0.0109375 0.01796875
0 0.37421875 0.42421875 0.075 0.09140625
0 0.6546875 0.43984375 0.0453125 0.0609375
0 0.29140625 0.4796875 0.159375 0.203125
1 0.0234375 0.34921875 0.02578125 0.0375
0 0.146875 0.559375 0.29296875 0.3875
0 0.51875 0.540625 0.33671875 0.49609375
0 0.95703125 0.46484375 0.084375 0.11953125
0 0.9328125 0.65546875 0.13203125 0.3484375