2 0.246875 0.19609375 0.00859375 0.034375
2 0.05 0.18671875 0.0109375 0.040625
2 0.6484375 0.196875 0.00859375 0.0234375
2 0.63515625 0.196875 0.01171875 0.0234375
3 0.55 0.1921875 0.01484375 0.0109375
3 0.54375 0.16171875 0.015625 0.015625
2 0.55625 0.23828125 0.01640625 0.01953125
3 0.0390625 0.25234375 0.01171875 0.0125
3 0.03359375 0.26796875 0.02265625 0.0125
0 0.3046875 0.3359375 0.015625 0.02890625
0 0.29296875 0.33671875 0.02265625 0.028125
0 0.2859375 0.340625 0.0171875 0.0265625
0 0.265625 0.346875 0.028125 0.04296875
0 0.246875 0.35234375 0.03359375 0.0515625
0 0.38046875 0.31640625 0.01640625 0.03203125
0 0.35703125 0.3140625 0.03359375 0.0515625
0 0.4109375 0.315625 0.03359375 0.07109375
0 0.4890625 0.3015625 0.00859375 0.0359375
0 0.5078125 0.303125 0.03203125 0.05390625
0 0.45546875 0.30078125 0.05625 0.125
0 0.33125 0.33515625 0.0421875 0.0625
0 0.6109375 0.3015625 0.078125 0.10859375
1 0.56328125 0.28671875 0.01171875 0.046875
0 0.6671875 0.315625 0.09609375 0.11640625
0 0.7984375 0.3 0.20390625 0.20390625
0 0.953125 0.28828125 0.09375 0.340625
0 0.12734375 0.38359375 0.2546875 0.353125
2 0.434375 0.1703125 0.0109375 0.0375