3 0.33125 0.5328125 0.0140625 0.03359375
3 0.3140625 0.5375 0.015625 0.021875
3 0.2921875 0.53671875 0.01484375 0.021875
3 0.6046875 0.50703125 0.08046875 0.0859375
3 0.5015625 0.50078125 0.125 0.08359375
3 0.625 0.609375 0.021875 0.021875
3 0.5984375 0.60625 0.0328125 0.0234375
3 0.565625 0.5984375 0.015625 0.03046875
3 0.5453125 0.60234375 0.02265625 0.01953125
3 0.19375 0.584375 0.01015625 0.02109375
3 0.19375 0.6015625 0.009375 0.015625
3 0.19375 0.61640625 0.0109375 0.01953125
3 0.396875 0.58828125 0.0140625 0.0234375
3 0.396875 0.603125 0.0125 0.0109375
3 0.396875 0.6171875 0.01015625 0.0140625
3 0.41875 0.615625 0.00859375 0.01640625
0 0.5546875 0.64375 0.00703125 0.0140625
0 0.54609375 0.646875 0.01484375 0.028125
0 0.5921875 0.65390625 0.0109375 0.01796875
0 0.528125 0.6421875 0.0109375 0.0140625
0 0.4984375 0.63984375 0.01015625 0.015625
0 0.4390625 0.6421875 0.01328125 0.021875
0 0.4015625 0.6453125 0.0234375 0.02890625
0 0.321875 0.646875 0.03203125 0.03359375
0 0.9015625 0.6609375 0.03359375 0.03203125
0 0.98671875 0.65546875 0.0234375 0.028125