3 0.671875 0.42109375 0.03828125 0.0484375
3 0.675 0.46796875 0.0234375 0.0265625
3 0.53125 0.51953125 0.015625 0.034375
3 0.5234375 0.53828125 0.01171875 0.0265625
3 0.50859375 0.540625 0.01171875 0.0265625
0 0.4296875 0.55625 0.01484375 0.03359375
0 0.41875 0.559375 0.02265625 0.040625
0 0.40546875 0.5671875 0.025 0.046875
0 0.3859375 0.56875 0.02890625 0.0484375
0 0.35546875 0.57578125 0.0515625 0.06796875
0 0.325 0.5859375 0.03203125 0.07109375
0 0.49921875 0.55703125 0.01171875 0.02109375
0 0.50625 0.56640625 0.0109375 0.03046875
0 0.51640625 0.56875 0.01953125 0.03046875
0 0.571875 0.57734375 0.0421875 0.075
0 0.61328125 0.596875 0.08203125 0.115625
0 0.6796875 0.61484375 0.10390625 0.1640625
0 0.2578125 0.584375 0.10703125 0.15
0 0.534375 0.57109375 0.02734375 0.0484375
0 0.4671875 0.55703125 0.0171875 0.0265625
0 0.096875 0.628125 0.1921875 0.20703125
0 0.0140625 0.7 0.028125 0.16640625