2 0.42265625 0.009375 0.0203125 0.01875
2 0.61640625 0.35234375 0.01953125 0.0375
2 0.5875 0.35078125 0.02265625 0.05390625
3 0.63828125 0.2546875 0.04765625 0.0265625
3 0.59375 0.26328125 0.02890625 0.0375
3 0.82734375 0.3296875 0.025 0.08203125
1 0.1640625 0.48359375 0.03046875 0.1125
1 0.13515625 0.46640625 0.03046875 0.10859375
1 0.328125 0.5 0.03203125 0.13203125
1 0.41796875 0.503125 0.02890625 0.13359375
1 0.53671875 0.496875 0.034375 0.14609375
0 0.21875 0.48125 0.0953125 0.1359375
0 0.8078125 0.521875 0.1859375 0.115625
0 0.01875 0.52578125 0.03671875 0.159375