3 0.50625 0.21953125 0.0703125 0.053125
0 0.35 0.33515625 0.01328125 0.01953125
0 0.36484375 0.33671875 0.015625 0.01796875
0 0.4078125 0.31953125 0.01328125 0.01953125
0 0.284375 0.346875 0.021875 0.03203125
0 0.215625 0.35625 0.03515625 0.0390625
0 0.31328125 0.365625 0.03671875 0.04453125
0 0.253125 0.3640625 0.03984375 0.0484375
0 0.1625 0.37265625 0.0640625 0.0515625
0 0.0625 0.41015625 0.1234375 0.1375
3 0.46640625 0.30703125 0.01328125 0.0234375
0 0.5015625 0.4078125 0.07890625 0.11796875