0 0.4484375 0.509375 0.00625 0.0125
0 0.45625 0.50703125 0.00703125 0.01953125
0 0.48125 0.503125 0.009375 0.01796875
0 0.4890625 0.50859375 0.00703125 0.0140625
0 0.4953125 0.50859375 0.01171875 0.025
0 0.509375 0.50703125 0.01796875 0.0359375
0 0.51875 0.5125 0.01328125 0.0359375
0 0.5609375 0.509375 0.01015625 0.0234375
0 0.325 0.5 0.02734375 0.025
0 0.09375 0.49765625 0.03125 0.0265625
0 0.11171875 0.50625 0.04765625 0.034375
0 0.059375 0.509375 0.0578125 0.034375
0 0.1796875 0.521875 0.10390625 0.1375
0 0.240625 0.575 0.1828125 0.184375
0 0.390625 0.52109375 0.05078125 0.065625
0 0.46875 0.51171875 0.021875 0.03203125
0 0.5390625 0.5234375 0.04296875 0.059375
0 0.6234375 0.52265625 0.04765625 0.0515625
0 0.578125 0.51484375 0.0328125 0.034375
0 0.7296875 0.5328125 0.09453125 0.096875
0 0.9671875 0.7609375 0.06328125 0.2875
0 0.9625 0.58515625 0.07265625 0.16640625
3 0.6484375 0.4546875 0.015625 0.034375
0 0.3671875 0.50390625 0.01640625 0.01953125