3 0.184375 0.30546875 0.0078125 0.05390625
3 0.7171875 0.403125 0.01015625 0.01640625
3 0.7171875 0.42421875 0.01171875 0.01640625
0 0.5546875 0.46640625 0.01171875 0.0265625
0 0.5390625 0.45390625 0.01953125 0.04296875
0 0.5234375 0.4578125 0.0234375 0.04140625
0 0.5171875 0.46484375 0.01875 0.0515625
0 0.5 0.46484375 0.021875 0.046875
0 0.48515625 0.46796875 0.03515625 0.05390625
0 0.45546875 0.4765625 0.04296875 0.06640625
0 0.4109375 0.4875 0.06328125 0.084375
0 0.646875 0.46796875 0.0125 0.02109375
0 0.6578125 0.459375 0.01171875 0.02890625
0 0.6734375 0.45859375 0.02578125 0.046875
0 0.68984375 0.4640625 0.028125 0.0625
0 0.72109375 0.471875 0.06328125 0.071875
0 0.3390625 0.50234375 0.11953125 0.1140625
1 0.0875 0.41796875 0.01640625 0.05
1 0.01171875 0.42421875 0.0125 0.025
0 0.5734375 0.459375 0.03046875 0.0375
3 0.475 0.434375 0.009375 0.01796875
3 0.5296875 0.43046875 0.003125 0.02109375