3 0.334375 0.46640625 0.1359375 0.078125
3 0.5953125 0.49296875 0.06171875 0.0375
3 0.6171875 0.46875 0.01640625 0.02109375
3 0.6359375 0.49453125 0.01875 0.0265625
3 0.53828125 0.49453125 0.05234375 0.059375
0 0.2359375 0.56328125 0.03125 0.01953125
0 0.5203125 0.58671875 0.01171875 0.02890625
0 0.5546875 0.5875 0.0140625 0.0265625
0 0.5046875 0.59296875 0.01484375 0.05
0 0.5453125 0.58046875 0.0125 0.025
0 0.53125 0.59609375 0.02890625 0.04296875
0 0.49140625 0.59296875 0.03515625 0.0875
0 0.5765625 0.6 0.04453125 0.0859375
0 0.884375 0.60390625 0.03984375 0.04453125
0 0.80078125 0.61171875 0.10234375 0.109375
0 0.940625 0.58125 0.11484375 0.1265625
0 0.43125 0.60234375 0.11328125 0.16640625
0 0.6640625 0.64609375 0.1875 0.23359375
3 0.37109375 0.546875 0.01953125 0.05703125
0 0.934375 0.66796875 0.128125 0.25859375