2 0.3375 0.17109375 0.00703125 0.0234375
2 0.328125 0.17109375 0.00859375 0.01953125
3 0.3671875 0.171875 0.028125 0.0109375
3 0.415625 0.16640625 0.0125 0.021875
3 0.5734375 0.165625 0.009375 0.0515625
3 0.1171875 0.21953125 0.009375 0.021875
2 0.04375 0.2359375 0.01484375 0.015625
0 0.26875 0.2671875 0.01796875 0.034375
0 0.25625 0.275 0.0171875 0.06640625
0 0.36875 0.278125 0.0265625 0.0515625
0 0.33125 0.24765625 0.04296875 0.0265625
0 0.35625 0.2984375 0.03515625 0.0765625
0 0.40625 0.27578125 0.04296875 0.065625
0 0.10703125 0.275 0.01484375 0.028125
0 0.1390625 0.28515625 0.05390625 0.0890625
0 0.4921875 0.30859375 0.05859375 0.10390625
0 0.54375 0.3203125 0.10703125 0.140625
0 0.30625 0.309375 0.09140625 0.140625
0 0.4296875 0.290625 0.0484375 0.0734375
0 0.6375 0.359375 0.178125 0.196875
0 0.0609375 0.34296875 0.121875 0.190625