2 0.325 0.1796875 0.0109375 0.05859375
2 0.5046875 0.24375 0.01171875 0.046875
2 0.184375 0.10703125 0.0125 0.05703125
2 0.925 0.30234375 0.025 0.04296875
2 0.0453125 0.34140625 0.01953125 0.028125
2 0.309375 0.165625 0.01640625 0.0640625
2 0.0921875 0.3640625 0.00703125 0.01640625
2 0.49140625 0.2453125 0.0109375 0.04609375
3 0.46484375 0.315625 0.0125 0.009375
3 0.478125 0.32265625 0.01875 0.0125
3 0.4703125 0.38671875 0.021875 0.0125
2 0.8984375 0.29296875 0.025 0.04296875
2 0.4765625 0.34375 0.0109375 0.03359375
2 0.4828125 0.3859375 0.00703125 0.01953125
2 0.228125 0.38984375 0.00546875 0.01953125
3 0.8890625 0.34296875 0.0328125 0.01953125
3 0.903125 0.359375 0.02734375 0.01640625
3 0.73125 0.25625 0.0328125 0.034375
3 0.7328125 0.29453125 0.0203125 0.05546875
0 0.0515625 0.446875 0.0203125 0.0484375
0 0.08515625 0.446875 0.053125 0.0859375
0 0.2421875 0.4515625 0.021875 0.09453125
0 0.26875 0.446875 0.0484375 0.05703125
0 0.3046875 0.4515625 0.05234375 0.075
0 0.3515625 0.4515625 0.06484375 0.10859375
0 0.48515625 0.465625 0.053125 0.0859375
0 0.59375 0.490625 0.1359375 0.14609375
0 0.671875 0.478125 0.03359375 0.05390625
0 0.82109375 0.584375 0.3578125 0.46875
1 0.025 0.446875 0.00859375 0.0390625
1 0.01171875 0.440625 0.00625 0.028125
0 0.1671875 0.465625 0.14453125 0.190625
0 0.4140625 0.46171875 0.09296875 0.1484375