0 0.03828125 0.69765625 0.075 0.225
0 0.5359375 0.55078125 0.02578125 0.03046875
0 0.49921875 0.5546875 0.046875 0.03359375
0 0.4609375 0.5671875 0.02890625 0.03046875
0 0.44296875 0.5703125 0.0453125 0.04140625
0 0.4078125 0.57265625 0.0625 0.04453125
0 0.8953125 0.51796875 0.0140625 0.01796875
0 0.8640625 0.5328125 0.0265625 0.03046875
0 0.828125 0.55703125 0.0625 0.1125
0 0.5578125 0.54921875 0.0328125 0.0359375
0 0.6578125 0.56484375 0.05703125 0.06640625
0 0.6078125 0.5703125 0.08671875 0.0640625
0 0.25859375 0.575 0.03359375 0.02890625
0 0.3078125 0.56328125 0.0359375 0.04140625
3 0.34765625 0.55 0.04140625 0.10703125
3 0.371875 0.5 0.0234375 0.05859375
3 0.578125 0.45859375 0.0171875 0.06640625
3 0.9640625 0.440625 0.0375 0.05703125
3 0.73125 0.29375 0.04765625 0.05703125
3 0.78046875 0.27421875 0.04765625 0.05703125