2 0.07734375 0.3046875 0.02265625 0.090625
2 0.509375 0.2234375 0.0234375 0.07890625
2 0.09375 0.30390625 0.0203125 0.084375
2 0.06171875 0.315625 0.0125 0.0609375
2 0.9609375 0.2421875 0.0171875 0.0765625
3 0.8796875 0.29921875 0.0203125 0.02890625
3 0.0859375 0.3765625 0.015625 0.028125
3 0.425 0.340625 0.0421875 0.0609375
3 0.9359375 0.32890625 0.02734375 0.065625
3 0.3515625 0.371875 0.04375 0.05390625
3 0.234375 0.38125 0.02421875 0.034375
3 0.2265625 0.3328125 0.02421875 0.034375
3 0.30625 0.3703125 0.015625 0.040625
3 0.28125 0.3671875 0.02265625 0.03046875
3 0.259375 0.37265625 0.02421875 0.0375
0 0.26796875 0.44296875 0.03671875 0.03359375
0 0.296875 0.440625 0.02421875 0.0359375
0 0.334375 0.4296875 0.025 0.034375
0 0.353125 0.434375 0.034375 0.034375
0 0.3796875 0.4296875 0.0234375 0.02109375
0 0.66875 0.359375 0.0109375 0.01953125
0 0.7453125 0.35234375 0.01484375 0.03046875
0 0.7640625 0.36328125 0.03203125 0.040625
0 0.90703125 0.340625 0.01640625 0.01953125
0 0.51875 0.378125 0.0203125 0.0265625
0 0.4859375 0.3796875 0.05078125 0.028125
0 0.45390625 0.3796875 0.02265625 0.0140625
0 0.4515625 0.39140625 0.034375 0.0140625
0 0.4171875 0.384375 0.02890625 0.0140625
0 0.3875 0.3890625 0.0234375 0.01953125
0 0.30703125 0.39609375 0.02890625 0.015625
0 0.3234375 0.3890625 0.01953125 0.01953125
0 0.23828125 0.44765625 0.0265625 0.0265625
0 0.2828125 0.3953125 0.0171875 0.02109375
0 0.2703125 0.396875 0.01484375 0.01640625
0 0.25234375 0.3953125 0.015625 0.02109375
0 0.2203125 0.40546875 0.0484375 0.028125
0 0.1859375 0.409375 0.02734375 0.03046875
0 0.1484375 0.41328125 0.05078125 0.02890625
0 0.11640625 0.4171875 0.0421875 0.034375
0 0.0921875 0.41953125 0.0390625 0.028125
0 0.0640625 0.41953125 0.03125 0.028125
0 0.60625 0.3734375 0.03125 0.021875
0 0.028125 0.4359375 0.05625 0.0890625