3 0.5453125 0.43515625 0.04921875 0.0234375
3 0.5296875 0.45546875 0.021875 0.02109375
3 0.6078125 0.465625 0.0234375 0.046875
3 0.203125 0.4953125 0.02109375 0.0140625
2 0.4671875 0.42578125 0.0140625 0.034375
2 0.53046875 0.478125 0.01640625 0.02890625
2 0.203125 0.4640625 0.01328125 0.04453125
2 0.309375 0.4359375 0.0234375 0.0265625
2 0.4765625 0.42890625 0.01171875 0.04453125
3 0.52734375 0.496875 0.01640625 0.0125
3 0.60625 0.496875 0.0234375 0.015625
0 0.528125 0.60078125 0.0328125 0.0625
0 0.3171875 0.565625 0.0328125 0.046875
0 0.42109375 0.65390625 0.25703125 0.296875
0 0.26484375 0.58046875 0.03125 0.04453125
0 0.2796875 0.584375 0.01953125 0.0359375
3 0.04453125 0.409375 0.0296875 0.021875
2 0.0578125 0.37265625 0.01015625 0.04609375