3 0.053125 0.15078125 0.0234375 0.0375
2 0.196875 0.18515625 0.015625 0.01953125
3 0.1953125 0.16484375 0.01328125 0.01796875
3 0.03359375 0.3265625 0.04375 0.0890625
0 0.271875 0.309375 0.125 0.0890625
2 0.67578125 0.23828125 0.01875 0.03046875
3 0.68125 0.171875 0.0171875 0.028125
1 0.9375 0.53046875 0.075 0.3609375
0 0.6125 0.396875 0.13203125 0.1734375
0 0.7171875 0.54375 0.36015625 0.384375
2 0.4078125 0.228125 0.01484375 0.02109375
2 0.4125 0.24296875 0.01171875 0.01953125
2 0.40078125 0.24453125 0.01328125 0.02109375
0 0.4703125 0.3203125 0.01953125 0.0484375
0 0.27578125 0.43671875 0.00234375 0.00546875