3 0.24296875 0.47578125 0.01171875 0.028125
3 0.0984375 0.4703125 0.01875 0.05859375
2 0.8625 0.43203125 0.0125 0.034375
2 0.7 0.375 0.01171875 0.034375
2 0.51015625 0.3546875 0.0109375 0.0390625
2 0.559375 0.365625 0.01015625 0.04296875
2 0.56953125 0.3671875 0.00703125 0.046875
0 0.06171875 0.54609375 0.0484375 0.04296875
0 0.1 0.55234375 0.0359375 0.0390625
0 0.315625 0.55625 0.05 0.0390625
0 0.509375 0.56796875 0.0734375 0.04609375
0 0.590625 0.5625 0.0921875 0.059375
0 0.69375 0.5640625 0.103125 0.0640625
0 0.9171875 0.57109375 0.11796875 0.059375
0 0.990625 0.57421875 0.01796875 0.05390625
3 0.3546875 0.4828125 0.01015625 0.025
2 0.7875 0.540625 0.0109375 0.01953125
2 0.87265625 0.4328125 0.009375 0.03359375
2 0.73671875 0.5015625 0.01015625 0.02109375