3 0.6703125 0.434375 0.01015625 0.0375
3 0.36015625 0.48046875 0.00625 0.0265625
0 0.825 0.540625 0.01484375 0.01953125
0 0.8078125 0.54609375 0.01328125 0.015625
0 0.790625 0.5453125 0.0171875 0.01640625
0 0.7765625 0.5453125 0.0140625 0.01640625
0 0.765625 0.54609375 0.0140625 0.015625
0 0.7515625 0.54453125 0.01171875 0.01796875
0 0.7375 0.54453125 0.0109375 0.01796875
0 0.7265625 0.54296875 0.00859375 0.0125
0 0.7140625 0.540625 0.0078125 0.00859375
0 0.7 0.5453125 0.01640625 0.0140625
0 0.6828125 0.546875 0.01796875 0.01796875
0 0.659375 0.54921875 0.0140625 0.01640625
0 0.6453125 0.55 0.01171875 0.01796875
0 0.60390625 0.546875 0.009375 0.01796875
0 0.5921875 0.54921875 0.01796875 0.025
0 0.53515625 0.5578125 0.03203125 0.04140625
0 0.7203125 0.54609375 0.021875 0.015625