0 0.1203125 0.546875 0.240625 0.415625
0 0.8640625 0.5390625 0.27109375 0.52890625
0 0.1828125 0.41328125 0.08515625 0.11953125
0 0.34375 0.39296875 0.03984375 0.059375
0 0.3703125 0.35234375 0.03984375 0.01953125
0 0.421875 0.35625 0.02578125 0.025
0 0.4609375 0.371875 0.046875 0.078125
0 0.48984375 0.36328125 0.02734375 0.04140625
1 0.784375 0.38671875 0.01953125 0.09140625
1 0.77421875 0.38671875 0.015625 0.075
1 0.7609375 0.3828125 0.0171875 0.096875
0 0.63203125 0.4046875 0.08359375 0.09453125
0 0.4015625 0.415625 0.11015625 0.19609375
0 0.2875 0.41328125 0.0921875 0.10703125
2 0.40625 0.24453125 0.01015625 0.0375
2 0.56875 0.24296875 0.0109375 0.04296875
2 0.5421875 0.3140625 0.0078125 0.0125
2 0.4828125 0.3109375 0.009375 0.0265625
3 0.6640625 0.253125 0.0140625 0.0234375
3 0.1359375 0.2453125 0.01953125 0.078125
1 0.70625 0.365625 0.01015625 0.05546875
1 0.85546875 0.3640625 0.02265625 0.04609375
0 0.51796875 0.3671875 0.02109375 0.04453125
0 0.59375 0.36328125 0.02265625 0.04453125
3 0.6640625 0.303125 0.01484375 0.01953125
3 0.3375 0.284375 0.0171875 0.01953125
2 0.33125 0.33515625 0.0109375 0.0265625
2 0.675 0.3234375 0.0109375 0.02109375
2 0.73828125 0.31328125 0.015625 0.02109375
3 0.75625 0.23984375 0.01171875 0.01953125
3 0.7546875 0.26171875 0.01953125 0.02109375
0 0.803125 0.3796875 0.0265625 0.0375