3 0.63828125 0.359375 0.01875 0.03203125
0 0.040625 0.559375 0.078125 0.078125
0 0.13125 0.5390625 0.109375 0.0640625
0 0.184375 0.53125 0.03828125 0.04140625
0 0.58828125 0.4234375 0.021875 0.025
0 0.61015625 0.42578125 0.02109375 0.0234375
0 0.5671875 0.42890625 0.0265625 0.025
3 0.790625 0.334375 0.0171875 0.0234375
0 0.678125 0.421875 0.040625 0.04453125
0 0.775 0.35703125 0.01796875 0.021875
0 0.746875 0.390625 0.02421875 0.03203125
0 0.79609375 0.36484375 0.01875 0.025
0 0.77265625 0.3796875 0.015625 0.02890625
0 0.72734375 0.4 0.02578125 0.03203125
0 0.7046875 0.4375 0.04375 0.05859375
0 0.6359375 0.4828125 0.0703125 0.09140625