0 0.41953125 0.41328125 0.0171875 0.028125
0 0.43125 0.41953125 0.0140625 0.04296875
0 0.44765625 0.42578125 0.0203125 0.05546875
0 0.46484375 0.4265625 0.01875 0.06953125
0 0.4953125 0.425 0.04296875 0.109375
0 0.5515625 0.453125 0.078125 0.15859375
0 0.646875 0.47421875 0.1734375 0.225
0 0.3765625 0.41796875 0.0140625 0.021875
0 0.36171875 0.421875 0.0171875 0.03359375
0 0.234375 0.465625 0.06171875 0.10703125
0 0.3140625 0.4578125 0.09921875 0.1390625
0 0.39375 0.40546875 0.0171875 0.01796875
0 0.10078125 0.4453125 0.2015625 0.2484375
0 0.834375 0.546875 0.33125 0.4375
2 0.42265625 0.371875 0.00625 0.02109375
2 0.3765625 0.37578125 0.00703125 0.02109375