2 0.39609375 0.40546875 0.01484375 0.01640625
2 0.4234375 0.4015625 0.0125 0.01953125
0 0.43515625 0.4203125 0.01328125 0.0265625
0 0.490625 0.440625 0.01875 0.05859375
0 0.5078125 0.43671875 0.01796875 0.07109375
0 0.52734375 0.446875 0.02578125 0.075
0 0.715625 0.4625 0.1625 0.1984375
0 0.3765625 0.421875 0.0125 0.021875
0 0.365625 0.43203125 0.0125 0.021875
0 0.353125 0.43828125 0.01484375 0.02890625
0 0.33828125 0.44453125 0.01328125 0.021875
0 0.284375 0.459375 0.0234375 0.03203125
0 0.2578125 0.471875 0.03125 0.04296875
0 0.2015625 0.48046875 0.07890625 0.08046875
0 0.090625 0.4984375 0.11640625 0.1265625
0 0.3203125 0.4546875 0.02421875 0.02890625
0 0.453125 0.42421875 0.021875 0.03203125
0 0.41796875 0.4296875 0.01484375 0.021875
0 0.565625 0.4515625 0.06953125 0.08046875
0 0.8734375 0.48515625 0.25 0.39609375
3 0.2578125 0.390625 0.01796875 0.00859375
3 0.509375 0.3703125 0.01328125 0.009375