2 0.2734375 0.5625 0.0046875 0.0265625
2 0.21796875 0.56484375 0.0078125 0.021875
2 0.2671875 0.5625 0.00703125 0.01796875
2 0.209375 0.56484375 0.0078125 0.0234375
2 0.11015625 0.584375 0.01015625 0.025
3 0.33203125 0.59296875 0.0234375 0.0375
3 0.328125 0.640625 0.02421875 0.04140625
0 0.184375 0.6859375 0.03515625 0.025
0 0.121875 0.6859375 0.02421875 0.025
0 0.0984375 0.69140625 0.0328125 0.0265625
0 0.1484375 0.68359375 0.0421875 0.0515625
0 0.215625 0.69375 0.03984375 0.046875
0 0.2859375 0.696875 0.0140625 0.0125
2 0.15390625 0.565625 0.0078125 0.0265625
0 0.265625 0.6859375 0.01953125 0.02109375