0 0.021875 0.40078125 0.0421875 0.03359375
0 0.0625 0.4953125 0.12421875 0.18359375
0 0.9546875 0.465625 0.0875 0.3359375
0 0.878125 0.4671875 0.140625 0.1984375
0 0.725 0.484375 0.190625 0.24609375
0 0.5796875 0.40625 0.03359375 0.0484375
0 0.16015625 0.41640625 0.05234375 0.05703125
0 0.225 0.4171875 0.0328125 0.040625
0 0.2484375 0.4140625 0.06171875 0.04296875
0 0.4140625 0.41640625 0.02734375 0.05
0 0.390625 0.41640625 0.034375 0.059375
0 0.3609375 0.421875 0.03515625 0.06796875
0 0.3109375 0.42734375 0.08359375 0.0984375
0 0.5015625 0.39765625 0.0125 0.03359375
0 0.4859375 0.396875 0.02890625 0.040625
0 0.4625 0.4046875 0.0328125 0.034375
0 0.5203125 0.396875 0.015625 0.025
0 0.5125 0.403125 0.00546875 0.0125
3 0.9875 0.2203125 0.02265625 0.078125
2 0.578125 0.2953125 0.00546875 0.021875
2 0.575 0.29453125 0.00625 0.02109375
2 0.58125 0.2953125 0.00390625 0.0265625