0 0.3953125 0.43046875 0.021875 0.0484375
0 0.371875 0.45 0.040625 0.090625
0 0.2375 0.428125 0.09296875 0.1359375
0 0.303125 0.46328125 0.12734375 0.17890625
0 0.09375 0.48046875 0.18671875 0.19453125
0 0.4703125 0.490625 0.1640625 0.2625
0 0.81875 0.57265625 0.3609375 0.36953125
3 0.80859375 0.22578125 0.02578125 0.053125
3 0.796875 0.2875 0.01328125 0.065625
3 0.815625 0.2859375 0.0234375 0.06796875
3 0.66953125 0.26328125 0.01796875 0.021875
3 0.6765625 0.2796875 0.0234375 0.01640625
3 0.671875 0.359375 0.01484375 0.05546875
3 0.5046875 0.3203125 0.0203125 0.0234375
3 0.3015625 0.33984375 0.01328125 0.009375
2 0.384375 0.2890625 0.0078125 0.02890625
2 0.4859375 0.31875 0.009375 0.03203125
2 0.6109375 0.36015625 0.01171875 0.02109375