0 0.05625 0.48046875 0.040625 0.03359375
0 0.14921875 0.4609375 0.04453125 0.04296875
0 0.1859375 0.4609375 0.0296875 0.02109375
0 0.2171875 0.45703125 0.01328125 0.0125
0 0.2609375 0.4484375 0.0109375 0.0125
0 0.296875 0.459375 0.0421875 0.04296875
0 0.37734375 0.428125 0.0140625 0.02109375
0 0.39140625 0.44140625 0.03125 0.0390625
0 0.425 0.4296875 0.021875 0.028125
0 0.4578125 0.41953125 0.01171875 0.0109375
0 0.7046875 0.34921875 0.01171875 0.01953125
0 0.753125 0.36015625 0.01953125 0.028125
0 0.771875 0.371875 0.02265625 0.02890625
0 0.7953125 0.37265625 0.02265625 0.0359375
0 0.80546875 0.38125 0.021875 0.04453125
0 0.821875 0.3796875 0.03125 0.046875
0 0.8546875 0.384375 0.0515625 0.059375
0 0.9265625 0.390625 0.0984375 0.1015625
0 0.59140625 0.41171875 0.025 0.02890625
0 0.57578125 0.403125 0.01328125 0.01953125
0 0.5671875 0.4046875 0.009375 0.01953125
0 0.546875 0.40703125 0.0109375 0.015625
0 0.5375 0.40390625 0.009375 0.01640625
0 0.5 0.4046875 0.0109375 0.015625
3 0.5671875 0.3125 0.01171875 0.025
3 0.58125 0.31484375 0.0140625 0.01640625
3 0.5984375 0.30625 0.01484375 0.0234375
3 0.62265625 0.3828125 0.0109375 0.00859375