0 0.2140625 0.5671875 0.26953125 0.39453125
0 0.7375 0.60625 0.3859375 0.52109375
0 0.4125 0.54375 0.05859375 0.1015625
0 0.52265625 0.54609375 0.04921875 0.06953125
0 0.50703125 0.53984375 0.02578125 0.05390625
0 0.49609375 0.53515625 0.01796875 0.05703125
0 0.4859375 0.53671875 0.0140625 0.04296875
0 0.4796875 0.53671875 0.01640625 0.02890625
0 0.4703125 0.534375 0.015625 0.025
0 0.4546875 0.53359375 0.0109375 0.01640625
0 0.44453125 0.53046875 0.00859375 0.01640625
0 0.3703125 0.5421875 0.02890625 0.0484375
0 0.38125 0.5234375 0.021875 0.028125
0 0.078125 0.5671875 0.01484375 0.04296875
0 0.05859375 0.55234375 0.01640625 0.03203125
2 0.24375 0.384375 0.009375 0.0265625
3 0.065625 0.284375 0.04296875 0.021875
3 0.1421875 0.40859375 0.025 0.0140625
3 0.5140625 0.36640625 0.0421875 0.01953125
3 0.57109375 0.446875 0.01875 0.0125
3 0.57421875 0.4203125 0.0171875 0.0125
3 0.5421875 0.4796875 0.01328125 0.0140625
2 0.40078125 0.48046875 0.00546875 0.0125
2 0.434375 0.4828125 0.00390625 0.0140625
2 0.475 0.35390625 0.00703125 0.0359375
2 0.47890625 0.35625 0.00546875 0.034375
0 0.925 0.496875 0.02109375 0.0890625
0 0.959375 0.690625 0.07890625 0.325