1 0.753125 0.45078125 0.01484375 0.07109375
0 0.328125 0.4390625 0.02890625 0.04140625
0 0.3 0.4421875 0.03046875 0.04453125
0 0.275 0.440625 0.0328125 0.046875
0 0.24375 0.440625 0.03828125 0.0609375
0 0.2109375 0.440625 0.04609375 0.05703125
0 0.0921875 0.43203125 0.06484375 0.046875
0 0.13125 0.4703125 0.1359375 0.109375
0 0.3640625 0.44453125 0.04765625 0.04453125
0 0.45 0.440625 0.0359375 0.046875
0 0.46953125 0.4390625 0.015625 0.03359375
0 0.48515625 0.4328125 0.015625 0.0265625
0 0.60859375 0.409375 0.0171875 0.02109375
0 0.7796875 0.45625 0.0515625 0.034375
0 0.034375 0.459375 0.06875 0.103125
0 0.6375 0.46953125 0.06953125 0.103125
0 0.8859375 0.5 0.125 0.1265625
0 0.39296875 0.43671875 0.0140625 0.0234375