0 0.5390625 0.50234375 0.26875 0.428125
0 0.2984375 0.446875 0.14375 0.153125
1 0.396875 0.359375 0.01171875 0.05390625
1 0.3796875 0.375 0.01171875 0.0484375
1 0.3703125 0.36640625 0.0125 0.04453125
1 0.265625 0.359375 0.01328125 0.0375
1 0.040625 0.3921875 0.02109375 0.08046875
1 0.025 0.421875 0.0375 0.1609375
0 0.77265625 0.478125 0.21796875 0.23359375
0 0.153125 0.39453125 0.0765625 0.10546875
3 0.96171875 0.29453125 0.02265625 0.04140625
3 0.9796875 0.25859375 0.0328125 0.0625
3 0.6859375 0.259375 0.0328125 0.05546875
2 0.99296875 0.1734375 0.01328125 0.046875
3 0.0921875 0.12890625 0.03125 0.14453125
2 0.2328125 0.290625 0.03125 0.046875
2 0.275 0.275 0.0453125 0.08046875
2 0.27578125 0.2734375 0.03203125 0.06953125
2 0.6203125 0.1640625 0.0109375 0.04453125
2 0.61015625 0.1640625 0.01015625 0.046875
3 0.7734375 0.225 0.06640625 0.11796875
3 0.76875 0.30390625 0.034375 0.04296875
3 0.8046875 0.2953125 0.01015625 0.0375
0 0.88828125 0.62578125 0.221875 0.48046875
2 0.4078125 0.20078125 0.01171875 0.0375
2 0.40078125 0.203125 0.0109375 0.0359375
2 0.4140625 0.20390625 0.00703125 0.03359375
0 0.0546875 0.66484375 0.10859375 0.3390625