3 0.6890625 0.265625 0.0125 0.0375
3 0.7109375 0.2875 0.03828125 0.02109375
3 0.6875 0.328125 0.0390625 0.02890625
3 0.684375 0.38203125 0.03046875 0.0640625
3 0.2875 0.384375 0.02421875 0.0140625
3 0.175 0.38203125 0.0234375 0.021875
1 0.5921875 0.4890625 0.01328125 0.05546875
1 0.5734375 0.490625 0.0109375 0.0625
0 0.51875 0.48359375 0.01171875 0.03046875
2 0.48984375 0.42578125 0.00703125 0.021875
2 0.4640625 0.4296875 0.0046875 0.02109375
0 0.465625 0.4828125 0.01484375 0.04296875
0 0.4375 0.4890625 0.040625 0.06953125
0 0.390625 0.490625 0.0203125 0.0515625
0 0.3625 0.49375 0.046875 0.06953125
0 0.41328125 0.503125 0.05234375 0.078125
0 0.490625 0.49296875 0.04453125 0.078125
0 0.5359375 0.490625 0.03359375 0.05
0 0.9515625 0.871875 0.09609375 0.253125