3 0.4140625 0.66796875 0.04453125 0.046875
3 0.3171875 0.67890625 0.009375 0.02109375
3 0.1609375 0.671875 0.0109375 0.0125
0 0.175 0.709375 0.0359375 0.0515625
0 0.2375 0.721875 0.03203125 0.04296875
0 0.2625 0.7125 0.01796875 0.02890625
0 0.27265625 0.73828125 0.0515625 0.0625
0 0.309375 0.7296875 0.02890625 0.04296875
0 0.19140625 0.74609375 0.071875 0.1
0 0.48671875 0.734375 0.02890625 0.04296875
0 0.5296875 0.778125 0.0875 0.08359375
0 0.6515625 0.78125 0.1078125 0.084375
0 0.4140625 0.7828125 0.15234375 0.190625
0 0.790625 0.87109375 0.3203125 0.25703125
0 0.93515625 0.94609375 0.1265625 0.1078125
3 0.18984375 0.64296875 0.03828125 0.03046875
0 0.28125 0.70390625 0.01953125 0.0140625