3 0.4125 0.465625 0.01171875 0.00703125
3 0.44375 0.478125 0.00859375 0.0234375
3 0.378125 0.44375 0.01796875 0.02109375
3 0.353125 0.4796875 0.01171875 0.02109375
3 0.3078125 0.446875 0.009375 0.01953125
0 0.2796875 0.54609375 0.021875 0.04296875
0 0.3578125 0.52890625 0.009375 0.02890625
0 0.325 0.57109375 0.07890625 0.1234375
0 0.4890625 0.56796875 0.09921875 0.1265625
3 0.9796875 0.1234375 0.03828125 0.06796875
2 0.9765625 0.30703125 0.0453125 0.09453125
0 0.025 0.540625 0.0390625 0.02109375