0 0.3046875 0.528125 0.0171875 0.0234375
0 0.4515625 0.51171875 0.0109375 0.015625
0 0.425 0.5125 0.01328125 0.0109375
0 0.4171875 0.51640625 0.0109375 0.0125
0 0.4265625 0.52734375 0.01328125 0.03046875
0 0.46171875 0.51875 0.01953125 0.0265625
0 0.50625 0.51171875 0.01875 0.028125
0 0.5234375 0.53515625 0.053125 0.0625
0 0.353125 0.54765625 0.04765625 0.0609375
0 0.4015625 0.52421875 0.015625 0.0265625
0 0.44140625 0.53125 0.0359375 0.05546875
3 0.55 0.36171875 0.02890625 0.015625
3 0.53828125 0.490625 0.015625 0.0265625
3 0.48046875 0.5 0.00859375 0.0140625
3 0.83359375 0.515625 0.0078125 0.02109375