2 0.31875 0.41796875 0.0171875 0.03359375
2 0.403125 0.43671875 0.01015625 0.01640625
2 0.46171875 0.403125 0.01484375 0.021875
2 0.58046875 0.428125 0.01171875 0.025
2 0.5328125 0.47734375 0.01015625 0.01796875
2 0.55 0.48828125 0.009375 0.0125
2 0.54453125 0.503125 0.00703125 0.01640625
2 0.6859375 0.478125 0.00703125 0.01640625
2 0.54375 0.47734375 0.009375 0.0265625
2 0.69609375 0.4921875 0.0078125 0.02109375
3 0.378125 0.46875 0.0125 0.0265625
3 0.409375 0.45859375 0.0125 0.0265625
3 0.4109375 0.49375 0.009375 0.01796875
3 0.02578125 0.22109375 0.04609375 0.05703125
3 0.68203125 0.4578125 0.01484375 0.00859375
3 0.675 0.44375 0.01484375 0.0140625
3 0.67265625 0.39765625 0.0171875 0.025
3 0.653125 0.45625 0.0171875 0.009375
3 0.71875 0.43046875 0.02421875 0.02109375
3 0.7328125 0.390625 0.009375 0.0265625
3 0.7390625 0.4171875 0.0140625 0.021875
0 0.5265625 0.521875 0.0125 0.02109375
0 0.57109375 0.52421875 0.01953125 0.04140625
0 0.5390625 0.528125 0.02578125 0.034375
0 0.6 0.546875 0.0546875 0.0859375
2 0.171875 0.4296875 0.00703125 0.0234375
0 0.89609375 0.64765625 0.20703125 0.31796875
0 0.8125 0.565625 0.13828125 0.17890625