0 0.0765625 0.64453125 0.0265625 0.0265625
0 0.39375 0.6265625 0.0125 0.03203125
0 0.4328125 0.62265625 0.01484375 0.028125
0 0.5796875 0.628125 0.0359375 0.04296875
0 0.7015625 0.6265625 0.0359375 0.065625
0 0.82890625 0.66171875 0.1703125 0.12890625
0 0.94453125 0.6234375 0.05859375 0.0484375
0 0.93671875 0.66484375 0.04296875 0.05546875
0 0.275 0.63046875 0.01171875 0.0265625
0 0.334375 0.621875 0.00859375 0.0125
0 0.3078125 0.625 0.009375 0.015625
0 0.2671875 0.6328125 0.0171875 0.021875
0 0.23359375 0.63046875 0.02734375 0.04140625
0 0.103125 0.646875 0.0328125 0.03203125
0 0.40703125 0.6296875 0.03125 0.04296875
0 0.5109375 0.653125 0.08125 0.096875
0 0.6515625 0.63984375 0.090625 0.0984375
0 0.0359375 0.6734375 0.0703125 0.0859375
0 0.9703125 0.67890625 0.0578125 0.128125
0 0.36640625 0.62265625 0.01171875 0.01796875