0 0.209375 0.5515625 0.01171875 0.03203125
0 0.19453125 0.553125 0.01953125 0.0515625
0 0.1890625 0.5609375 0.01640625 0.0515625
0 0.10625 0.58515625 0.078125 0.14453125
0 0.31484375 0.5421875 0.0125 0.03046875
0 0.33671875 0.54453125 0.0421875 0.046875
0 0.3359375 0.56171875 0.0390625 0.0609375
0 0.3484375 0.57890625 0.04921875 0.06640625
0 0.471875 0.575 0.0640625 0.10390625
0 0.0546875 0.6140625 0.109375 0.30859375
0 0.721875 0.6546875 0.45234375 0.5484375
0 0.2578125 0.6140625 0.1421875 0.20546875
0 0.4046875 0.58203125 0.08984375 0.13046875
3 0.4109375 0.47421875 0.02421875 0.0125
3 0.41171875 0.49453125 0.0203125 0.025
3 0.740625 0.27421875 0.05078125 0.040625
3 0.74375 0.34453125 0.0296875 0.09140625
3 0.54375 0.43515625 0.01953125 0.02109375
3 0.55078125 0.4484375 0.02734375 0.0140625
3 0.53671875 0.465625 0.025 0.02109375
2 0.44921875 0.28046875 0.01484375 0.078125
2 0.4765625 0.2828125 0.01015625 0.065625
2 0.4640625 0.27421875 0.01640625 0.078125
2 0.53671875 0.38515625 0.0140625 0.0390625
2 0.54296875 0.509375 0.01484375 0.03203125
2 0.5265625 0.50703125 0.01171875 0.02890625
1 0.55390625 0.5640625 0.01640625 0.053125
1 0.53125 0.56796875 0.0140625 0.0609375
1 0.52265625 0.5625 0.01484375 0.0640625
1 0.48984375 0.58828125 0.0203125 0.1140625
1 0.48125 0.5875 0.0171875 0.09140625