2 0.4734375 0.18828125 0.01328125 0.0609375
2 0.275 0.1828125 0.0140625 0.0609375
2 0.2609375 0.1796875 0.01640625 0.0625
3 0.5046875 0.1765625 0.02421875 0.03046875
3 0.5578125 0.178125 0.07421875 0.0375
3 0.2328125 0.178125 0.03046875 0.04140625
3 0.171875 0.190625 0.07421875 0.034375
3 0.0875 0.16640625 0.0234375 0.0359375
3 0.071875 0.246875 0.0296875 0.01953125
2 0.08359375 0.3125 0.0171875 0.03203125
2 0.0984375 0.3109375 0.009375 0.0359375
2 0.6265625 0.3125 0.0125 0.025
2 0.665625 0.29453125 0.01328125 0.025
0 0.5390625 0.38671875 0.028125 0.05859375
0 0.41796875 0.390625 0.03046875 0.05
0 0.44765625 0.39296875 0.02265625 0.04453125
0 0.3046875 0.4109375 0.01640625 0.0265625
0 0.290625 0.41484375 0.01328125 0.0265625
0 0.275 0.40859375 0.0203125 0.02890625
0 0.24296875 0.403125 0.0515625 0.05859375
0 0.11953125 0.4046875 0.0265625 0.09453125
0 0.5046875 0.4109375 0.07421875 0.140625
0 0.365625 0.44375 0.11796875 0.175
3 0.790625 0.17890625 0.0375 0.05390625
2 0.6125 0.3125 0.00859375 0.02109375