2 0.48359375 0.44140625 0.0125 0.01640625
2 0.3953125 0.43671875 0.0125 0.01640625
2 0.46328125 0.453125 0.009375 0.01953125
2 0.490625 0.4640625 0.0109375 0.01640625
0 0.4640625 0.47890625 0.0109375 0.0140625
0 0.4546875 0.48125 0.01328125 0.0234375
0 0.44375 0.4828125 0.01640625 0.021875
0 0.4296875 0.4828125 0.01640625 0.0265625
0 0.37890625 0.47734375 0.02890625 0.040625
0 0.35 0.4875 0.03984375 0.0609375
0 0.2125 0.50703125 0.08203125 0.11953125
0 0.0375 0.53671875 0.07421875 0.140625
0 0.4734375 0.47890625 0.0109375 0.01953125
0 0.48125 0.4765625 0.0125 0.01953125
0 0.4890625 0.4765625 0.0125 0.01953125
0 0.49921875 0.47890625 0.0125 0.01953125
0 0.5109375 0.4796875 0.0171875 0.01953125
0 0.534375 0.48203125 0.015625 0.0234375
0 0.409375 0.48515625 0.03125 0.04140625
0 0.284375 0.496875 0.0984375 0.13359375
3 0.5359375 0.44921875 0.009375 0.021875
3 0.5640625 0.3875 0.01640625 0.03359375
3 0.496875 0.43984375 0.01484375 0.01640625
3 0.51328125 0.45546875 0.0125 0.0140625
0 0.521875 0.4796875 0.0125 0.01953125