0 0.4765625 0.4796875 0.0125 0.034375
0 0.45078125 0.4875 0.0359375 0.04296875
0 0.309375 0.5078125 0.08203125 0.090625
0 0.3890625 0.50625 0.0890625 0.10390625
0 0.159375 0.52734375 0.18359375 0.1734375
0 0.053125 0.490625 0.10546875 0.09296875
0 0.4953125 0.48359375 0.03828125 0.05859375
0 0.55 0.5078125 0.08359375 0.1140625
0 0.596875 0.4875 0.02109375 0.04296875
0 0.615625 0.48671875 0.03046875 0.0625
0 0.64921875 0.49296875 0.0546875 0.084375
0 0.7375 0.5078125 0.13515625 0.15546875
0 0.9109375 0.61875 0.17578125 0.30859375
3 0.615625 0.44296875 0.009375 0.021875