0 0.4609375 0.56796875 0.01328125 0.02109375
0 0.4375 0.565625 0.01796875 0.021875
0 0.4234375 0.553125 0.0140625 0.07890625
0 0.37734375 0.52265625 0.0828125 0.1609375
0 0.371875 0.578125 0.05546875 0.09296875
0 0.334375 0.60390625 0.09140625 0.1265625
0 0.053125 0.60078125 0.103125 0.2109375
0 0.1546875 0.63359375 0.27734375 0.315625
0 0.4921875 0.55859375 0.028125 0.0515625
0 0.5109375 0.571875 0.03203125 0.046875
0 0.5234375 0.57421875 0.0265625 0.046875
0 0.53828125 0.584375 0.028125 0.0625
0 0.565625 0.5953125 0.0515625 0.09140625
0 0.609375 0.615625 0.084375 0.1265625
0 0.678125 0.6453125 0.14453125 0.165625
0 0.8578125 0.690625 0.28203125 0.43203125