1 0.0515625 0.659375 0.0515625 0.134375
3 0.08359375 0.4328125 0.0234375 0.0625
1 0.1265625 0.659375 0.03828125 0.1609375
1 0.2140625 0.640625 0.02578125 0.1375
1 0.44921875 0.690625 0.0484375 0.25703125
1 0.4078125 0.690625 0.0453125 0.21640625
1 0.43125 0.69921875 0.07734375 0.303125
1 0.653125 0.678125 0.0375 0.17890625
1 0.2828125 0.6890625 0.0734375 0.3390625
1 0.78984375 0.62265625 0.01015625 0.0375
1 0.7828125 0.621875 0.01171875 0.040625
1 0.75625 0.63671875 0.0125 0.0640625
1 0.7484375 0.634375 0.01484375 0.065625
3 0.628125 0.38125 0.0515625 0.034375
3 0.628125 0.434375 0.0359375 0.07890625
2 0.5984375 0.50390625 0.0234375 0.05
3 0.75546875 0.54609375 0.01796875 0.0484375
2 0.8890625 0.56875 0.0078125 0.0140625
0 0.8609375 0.61328125 0.0078125 0.0125
0 0.878125 0.6171875 0.01875 0.03203125
0 0.85078125 0.621875 0.02109375 0.03203125
0 0.8390625 0.646875 0.04453125 0.06640625
0 0.8890625 0.6265625 0.028125 0.040625
0 0.90546875 0.615625 0.01484375 0.02890625
0 0.9421875 0.6125 0.034375 0.090625
0 0.9578125 0.69921875 0.08203125 0.16953125
2 0.84375 0.0625 0.0265625 0.125
2 0.8890625 0.06484375 0.0359375 0.12890625