0 0.54921875 0.49296875 0.2484375 0.5140625
0 0.8625 0.50390625 0.10625 0.0875
0 0.9140625 0.484375 0.1203125 0.0609375
0 0.9125 0.521875 0.125 0.1015625
1 0.7640625 0.51640625 0.025 0.1125
2 0.67421875 0.42265625 0.015625 0.0234375
2 0.54375 0.284375 0.00703125 0.04140625
2 0.559375 0.2765625 0.009375 0.03046875
2 0.771875 0.36796875 0.0203125 0.0359375
3 0.6625 0.3953125 0.0203125 0.0125
3 0.675 0.3546875 0.0265625 0.0125
3 0.725 0.2015625 0.0390625 0.03046875
3 0.7265625 0.253125 0.05 0.065625
3 0.7265625 0.3109375 0.0359375 0.046875
3 0.75625 0.27109375 0.0140625 0.021875
0 0.40625 0.4734375 0.05546875 0.125