0 0.653125 0.421875 0.01328125 0.04453125
0 0.66328125 0.4171875 0.015625 0.04453125
0 0.6734375 0.415625 0.0171875 0.0375
0 0.6890625 0.415625 0.02109375 0.0515625
0 0.70625 0.41484375 0.0328125 0.06796875
0 0.721875 0.4078125 0.034375 0.06796875
0 0.7625 0.40703125 0.06953125 0.084375
0 0.584375 0.43828125 0.15 0.2140625
0 0.375 0.440625 0.03984375 0.0640625
0 0.265625 0.446875 0.1765625 0.1734375
2 0.47578125 0.2015625 0.015625 0.07890625
2 0.91015625 0.15703125 0.0171875 0.07109375
3 0.9390625 0.2015625 0.03828125 0.0265625
3 0.15625 0.33984375 0.015625 0.04453125