2 0.4234375 0.396875 0.0078125 0.0234375
2 0.4875 0.3921875 0.00859375 0.015625
2 0.46953125 0.4125 0.0046875 0.0140625
0 0.4203125 0.45078125 0.01875 0.0234375
0 0.28984375 0.490625 0.06171875 0.07890625
0 0.2328125 0.509375 0.078125 0.125
0 0.103125 0.5375 0.20546875 0.215625
0 0.51484375 0.44921875 0.0328125 0.05703125
0 0.5234375 0.459375 0.01953125 0.0625
0 0.5703125 0.4546875 0.09453125 0.140625
0 0.67109375 0.509375 0.19765625 0.253125
0 0.83125 0.61640625 0.3359375 0.3609375
3 0.3796875 0.40625 0.00859375 0.0125
2 0.38125 0.42265625 0.0109375 0.009375
2 0.39296875 0.4265625 0.00546875 0.0140625
0 0.51328125 0.45625 0.01953125 0.05390625
0 0.4984375 0.446875 0.01796875 0.0484375
0 0.48984375 0.44921875 0.01015625 0.0359375
0 0.359375 0.46484375 0.0484375 0.059375