3 0.5203125 0.41875 0.021875 0.02890625
3 0.4984375 0.41875 0.01875 0.02890625
3 0.48125 0.41796875 0.0109375 0.03046875
3 0.53671875 0.42734375 0.0078125 0.0125
0 0.390625 0.4609375 0.0109375 0.0125
0 0.3734375 0.4609375 0.01328125 0.0125
0 0.35546875 0.4578125 0.01640625 0.0234375
0 0.24375 0.45625 0.02109375 0.025
0 0.2203125 0.4578125 0.03515625 0.03046875
0 0.146875 0.4515625 0.0625 0.05
0 0.0328125 0.4515625 0.065625 0.05
0 0.31484375 0.48828125 0.096875 0.10546875
0 0.41328125 0.47265625 0.0375 0.05
0 0.503125 0.4640625 0.0140625 0.025
0 0.51640625 0.4578125 0.0078125 0.01953125
0 0.521875 0.4640625 0.01015625 0.025
0 0.5375 0.4703125 0.025 0.04140625
0 0.54296875 0.48359375 0.03359375 0.05
0 0.5734375 0.49296875 0.04140625 0.08046875
0 0.615625 0.51171875 0.090625 0.1109375
0 0.775 0.6015625 0.26171875 0.25
0 0.465625 0.4890625 0.0734375 0.11796875
0 0.52578125 0.47265625 0.00703125 0.03359375