3 0.5484375 0.321875 0.0125 0.0109375
3 0.471875 0.2953125 0.0265625 0.0109375
3 0.46484375 0.3328125 0.025 0.01953125
3 0.4453125 0.328125 0.00859375 0.021875
3 0.42890625 0.334375 0.0078125 0.0140625
3 0.20625 0.2671875 0.02890625 0.015625
2 0.2671875 0.26953125 0.00546875 0.01953125
2 0.44375 0.290625 0.00625 0.025
2 0.153125 0.3296875 0.01328125 0.0140625
2 0.4390625 0.2890625 0.00625 0.015625
2 0.521875 0.2796875 0.00625 0.01953125
2 0.55 0.346875 0.0078125 0.015625
2 0.5125 0.33125 0.00546875 0.01640625
2 0.50859375 0.34921875 0.00546875 0.01640625
0 0.4109375 0.3640625 0.0171875 0.025
0 0.3953125 0.3703125 0.0203125 0.025
0 0.434375 0.365625 0.01875 0.021875
0 0.39375 0.346875 0.0125 0.01796875
0 0.3125 0.3546875 0.0046875 0.03046875
0 0.215625 0.38828125 0.025 0.04296875
0 0.1890625 0.3953125 0.04375 0.05546875
0 0.465625 0.365625 0.02421875 0.01796875
0 0.4734375 0.38671875 0.02265625 0.03203125
0 0.4515625 0.3953125 0.02265625 0.0515625
0 0.5421875 0.4 0.05 0.0609375
0 0.5546875 0.41171875 0.04609375 0.0515625
0 0.59453125 0.43125 0.10078125 0.12890625
0 0.65 0.41328125 0.06328125 0.0640625
0 0.8546875 0.47578125 0.07109375 0.15
0 0.4328125 0.4078125 0.05 0.07109375
0 0.74375 0.48984375 0.209375 0.2125
0 0.365625 0.3859375 0.05703125 0.1125
0 0.0609375 0.41875 0.109375 0.084375
0 0.1234375 0.39296875 0.08359375 0.1
3 0.928125 0.409375 0.01171875 0.0234375
1 0.50390625 0.3859375 0.0109375 0.040625
0 0.3328125 0.375 0.02109375 0.0390625
0 0.4875 0.38671875 0.00703125 0.0359375
1 0.65625 0.409375 0.01171875 0.0640625