0 0.75078125 0.5625 0.1828125 0.2109375
0 0.6453125 0.52421875 0.09453125 0.13203125
0 0.59375 0.48125 0.0359375 0.0515625
0 0.5796875 0.478125 0.02265625 0.04140625
0 0.5734375 0.4703125 0.02890625 0.04453125
0 0.55703125 0.4609375 0.01171875 0.01796875
0 0.40390625 0.48984375 0.015625 0.04453125
0 0.4234375 0.4828125 0.02578125 0.0390625
0 0.434375 0.4765625 0.03046875 0.040625
0 0.4515625 0.4765625 0.01640625 0.025
0 0.4765625 0.4671875 0.01015625 0.01953125
0 0.4921875 0.4671875 0.01796875 0.0140625
3 0.6109375 0.3859375 0.0140625 0.0265625
0 0.5390625 0.46484375 0.01015625 0.0125
0 0.459375 0.475 0.0125 0.0265625