2 0.1671875 0.26171875 0.021875 0.040625
2 0.5 0.13828125 0.0203125 0.03359375
2 0.17734375 0.3828125 0.0140625 0.03359375
2 0.728125 0.34921875 0.01171875 0.03046875
2 0.74453125 0.3453125 0.021875 0.0390625
2 0.525 0.4 0.00703125 0.015625
2 0.440625 0.41640625 0.00859375 0.01796875
3 0.171875 0.3515625 0.034375 0.01640625
3 0.4390625 0.43203125 0.009375 0.00546875
3 0.56328125 0.39609375 0.00859375 0.0234375
3 0.71875 0.2515625 0.034375 0.01796875
3 0.71171875 0.0515625 0.03515625 0.0390625
3 0.71953125 0.3890625 0.009375 0.025
0 0.0296875 0.51171875 0.059375 0.065625
0 0.09609375 0.49765625 0.05703125 0.0484375
0 0.5421875 0.4671875 0.01796875 0.03359375
0 0.4953125 0.4671875 0.009375 0.03046875
0 0.4453125 0.47109375 0.009375 0.01953125
0 0.3359375 0.465625 0.0359375 0.03359375
0 0.46953125 0.484375 0.053125 0.084375
0 0.5109375 0.4703125 0.028125 0.0359375
0 0.5640625 0.4703125 0.03203125 0.05859375
0 0.425 0.46328125 0.0203125 0.03203125
1 0.84375 0.46484375 0.03203125 0.1390625
1 0.8875 0.46953125 0.03515625 0.14609375
1 0.9578125 0.484375 0.0484375 0.215625
1 0.63671875 0.459375 0.0140625 0.0484375
1 0.59453125 0.459375 0.00859375 0.040625
1 0.74140625 0.46328125 0.0109375 0.075
0 0.3015625 0.4828125 0.02421875 0.03359375
1 0.26875 0.4734375 0.00625 0.0265625
1 0.171875 0.48203125 0.00546875 0.028125
1 0.115625 0.478125 0.009375 0.0234375
1 0.1 0.47421875 0.0046875 0.0125
0 0.40625 0.46640625 0.0171875 0.01796875
0 0.3875 0.4703125 0.01640625 0.015625
0 0.36328125 0.4703125 0.02578125 0.01796875