0 0.2328125 0.6125 0.0140625 0.0109375
0 0.2171875 0.6109375 0.0109375 0.01640625
0 0.2046875 0.6078125 0.0109375 0.01953125
0 0.1671875 0.6109375 0.0109375 0.01640625
0 0.15234375 0.60390625 0.01484375 0.01640625
0 0.0921875 0.603125 0.03046875 0.025
0 0.04375 0.59765625 0.03046875 0.02890625
2 0.5515625 0.55234375 0.0109375 0.034375
0 0.3984375 0.61953125 0.01171875 0.0140625
0 0.40703125 0.621875 0.01484375 0.01953125
0 0.38203125 0.62578125 0.0171875 0.03046875
0 0.43125 0.63203125 0.02734375 0.0390625
0 0.5046875 0.653125 0.08359375 0.128125