2 0.471875 0.4328125 0.0109375 0.0484375
2 0.484375 0.4328125 0.0109375 0.04296875
2 0.7921875 0.484375 0.01484375 0.0390625
2 0.4265625 0.58203125 0.0046875 0.0140625
2 0.365625 0.6015625 0.003125 0.0125
2 0.315625 0.5828125 0.00546875 0.015625
0 0.37890625 0.63125 0.0171875 0.01796875
0 0.234375 0.65546875 0.02578125 0.0359375
0 0.271875 0.6515625 0.01953125 0.03046875
0 0.32421875 0.65859375 0.07421875 0.103125
0 0.4125 0.6453125 0.046875 0.0734375
0 0.7984375 0.7265625 0.27421875 0.23046875
0 0.096875 0.7859375 0.19296875 0.371875
3 0.203125 0.5234375 0.01171875 0.0609375
3 0.2921875 0.584375 0.01875 0.00859375
3 0.53046875 0.45 0.0515625 0.01796875
3 0.5875 0.4875 0.02265625 0.01640625
3 0.44609375 0.58203125 0.0171875 0.009375
3 0.4671875 0.590625 0.01015625 0.00546875
3 0.2953125 0.59765625 0.0109375 0.0109375
1 0.67890625 0.640625 0.01640625 0.07890625
2 0.6046875 0.56484375 0.015625 0.0265625
1 0.6 0.640625 0.01328125 0.0734375