2 0.2203125 0.2546875 0.01171875 0.059375
2 0.475 0.3390625 0.009375 0.04140625
2 0.20625 0.25078125 0.01484375 0.053125
2 0.2328125 0.2546875 0.0125 0.05703125
2 0.484375 0.33984375 0.009375 0.040625
2 0.4671875 0.33828125 0.009375 0.0359375
2 0.39296875 0.44765625 0.00625 0.0125
2 0.4171875 0.44921875 0.00625 0.0125
2 0.546875 0.45234375 0.01953125 0.02890625
2 0.18046875 0.403125 0.01484375 0.025
2 0.1984375 0.4078125 0.00703125 0.01640625
3 0.0484375 0.35703125 0.0234375 0.0125
3 0.10390625 0.215625 0.08515625 0.03359375
3 0.5484375 0.4 0.01484375 0.0125
3 0.65234375 0.39375 0.0203125 0.02109375
0 0.39375 0.48203125 0.009375 0.0125
0 0.3828125 0.48125 0.01171875 0.0140625
0 0.371875 0.48359375 0.01015625 0.0125
0 0.3609375 0.47890625 0.01484375 0.025
0 0.35 0.48203125 0.01484375 0.03046875
0 0.3359375 0.484375 0.01953125 0.03046875
0 0.315625 0.48515625 0.0234375 0.03046875
0 0.29921875 0.484375 0.01796875 0.0375
0 0.284375 0.484375 0.02734375 0.04453125
0 0.2484375 0.48984375 0.05625 0.0484375
0 0.421875 0.48359375 0.00546875 0.015625
0 0.428125 0.48515625 0.00703125 0.015625
0 0.434375 0.48515625 0.01015625 0.02109375
0 0.45 0.48984375 0.0078125 0.028125
0 0.44140625 0.4875 0.00625 0.021875
0 0.45625 0.49375 0.015625 0.0265625
0 0.465625 0.5 0.02421875 0.03046875
0 0.5625 0.546875 0.06328125 0.103125
0 0.625 0.55859375 0.12265625 0.15859375
0 0.75234375 0.60546875 0.23046875 0.2375
0 0.909375 0.6953125 0.18046875 0.36796875
0 0.41484375 0.484375 0.00703125 0.01640625
0 0.4046875 0.4828125 0.0125 0.01953125