0 0.3328125 0.571875 0.02109375 0.03359375
0 0.3078125 0.578125 0.03125 0.040625
0 0.27109375 0.571875 0.04921875 0.07890625
0 0.11640625 0.60234375 0.2328125 0.3125
0 0.4078125 0.5625 0.0375 0.06640625
0 0.53125 0.58515625 0.06171875 0.09140625
3 0.6703125 0.37578125 0.0390625 0.04453125
3 0.62109375 0.33984375 0.04296875 0.05546875
2 0.4375 0.265625 0.03046875 0.06953125
2 0.196875 0.178125 0.02890625 0.0859375
2 0.36875 0.50859375 0.01015625 0.025
2 0.675 0.471875 0.01484375 0.03203125
2 0.42578125 0.509375 0.0078125 0.0265625
0 0.23125 0.57265625 0.05 0.090625