3 0.6921875 0.08125 0.0234375 0.0375
3 0.5421875 0.41015625 0.01171875 0.02109375
3 0.1609375 0.14375 0.02265625 0.034375
3 0.04765625 0.52890625 0.0171875 0.040625
3 0.178125 0.5515625 0.0109375 0.03046875
3 0.80625 0.434375 0.02265625 0.0359375
3 0.425 0.61796875 0.0171875 0.04296875
3 0.484375 0.615625 0.0125 0.0265625
2 0.571875 0.546875 0.00546875 0.0265625
2 0.5625 0.56015625 0.0046875 0.01953125
0 0.5734375 0.6109375 0.00546875 0.01953125
0 0.57890625 0.61171875 0.01171875 0.02109375
0 0.5625 0.60625 0.01328125 0.02109375
0 0.56484375 0.615625 0.015625 0.02109375
0 0.5359375 0.60859375 0.01328125 0.02109375
0 0.540625 0.615625 0.015625 0.02109375
0 0.484375 0.61875 0.0234375 0.0234375
0 0.51015625 0.60625 0.01328125 0.02109375
0 0.4515625 0.621875 0.046875 0.0625
0 0.928125 0.62734375 0.13359375 0.07890625
2 0.8453125 0.51640625 0.01171875 0.034375
2 0.8375 0.353125 0.02109375 0.05703125
1 0.79296875 0.6484375 0.0234375 0.1234375
2 0.18828125 0.5046875 0.02265625 0.0609375
2 0.1609375 0.21796875 0.03046875 0.11796875
2 0.69140625 0.16015625 0.0359375 0.11953125
2 0.5421875 0.44140625 0.01328125 0.0484375