0 0.38125 0.57578125 0.01875 0.02109375
0 0.36015625 0.57734375 0.02109375 0.01953125
0 0.35078125 0.5734375 0.015625 0.0265625
0 0.328125 0.5734375 0.025 0.03046875
0 0.28828125 0.57109375 0.06171875 0.05390625
0 0.2140625 0.57734375 0.0265625 0.0515625
0 0.1390625 0.5828125 0.15390625 0.078125
0 0.4171875 0.575 0.0171875 0.0234375
0 0.4796875 0.58203125 0.015625 0.03359375
0 0.5359375 0.5859375 0.025 0.0375
0 0.03359375 0.57421875 0.0671875 0.103125
0 0.8765625 0.6453125 0.19609375 0.178125
0 0.509375 0.584375 0.040625 0.0609375
0 0.61171875 0.58984375 0.06328125 0.08203125
0 0.4484375 0.5921875 0.0578125 0.1015625
0 0.9390625 0.76484375 0.12109375 0.421875