0 0.4109375 0.565625 0.00703125 0.015625
0 0.4 0.56328125 0.01171875 0.0140625
0 0.38359375 0.5609375 0.01875 0.01953125
0 0.36953125 0.5609375 0.0125 0.01640625
0 0.36015625 0.559375 0.0125 0.0234375
0 0.3359375 0.55546875 0.04609375 0.04296875
0 0.3046875 0.5609375 0.01796875 0.03046875
0 0.28125 0.5625 0.03359375 0.03203125
0 0.503125 0.56953125 0.015625 0.0265625
0 0.490625 0.575 0.01796875 0.03203125
0 0.575 0.571875 0.025 0.053125
0 0.5390625 0.578125 0.05546875 0.0890625
0 0.7046875 0.60546875 0.05390625 0.1
0 0.45078125 0.5890625 0.07265625 0.1234375
0 0.634375 0.6234375 0.1484375 0.1609375
0 0.05234375 0.540625 0.1046875 0.1125