0 0.421875 0.48515625 0.0078125 0.0265625
0 0.44453125 0.4875 0.009375 0.02109375
0 0.4140625 0.4875 0.0109375 0.02109375
0 0.4046875 0.4890625 0.01328125 0.01953125
0 0.365625 0.4875 0.01328125 0.03046875
0 0.3546875 0.49609375 0.0265625 0.04140625
0 0.3375 0.4984375 0.02734375 0.05546875
0 0.31640625 0.50390625 0.02890625 0.0640625
0 0.296875 0.5109375 0.034375 0.06796875
0 0.265625 0.51328125 0.05703125 0.09140625
0 0.2265625 0.53359375 0.0609375 0.09453125
0 0.1640625 0.54375 0.10390625 0.11953125
0 0.48515625 0.49140625 0.0125 0.025
0 0.49375 0.49140625 0.01796875 0.03046875
0 0.5046875 0.50390625 0.01875 0.040625
0 0.509375 0.509375 0.0171875 0.04296875
0 0.515625 0.51484375 0.01796875 0.05
0 0.7671875 0.5171875 0.05234375 0.0375
0 0.6765625 0.57109375 0.14765625 0.19140625
0 0.43203125 0.484375 0.0171875 0.03359375
0 0.4609375 0.490625 0.0125 0.015625
0 0.38671875 0.509375 0.04453125 0.0640625
0 0.540625 0.51796875 0.05546875 0.078125
0 0.846875 0.66796875 0.30546875 0.3109375
0 0.06015625 0.56171875 0.1203125 0.2109375
0 0.978125 0.86953125 0.04375 0.25546875
0 0.478125 0.49140625 0.0109375 0.01796875
0 0.471875 0.4890625 0.00703125 0.0140625
0 0.375 0.4984375 0.02265625 0.04609375