1 0.071875 0.45078125 0.01484375 0.0640625
0 0.17265625 0.47734375 0.0609375 0.084375
0 0.2796875 0.47265625 0.03671875 0.05390625
0 0.29375 0.4640625 0.0203125 0.04140625
0 0.3171875 0.4625 0.02109375 0.0390625
0 0.6765625 0.51796875 0.27421875 0.4015625
0 0.440625 0.63046875 0.328125 0.440625
0 0.865625 0.68515625 0.26640625 0.509375
2 0.2859375 0.34296875 0.00546875 0.0265625
2 0.44375 0.38515625 0.00546875 0.02109375
2 0.28125 0.340625 0.00546875 0.025
2 0.29375 0.3421875 0.0046875 0.028125
2 0.43828125 0.38515625 0.0046875 0.025
2 0.1953125 0.4140625 0.01875 0.021875
0 0.228125 0.4875 0.075 0.090625
2 0.2453125 0.4203125 0.01328125 0.01640625
0 0.16875 0.446875 0.0421875 0.03203125