2 0.27890625 0.17109375 0.01171875 0.0640625
2 0.478125 0.22890625 0.009375 0.0484375
2 0.4265625 0.38984375 0.01015625 0.025
2 0.478125 0.396875 0.009375 0.028125
2 0.43359375 0.42421875 0.00703125 0.01640625
2 0.4109375 0.41328125 0.0109375 0.0140625
2 0.2625 0.1734375 0.01328125 0.05859375
2 0.4671875 0.2328125 0.0140625 0.04453125
2 0.1484375 0.34765625 0.0171875 0.0234375
3 0.75625 0.2625 0.02421875 0.04453125
3 0.765625 0.31171875 0.02265625 0.04609375
3 0.62578125 0.334375 0.01875 0.0359375
0 0.415625 0.45703125 0.0328125 0.05
0 0.325 0.45234375 0.0390625 0.05703125
0 0.521875 0.475 0.01484375 0.0390625
0 0.5375 0.47890625 0.0234375 0.05703125
0 0.55546875 0.490625 0.040625 0.0625
0 0.48125 0.4328125 0.04140625 0.025
0 0.3640625 0.46015625 0.06953125 0.09609375
0 0.475 0.490625 0.07578125 0.10859375
0 0.621875 0.52109375 0.103125 0.13046875
0 0.1703125 0.46484375 0.22421875 0.22109375
0 0.040625 0.4359375 0.08046875 0.175
3 0.1828125 0.15390625 0.08671875 0.040625
0 0.43515625 0.459375 0.0171875 0.0390625