0 0.4609375 0.465625 0.034375 0.040625
0 0.428125 0.471875 0.03125 0.0484375
0 0.3984375 0.47890625 0.02734375 0.046875
0 0.3703125 0.4875 0.0375 0.059375
0 0.32890625 0.4953125 0.04375 0.075
0 0.54375 0.46328125 0.01953125 0.046875
0 0.56640625 0.475 0.02734375 0.04296875
0 0.60625 0.4703125 0.03984375 0.0859375
0 0.653125 0.48203125 0.10078125 0.13046875
0 0.690625 0.51640625 0.0609375 0.1140625
0 0.16171875 0.53203125 0.0734375 0.12890625
0 0.271875 0.496875 0.09453125 0.109375
0 0.83125 0.5296875 0.2625 0.25546875
0 0.1640625 0.50078125 0.02578125 0.06953125
0 0.5765625 0.47890625 0.0171875 0.046875