0 0.53984375 0.44453125 0.0078125 0.021875
0 0.534375 0.44296875 0.01328125 0.0234375
0 0.50625 0.4453125 0.01484375 0.01953125
0 0.4875 0.4484375 0.02265625 0.02890625
0 0.5578125 0.4421875 0.0125 0.0265625
0 0.565625 0.446875 0.009375 0.03203125
0 0.571875 0.45078125 0.009375 0.0390625
0 0.57890625 0.4546875 0.0125 0.04609375
0 0.5890625 0.4546875 0.01875 0.05546875
0 0.5484375 0.4421875 0.01640625 0.0265625
0 0.609375 0.45859375 0.04609375 0.0625
0 0.7015625 0.484375 0.128125 0.19140625
0 0.85 0.51328125 0.29609375 0.328125
0 0.95234375 0.63671875 0.0953125 0.1140625
2 0.490625 0.42890625 0.0109375 0.01640625
3 0.371875 0.33359375 0.01875 0.0140625
3 0.38125 0.36640625 0.01796875 0.03359375
3 0.74921875 0.2609375 0.02421875 0.03203125
0 0.51875 0.44609375 0.0109375 0.015625