3 0.2828125 0.33359375 0.0140625 0.0265625
3 0.609375 0.43828125 0.01953125 0.0109375
2 0.31875 0.390625 0.00703125 0.03046875
2 0.3109375 0.390625 0.0078125 0.03203125
2 0.453125 0.41953125 0.00625 0.0265625
2 0.4609375 0.41875 0.00703125 0.0265625
3 0.59375 0.46953125 0.0171875 0.0109375
0 0.384375 0.49375 0.0078125 0.0109375
0 0.4078125 0.49375 0.009375 0.0125
0 0.421875 0.496875 0.015625 0.01796875
0 0.403125 0.51171875 0.02109375 0.0265625
0 0.43046875 0.515625 0.015625 0.01796875
0 0.43671875 0.53515625 0.02109375 0.03203125
0 0.4421875 0.54375 0.01953125 0.034375
0 0.4578125 0.5484375 0.021875 0.034375
0 0.396875 0.53359375 0.01796875 0.02890625
0 0.40234375 0.546875 0.021875 0.03046875
0 0.3640625 0.54609375 0.01015625 0.034375
0 0.378125 0.49296875 0.00546875 0.00859375
0 0.37109375 0.49296875 0.00703125 0.0140625
0 0.3609375 0.49140625 0.01328125 0.021875
0 0.35234375 0.50390625 0.015625 0.01640625
0 0.34453125 0.5125 0.01015625 0.021875
0 0.353125 0.54765625 0.01484375 0.034375
0 0.3109375 0.54375 0.0734375 0.096875
0 0.83828125 0.63359375 0.321875 0.275