3 0.58671875 0.48671875 0.03125 0.01640625
0 0.18671875 0.5515625 0.0484375 0.0359375
0 0.3359375 0.53984375 0.02109375 0.0234375
0 0.3109375 0.546875 0.03125 0.01953125
0 0.07890625 0.56953125 0.08125 0.0359375
0 0.4578125 0.53828125 0.0125 0.01953125
0 0.5078125 0.53125 0.00859375 0.015625
0 0.5 0.53125 0.01484375 0.0265625
0 0.490625 0.5328125 0.01640625 0.021875
0 0.39921875 0.56171875 0.05078125 0.05546875
0 0.478125 0.5484375 0.0265625 0.040625
0 0.53125 0.54296875 0.03515625 0.05390625
0 0.86875 0.48359375 0.02890625 0.03046875
0 0.90546875 0.4890625 0.02890625 0.034375
0 0.81875 0.46484375 0.01484375 0.0234375
0 0.540625 0.471875 0.0125 0.0140625
0 0.09375 0.7796875 0.1875 0.3890625
0 0.41640625 0.528125 0.00859375 0.009375
0 0.446875 0.528125 0.01015625 0.00859375
0 0.4453125 0.54296875 0.0203125 0.0234375