0 0.478125 0.6953125 0.26875 0.3890625
0 0.228125 0.64921875 0.13828125 0.17890625
0 0.70234375 0.56640625 0.1109375 0.0625
0 0.41875 0.5546875 0.03828125 0.04296875
0 0.12578125 0.575 0.12734375 0.1
3 0.0375 0.47734375 0.021875 0.0140625
3 0.8609375 0.4734375 0.03671875 0.01640625
2 0.44765625 0.384375 0.0078125 0.04296875
2 0.5328125 0.384375 0.00703125 0.03359375
2 0.2328125 0.496875 0.009375 0.02890625
2 0.59921875 0.48671875 0.0078125 0.02890625
2 0.4390625 0.384375 0.00703125 0.04140625
2 0.45703125 0.384375 0.00546875 0.0390625
2 0.5265625 0.384375 0.0078125 0.0359375
2 0.53828125 0.3828125 0.00390625 0.03359375
2 0.3671875 0.35859375 0.00703125 0.04296875
2 0.35625 0.35859375 0.0109375 0.0390625
2 0.8453125 0.428125 0.01328125 0.0609375
2 0.1296875 0.4640625 0.0203125 0.05546875
3 0.55546875 0.43203125 0.00546875 0.0265625
3 0.865625 0.425 0.0109375 0.075
0 0.5015625 0.540625 0.1109375 0.06953125