3 0.64609375 0.39453125 0.0140625 0.02890625
3 0.68125 0.3234375 0.01171875 0.0140625
3 0.675 0.33828125 0.01953125 0.01796875
3 0.31875 0.3203125 0.0171875 0.0140625
3 0.33203125 0.340625 0.02265625 0.02109375
3 0.3296875 0.36015625 0.01796875 0.02890625
0 0.55859375 0.434375 0.0078125 0.01640625
0 0.55 0.434375 0.01171875 0.01640625
0 0.5375 0.43671875 0.0125 0.01796875
0 0.525 0.440625 0.0125 0.01796875
0 0.509375 0.4453125 0.025 0.0265625
0 0.48828125 0.446875 0.01796875 0.0265625
0 0.465625 0.4453125 0.0359375 0.046875
0 0.3546875 0.45625 0.06328125 0.096875
0 0.603125 0.4328125 0.01171875 0.021875
0 0.5890625 0.42734375 0.0140625 0.02109375
0 0.57109375 0.43359375 0.01484375 0.02109375
0 0.6125 0.434375 0.01640625 0.0265625
0 0.1234375 0.49921875 0.2203125 0.2015625
0 0.0171875 0.51953125 0.034375 0.1859375
0 0.8953125 0.503125 0.20625 0.434375
0 0.28125 0.45859375 0.1078125 0.14296875
0 0.6765625 0.440625 0.0375 0.1
0 0.715625 0.45 0.08046875 0.1265625
0 0.7953125 0.46953125 0.1265625 0.2015625
0 0.6375 0.434375 0.0375 0.059375
3 0.628125 0.40625 0.009375 0.01796875