0 0.3296875 0.53828125 0.11171875 0.15703125
0 0.6015625 0.525 0.10546875 0.13046875
0 0.46875 0.49140625 0.02109375 0.03046875
3 0.034375 0.315625 0.04609375 0.03046875
2 0.01796875 0.41328125 0.0359375 0.05546875
3 0.01640625 0.26875 0.03046875 0.021875
3 0.7265625 0.2171875 0.034375 0.0765625
3 0.7296875 0.2828125 0.0453125 0.025
3 0.64609375 0.10546875 0.0234375 0.084375
3 0.51015625 0.4203125 0.00859375 0.01796875
2 0.5296875 0.03984375 0.01015625 0.07890625
2 0.41875 0.421875 0.0140625 0.0390625
2 0.4828125 0.4296875 0.01484375 0.021875
3 0.396875 0.42421875 0.02421875 0.015625
0 0.18125 0.57109375 0.11953125 0.125
0 0.490625 0.48828125 0.01015625 0.0265625
0 0.553125 0.50625 0.0390625 0.0765625
0 0.5296875 0.496875 0.025 0.065625
0 0.51328125 0.49375 0.0171875 0.0484375
0 0.5 0.48984375 0.01875 0.03203125
2 0.5453125 0.0421875 0.0203125 0.084375
2 0.5703125 0.03671875 0.0265625 0.0734375
2 0.7640625 0.35234375 0.021875 0.046875
0 0.3890625 0.49921875 0.0171875 0.03046875
0 0.3984375 0.4921875 0.01484375 0.034375
0 0.41015625 0.490625 0.01640625 0.028125