0 0.06875 0.59375 0.13671875 0.2390625
0 0.8671875 0.7171875 0.2640625 0.49296875
0 0.18359375 0.5484375 0.12578125 0.1484375
0 0.25859375 0.5203125 0.075 0.1140625
0 0.3015625 0.5140625 0.04921875 0.0984375
0 0.3296875 0.5078125 0.04921875 0.0890625
0 0.3578125 0.50078125 0.02734375 0.06953125
0 0.38125 0.503125 0.021875 0.05703125
0 0.4 0.49765625 0.015625 0.04296875
0 0.5359375 0.49375 0.0421875 0.06796875
0 0.5453125 0.50234375 0.04140625 0.078125
0 0.5734375 0.515625 0.03515625 0.1109375
0 0.62890625 0.5171875 0.12109375 0.17890625
0 0.725 0.5609375 0.1984375 0.25703125
0 0.4703125 0.521875 0.09140625 0.12890625
0 0.4625 0.45234375 0.0328125 0.01640625
3 0.55703125 0.42265625 0.0140625 0.02890625