2 0.17890625 0.18671875 0.0140625 0.08046875
2 0.478125 0.34296875 0.01171875 0.053125
2 0.1609375 0.46796875 0.01484375 0.028125
2 0.1796875 0.46640625 0.00546875 0.025
2 0.1984375 0.19296875 0.02265625 0.084375
2 0.1625 0.190625 0.01796875 0.078125
2 0.490625 0.3453125 0.01171875 0.05
2 0.46875 0.346875 0.0125 0.04453125
2 0.86796875 0.4484375 0.04375 0.059375
2 0.603125 0.4953125 0.01328125 0.021875
3 0.1765625 0.421875 0.02734375 0.01796875
3 0.29921875 0.4515625 0.01171875 0.034375
3 0.58828125 0.4359375 0.01875 0.040625
3 0.50390625 0.49453125 0.0125 0.0265625
3 0.4421875 0.503125 0.00546875 0.0140625
3 0.8421875 0.38828125 0.03515625 0.04140625
3 0.8421875 0.27265625 0.02265625 0.04140625
3 0.296875 0.48359375 0.009375 0.0265625
1 0.546875 0.546875 0.01015625 0.028125
1 0.56484375 0.53984375 0.0046875 0.01796875
1 0.565625 0.55703125 0.01171875 0.0359375
1 0.328125 0.5296875 0.0078125 0.03203125
1 0.0921875 0.54375 0.02109375 0.090625
0 0.38125 0.53125 0.0125 0.01796875
0 0.3640625 0.528125 0.0171875 0.021875
0 0.4234375 0.528125 0.01015625 0.02109375
0 0.4296875 0.53203125 0.01171875 0.01640625
0 0.4515625 0.53515625 0.01015625 0.015625
0 0.459375 0.546875 0.01640625 0.03203125
0 0.46875 0.55703125 0.01640625 0.046875
0 0.490625 0.559375 0.04765625 0.06796875
0 0.503125 0.571875 0.04140625 0.0609375
0 0.4390625 0.54765625 0.02578125 0.034375
0 0.396875 0.53046875 0.0109375 0.0140625
0 0.40859375 0.52890625 0.01171875 0.01640625
0 0.52734375 0.5828125 0.0625 0.0765625
0 0.8296875 0.67578125 0.340625 0.390625
0 0.35234375 0.54609375 0.03359375 0.04609375