3 0.2296875 0.40390625 0.04140625 0.01640625
3 0.15703125 0.44609375 0.0140625 0.0109375
3 0.1578125 0.45625 0.01484375 0.0109375
3 0.1671875 0.46953125 0.01953125 0.0125
3 0.64296875 0.4421875 0.0140625 0.00859375
3 0.6234375 0.4703125 0.01171875 0.0234375
2 0.15078125 0.496875 0.01796875 0.01796875
2 0.309375 0.3890625 0.009375 0.034375
2 0.321875 0.38671875 0.0078125 0.0390625
2 0.28984375 0.4609375 0.00859375 0.04453125
2 0.284375 0.496875 0.01328125 0.015625
2 0.5546875 0.39140625 0.009375 0.02890625
2 0.5140625 0.46015625 0.00625 0.0125
0 0.025 0.559375 0.04921875 0.04609375
0 0.05625 0.55703125 0.0515625 0.040625
0 0.1 0.571875 0.084375 0.059375
0 0.1390625 0.54140625 0.06171875 0.0234375
0 0.2 0.54453125 0.0640625 0.0484375
0 0.23125 0.54375 0.05625 0.046875
0 0.23984375 0.5390625 0.05546875 0.046875
0 0.27265625 0.5421875 0.04140625 0.04140625
0 0.29375 0.53828125 0.03984375 0.028125
0 0.3046875 0.534375 0.03984375 0.03203125
0 0.48125 0.52109375 0.01640625 0.0265625
0 0.49765625 0.515625 0.01640625 0.01640625
0 0.5078125 0.509375 0.01640625 0.015625
0 0.51875 0.509375 0.01015625 0.02109375
0 0.75234375 0.55078125 0.12109375 0.1859375
0 0.8765625 0.58359375 0.2421875 0.303125
0 0.5703125 0.5125 0.090625 0.178125
3 0.834375 0.39296875 0.034375 0.0859375
0 0.1671875 0.56640625 0.06171875 0.04453125