0 0.24140625 0.45078125 0.08828125 0.1015625
0 0.434375 0.2765625 0.0140625 0.02109375
0 0.434375 0.296875 0.01875 0.0234375
0 0.4375 0.325 0.02890625 0.03359375
0 0.4203125 0.27109375 0.01171875 0.01953125
0 0.4125 0.278125 0.01796875 0.02109375
0 0.409375 0.290625 0.0203125 0.0125
0 0.40546875 0.309375 0.02421875 0.028125
0 0.39375 0.28046875 0.01875 0.02109375
0 0.4515625 0.278125 0.0109375 0.02109375
0 0.45625 0.2890625 0.00859375 0.025
0 0.4625 0.29609375 0.0109375 0.03359375
0 0.4671875 0.3046875 0.0140625 0.0359375
0 0.478125 0.31640625 0.0203125 0.04296875
0 0.6421875 0.45390625 0.1625 0.1890625
0 0.775 0.503125 0.21171875 0.25703125
0 0.4296875 0.2203125 0.009375 0.015625
0 0.3734375 0.28828125 0.02421875 0.028125
0 0.421875 0.2328125 0.0109375 0.01953125
0 0.415625 0.2484375 0.01328125 0.01640625
0 0.3671875 0.325 0.02890625 0.0390625
0 0.3359375 0.3546875 0.04453125 0.0640625
0 0.3953125 0.340625 0.0296875 0.04296875
0 0.4421875 0.38671875 0.05 0.084375
0 0.48984375 0.33671875 0.03203125 0.053125
0 0.328125 0.465625 0.09453125 0.11953125
2 0.2171875 0.29609375 0.01328125 0.025
2 0.4328125 0.17109375 0.0140625 0.03203125
2 0.5296875 0.25859375 0.01640625 0.028125
2 0.5828125 0.20234375 0.01640625 0.02890625
3 0.5265625 0.20078125 0.0421875 0.0234375
3 0.525 0.22421875 0.015625 0.03203125
0 0.01875 0.534375 0.03671875 0.08359375
0 0.925 0.571875 0.14921875 0.40703125