0 0.25546875 0.51875 0.0390625 0.146875
0 0.45 0.5015625 0.06953125 0.10546875
0 0.3984375 0.5046875 0.04765625 0.0890625
0 0.8 0.50625 0.03984375 0.0515625
0 0.7765625 0.49453125 0.0265625 0.04296875
0 0.65546875 0.49765625 0.028125 0.046875
0 0.6734375 0.496875 0.01484375 0.05390625
0 0.6421875 0.515625 0.03046875 0.109375
0 0.88515625 0.57421875 0.228125 0.29296875
0 0.56015625 0.53515625 0.18828125 0.3015625
3 0.78046875 0.384375 0.0203125 0.0234375
3 0.73203125 0.3859375 0.02109375 0.03046875
3 0.7359375 0.42578125 0.01875 0.040625
2 0.85625 0.384375 0.00703125 0.028125
2 0.5984375 0.38203125 0.00703125 0.02890625
3 0.7390625 0.4625 0.0171875 0.034375
3 0.3875 0.36953125 0.01328125 0.02109375
3 0.38984375 0.409375 0.01171875 0.04453125
3 0.91484375 0.4125 0.0125 0.028125
2 0.7609375 0.38203125 0.0046875 0.03046875
2 0.753125 0.38203125 0.00703125 0.03046875