3 0.25625 0.3234375 0.19609375 0.12890625
3 0.4625 0.3640625 0.14921875 0.1640625
3 0.4859375 0.26171875 0.09921875 0.03203125
3 0.259375 0.42578125 0.20078125 0.0609375
3 0.65390625 0.39921875 0.02421875 0.05546875
3 0.521875 0.590625 0.04296875 0.0125
3 0.46640625 0.621875 0.05625 0.03359375
0 0.55 0.65078125 0.03203125 0.03203125
0 0.5328125 0.634375 0.0140625 0.028125
0 0.4953125 0.69765625 0.08515625 0.1640625
0 0.440625 0.684375 0.034375 0.07109375
0 0.26328125 0.690625 0.06796875 0.075
0 0.29375 0.66484375 0.01796875 0.02109375
0 0.3875 0.690625 0.0515625 0.09296875
0 0.415625 0.68203125 0.03203125 0.059375
0 0.3328125 0.70859375 0.0859375 0.1375
0 0.1921875 0.76953125 0.19375 0.19453125
0 0.1265625 0.684375 0.13046875 0.165625
3 0.0421875 0.40234375 0.0421875 0.075
0 0.3234375 0.553125 0.02890625 0.025
0 0.3515625 0.5546875 0.0203125 0.0125
0 0.3765625 0.55078125 0.01875 0.0125
0 0.41796875 0.546875 0.0296875 0.0125
0 0.453125 0.54296875 0.02734375 0.0109375
0 0.51484375 0.53359375 0.02734375 0.0125
0 0.546875 0.52421875 0.03203125 0.015625