3 0.58984375 0.434375 0.0140625 0.034375
2 0.5171875 0.4640625 0.0125 0.015625
0 0.4546875 0.49765625 0.01015625 0.01953125
0 0.46171875 0.5 0.01015625 0.01953125
0 0.43984375 0.49765625 0.0109375 0.015625
0 0.4140625 0.4984375 0.0125 0.0125
0 0.3890625 0.5015625 0.0171875 0.021875
0 0.35078125 0.4859375 0.0234375 0.01796875
0 0.3640625 0.503125 0.02265625 0.03046875
0 0.3359375 0.50625 0.0234375 0.03203125
0 0.3046875 0.509375 0.0390625 0.053125
0 0.1984375 0.515625 0.0453125 0.090625
0 0.22734375 0.51328125 0.075 0.08359375
0 0.1328125 0.515625 0.1109375 0.10390625
0 0.575 0.48828125 0.03984375 0.06953125
0 0.59375 0.50234375 0.034375 0.053125
0 0.5375 0.49140625 0.02265625 0.028125
0 0.8515625 0.546875 0.2546875 0.24296875
3 0.8515625 0.26875 0.0296875 0.034375
3 0.85234375 0.10546875 0.03359375 0.028125
3 0.84453125 0.21015625 0.04375 0.071875
0 0.06171875 0.5171875 0.1234375 0.1625
0 0.01875 0.56640625 0.0375 0.11640625