2 0.06640625 0.171875 0.0296875 0.1125
2 0.040625 0.171875 0.03125 0.1125
2 0.6640625 0.05 0.02421875 0.09296875
2 0.640625 0.053125 0.02578125 0.10390625
2 0.50625 0.42265625 0.00703125 0.0234375
2 0.453125 0.41640625 0.00546875 0.01640625
2 0.42265625 0.453125 0.00625 0.009375
3 0.0421875 0.396875 0.03203125 0.09296875
3 0.0484375 0.56484375 0.01640625 0.04296875
3 0.61796875 0.41328125 0.01796875 0.0265625
3 0.5203125 0.4234375 0.01171875 0.0140625
3 0.41640625 0.459375 0.00859375 0.01640625
3 0.85625 0.25703125 0.01640625 0.01640625
3 0.834375 0.2625 0.01328125 0.01796875
3 0.8421875 0.28671875 0.034375 0.02890625
3 0.4296875 0.465625 0.0078125 0.02109375
0 0.4671875 0.47578125 0.01171875 0.0234375
0 0.4609375 0.48359375 0.0078125 0.015625
0 0.4578125 0.4859375 0.0109375 0.01640625
0 0.45390625 0.48671875 0.00859375 0.0125
0 0.4453125 0.4859375 0.009375 0.0140625
0 0.4765625 0.48203125 0.01015625 0.0125
0 0.4828125 0.48359375 0.0125 0.02109375
0 0.4890625 0.48125 0.00703125 0.0140625
0 0.4953125 0.478125 0.01328125 0.0265625
0 0.51953125 0.484375 0.0171875 0.03359375
0 0.52265625 0.48671875 0.0140625 0.0234375
0 0.54765625 0.47109375 0.04296875 0.08359375
0 0.5609375 0.48515625 0.03515625 0.05546875
0 0.5796875 0.49375 0.03984375 0.05703125
0 0.4171875 0.490625 0.0234375 0.03203125
0 0.4 0.49765625 0.01484375 0.04453125
0 0.2453125 0.5359375 0.04375 0.10703125
0 0.0375 0.82109375 0.07421875 0.3375
0 0.8859375 0.4875 0.22421875 0.834375
1 0.4828125 0.48984375 0.01015625 0.04140625