2 0.54453125 0.40625 0.0078125 0.0234375
2 0.5078125 0.434375 0.0078125 0.028125
2 0.465625 0.44453125 0.0078125 0.0265625
2 0.45 0.40703125 0.009375 0.03046875
2 0.60625 0.446875 0.0109375 0.02109375
3 0.4203125 0.4390625 0.01171875 0.0140625
3 0.6 0.36953125 0.01328125 0.01640625
2 0.3328125 0.453125 0.00546875 0.01953125
2 0.328125 0.45390625 0.00625 0.02109375
0 0.46015625 0.48671875 0.015625 0.03046875
0 0.50234375 0.48359375 0.01875 0.0375
0 0.5234375 0.484375 0.03828125 0.05859375
0 0.5796875 0.475 0.0265625 0.034375
0 0.8078125 0.5109375 0.11171875 0.140625
0 0.5953125 0.48671875 0.01953125 0.04453125
0 0.4421875 0.4890625 0.02734375 0.04453125
0 0.478125 0.484375 0.02265625 0.034375
0 0.5515625 0.50703125 0.05546875 0.084375
0 0.621875 0.49140625 0.04609375 0.05390625
0 0.921875 0.52265625 0.15390625 0.18359375