2 0.48671875 0.54296875 0.01015625 0.02109375
1 0.071875 0.64765625 0.04140625 0.0640625
1 0.0328125 0.6234375 0.0203125 0.04453125
1 0.209375 0.65234375 0.021875 0.096875
1 0.2875 0.64609375 0.01328125 0.0734375
1 0.3359375 0.64921875 0.01875 0.08203125
0 0.45078125 0.6359375 0.0140625 0.0390625
0 0.4109375 0.67265625 0.0828125 0.1375
0 0.51796875 0.671875 0.0515625 0.09453125
0 0.5296875 0.68359375 0.034375 0.0859375
0 0.5625 0.68671875 0.065625 0.11796875
0 0.6015625 0.71328125 0.0875 0.15546875
0 0.73671875 0.77109375 0.28828125 0.28359375
0 0.2921875 0.6359375 0.06171875 0.05390625
0 0.06953125 0.80625 0.1390625 0.35859375
0 0.93125 0.90859375 0.1359375 0.18046875
0 0.246875 0.71953125 0.05625 0.24140625
1 0.90625 0.678125 0.03984375 0.19453125
1 0.934375 0.665625 0.04453125 0.1734375
2 0.25859375 0.49609375 0.009375 0.03203125
2 0.3796875 0.52734375 0.009375 0.03046875
0 0.12890625 0.7109375 0.09453125 0.1140625
3 0.59453125 0.51640625 0.0171875 0.0109375
1 0.7828125 0.61640625 0.03359375 0.071875
1 0.82109375 0.64921875 0.03046875 0.09609375
1 0.4859375 0.64765625 0.01015625 0.07109375