1 0.396875 0.4484375 0.0171875 0.06796875
1 0.334375 0.44609375 0.01640625 0.0625
1 0.3234375 0.4453125 0.0125 0.05703125
1 0.315625 0.4453125 0.015625 0.059375
1 0.3 0.434375 0.01015625 0.0484375
1 0.29375 0.4453125 0.0140625 0.059375
1 0.26796875 0.4546875 0.0125 0.0640625
1 0.28203125 0.4484375 0.015625 0.06796875
1 0.015625 0.45078125 0.0203125 0.04609375
3 0.6453125 0.36171875 0.0109375 0.015625
3 0.6515625 0.37578125 0.015625 0.0125
1 0.415625 0.43125 0.00859375 0.021875
0 0.5453125 0.5171875 0.23984375 0.3890625
0 0.08125 0.52890625 0.1625 0.1921875