3 0.590625 0.2921875 0.0421875 0.02109375
3 0.625 0.321875 0.02109375 0.03203125
3 0.625 0.3453125 0.02109375 0.01953125
3 0.7578125 0.27109375 0.01171875 0.01640625
3 0.740625 0.28046875 0.01953125 0.028125
2 0.5296875 0.2671875 0.0078125 0.0375
2 0.634375 0.371875 0.01171875 0.0234375
2 0.525 0.26796875 0.0078125 0.0359375
2 0.428125 0.3515625 0.0078125 0.0109375
2 0.41171875 0.35859375 0.009375 0.015625
2 0.384375 0.3640625 0.0078125 0.01640625
2 0.728125 0.21484375 0.01640625 0.059375
2 0.7515625 0.34921875 0.028125 0.0390625
2 0.528125 0.38828125 0.0109375 0.0125
0 0.4359375 0.40078125 0.0140625 0.025
0 0.415625 0.4015625 0.03203125 0.03359375
0 0.42109375 0.4140625 0.0234375 0.0265625
0 0.41484375 0.4234375 0.0234375 0.02890625
0 0.3828125 0.42265625 0.01484375 0.028125
0 0.328125 0.4375 0.03046875 0.0484375
0 0.0109375 0.47109375 0.02109375 0.209375
0 0.49140625 0.403125 0.11015625 0.0359375
0 0.54921875 0.40078125 0.0234375 0.03203125
0 0.70390625 0.4796875 0.1390625 0.2
0 0.525 0.603125 0.3828125 0.384375
0 0.84375 0.578125 0.309375 0.309375
1 0.9671875 0.43828125 0.03515625 0.09609375
1 0.9 0.41484375 0.0203125 0.04140625
1 0.86328125 0.4046875 0.03046875 0.046875
1 0.8 0.403125 0.01953125 0.03203125
0 0.9890625 0.421875 0.0203125 0.1359375