2 0.55 0.353125 0.01171875 0.05546875
2 0.39140625 0.42734375 0.01015625 0.03359375
2 0.4234375 0.496875 0.0078125 0.01953125
2 0.29140625 0.521875 0.0140625 0.0234375
2 0.71640625 0.44921875 0.0140625 0.028125
3 0.7046875 0.4046875 0.028125 0.01796875
0 0.3546875 0.553125 0.03671875 0.065625
1 0.2890625 0.56953125 0.01171875 0.0484375
1 0.2796875 0.57421875 0.01015625 0.0484375
1 0.2515625 0.57890625 0.01484375 0.059375
1 0.2390625 0.5828125 0.01484375 0.0640625
0 0.5921875 0.5578125 0.08359375 0.14140625
0 0.4015625 0.5828125 0.13125 0.23046875
1 0.9921875 0.496875 0.01484375 0.096875
1 0.97734375 0.515625 0.0171875 0.1
1 0.95625 0.5234375 0.01875 0.09453125
1 0.915625 0.50546875 0.028125 0.08046875
1 0.878125 0.49375 0.02421875 0.05
1 0.840625 0.48203125 0.0140625 0.0265625
1 0.709375 0.5359375 0.01328125 0.078125
1 0.78125 0.49609375 0.0140625 0.025
1 0.64765625 0.5359375 0.01484375 0.05703125
1 0.684375 0.51484375 0.0109375 0.04453125
1 0.6734375 0.509375 0.009375 0.04453125
0 0.82578125 0.58203125 0.18671875 0.1765625
0 0.15390625 0.59375 0.14921875 0.14296875
0 0.1171875 0.709375 0.23203125 0.50390625
0 0.6390625 0.5390625 0.01015625 0.0609375