0 0.4796875 0.5375 0.01796875 0.040625
0 0.525 0.534375 0.01640625 0.0375
0 0.540625 0.53671875 0.02421875 0.03359375
0 0.5 0.5375 0.03046875 0.0359375
0 0.4390625 0.553125 0.07421875 0.10859375
0 0.66875 0.528125 0.06171875 0.046875
0 0.5859375 0.53671875 0.06796875 0.05859375
0 0.75703125 0.50234375 0.13203125 0.06640625
0 0.33203125 0.6359375 0.20703125 0.24140625
3 0.13515625 0.39609375 0.04296875 0.06640625
3 0.13671875 0.4828125 0.0265625 0.065625
3 0.5625 0.49375 0.01015625 0.02109375
3 0.61171875 0.475 0.01640625 0.0359375
0 0.9734375 0.490625 0.05234375 0.0625
0 0.06484375 0.60078125 0.1296875 0.11640625
0 0.2234375 0.5640625 0.03828125 0.05
0 0.8484375 0.496875 0.06875 0.07109375