3 0.5984375 0.32890625 0.0546875 0.05546875
3 0.6546875 0.3265625 0.06015625 0.05703125
2 0.753125 0.221875 0.009375 0.034375
2 0.765625 0.215625 0.00546875 0.0359375
2 0.7859375 0.246875 0.0078125 0.01953125
2 0.91875 0.23046875 0.0078125 0.028125
0 0.53671875 0.31953125 0.03046875 0.0125
0 0.3015625 0.534375 0.17109375 0.21796875
0 0.471875 0.4875 0.04375 0.0640625
0 0.775 0.559375 0.1921875 0.190625
0 0.703125 0.48984375 0.02265625 0.040625
0 0.534375 0.48125 0.0203125 0.02890625
0 0.57421875 0.4796875 0.025 0.0375
0 0.6046875 0.4796875 0.0234375 0.03046875
0 0.6265625 0.471875 0.009375 0.01953125
0 0.4984375 0.48515625 0.0109375 0.0234375
0 0.50703125 0.478125 0.00546875 0.01640625
0 0.55078125 0.478125 0.01171875 0.021875
0 0.2046875 0.5046875 0.03515625 0.021875
0 0.16875 0.5015625 0.05390625 0.03359375
0 0.4078125 0.48125 0.025 0.015625
0 0.43046875 0.4828125 0.01484375 0.00859375
0 0.5203125 0.478125 0.0078125 0.01640625