0 0.97109375 0.378125 0.0578125 0.1
0 0.4359375 0.42109375 0.19921875 0.3265625
0 0.175 0.415625 0.17578125 0.225
0 0.7609375 0.39921875 0.24765625 0.271875
0 0.2625 0.39140625 0.05390625 0.11796875
0 0.296875 0.371875 0.05859375 0.1125
0 0.3390625 0.359375 0.01875 0.05859375
0 0.540625 0.37734375 0.0328125 0.08203125
0 0.5984375 0.37734375 0.0984375 0.1375
0 0.665625 0.346875 0.0359375 0.05
0 0.8828125 0.37109375 0.0890625 0.0859375
2 0.2578125 0.23125 0.0125 0.0125
2 0.33671875 0.228125 0.01484375 0.00703125
2 0.48359375 0.2234375 0.01171875 0.009375
2 0.55546875 0.21953125 0.009375 0.0125
2 0.625 0.2171875 0.0125 0.00859375
3 0.61875 0.16640625 0.0421875 0.05703125
3 0.546875 0.171875 0.04296875 0.05703125
3 0.4796875 0.171875 0.05 0.0515625
3 0.40546875 0.17890625 0.04375 0.053125
3 0.33203125 0.18046875 0.04921875 0.04453125
3 0.25859375 0.178125 0.05234375 0.04609375
3 0.18046875 0.18515625 0.04765625 0.0484375
3 0.1015625 0.18828125 0.05234375 0.05703125