0 0.15546875 0.4765625 0.0671875 0.0484375
0 0.2875 0.48515625 0.021875 0.025
0 0.2453125 0.5046875 0.04921875 0.059375
0 0.2984375 0.49921875 0.02734375 0.0359375
0 0.446875 0.5046875 0.01171875 0.0390625
0 0.4578125 0.5046875 0.0203125 0.05546875
0 0.484375 0.4984375 0.05625 0.090625
0 0.50078125 0.509375 0.05625 0.0890625
3 0.57109375 0.38828125 0.025 0.040625
3 0.5703125 0.41484375 0.025 0.01640625
3 0.77265625 0.43046875 0.0140625 0.05703125
2 0.0875 0.3890625 0.02421875 0.0390625
2 0.190625 0.43125 0.009375 0.025
2 0.396875 0.43046875 0.01328125 0.01953125
2 0.49296875 0.2109375 0.01171875 0.05546875
2 0.4625 0.21328125 0.0140625 0.059375
2 0.48203125 0.209375 0.0140625 0.06796875
1 0.60625 0.509375 0.01328125 0.06796875