2 0.0625 0.22421875 0.01875 0.04140625
2 0.05859375 0.3734375 0.021875 0.04296875
2 0.6453125 0.36640625 0.0234375 0.0484375
3 0.5703125 0.37265625 0.0109375 0.021875
3 0.6375 0.28046875 0.0328125 0.109375
0 0.284375 0.55859375 0.19765625 0.20859375
0 0.1046875 0.52578125 0.1625 0.178125
0 0.1796875 0.503125 0.06953125 0.08203125
0 0.21875 0.48046875 0.0125 0.0234375
0 0.3859375 0.50625 0.03671875 0.0609375
0 0.415625 0.51328125 0.02109375 0.0515625
0 0.43125 0.5125 0.03515625 0.06640625
0 0.4359375 0.515625 0.01640625 0.06953125
0 0.46015625 0.51796875 0.05703125 0.084375
0 0.4640625 0.52890625 0.03828125 0.078125
0 0.49921875 0.5390625 0.06953125 0.1109375
0 0.5546875 0.55625 0.13671875 0.159375