3 0.71171875 0.36015625 0.08359375 0.071875
3 0.675 0.41796875 0.0203125 0.046875
3 0.83671875 0.2984375 0.028125 0.07109375
3 0.8328125 0.36796875 0.028125 0.05546875
3 0.6515625 0.34453125 0.0125 0.025
0 0.659375 0.46640625 0.0171875 0.0265625
0 0.64765625 0.471875 0.021875 0.04296875
0 0.5765625 0.4625 0.01875 0.05703125
0 0.540625 0.4359375 0.01484375 0.01640625
0 0.51328125 0.434375 0.02265625 0.021875
0 0.48828125 0.4140625 0.01171875 0.02109375
0 0.478125 0.4140625 0.009375 0.01796875
0 0.48984375 0.4359375 0.021875 0.01953125
0 0.51328125 0.54375 0.13828125 0.2015625
0 0.8203125 0.5375 0.2546875 0.26953125
0 0.6046875 0.459375 0.05703125 0.09296875