0 0.51796875 0.45859375 0.01171875 0.02109375
0 0.5109375 0.45625 0.01171875 0.03359375
0 0.48046875 0.465625 0.03359375 0.0640625
0 0.4578125 0.46875 0.0515625 0.075
0 0.4359375 0.48359375 0.078125 0.1
0 0.5828125 0.44921875 0.01875 0.03359375
0 0.6328125 0.4671875 0.0296875 0.059375
0 0.634375 0.4625 0.03828125 0.0765625
0 0.64765625 0.4765625 0.0375 0.06796875
0 0.67578125 0.47890625 0.0671875 0.0875
3 0.31875 0.27265625 0.03359375 0.02109375
3 0.33671875 0.31953125 0.034375 0.02109375
3 0.3328125 0.35390625 0.0203125 0.01953125
3 0.6015625 0.38828125 0.009375 0.0125
3 0.596875 0.39765625 0.00859375 0.01953125
3 0.5890625 0.4296875 0.00859375 0.01953125
2 0.7140625 0.12109375 0.01640625 0.0890625
2 0.8140625 0.35859375 0.0140625 0.03203125
2 0.3203125 0.36484375 0.0140625 0.03203125
2 0.690625 0.13515625 0.02109375 0.10546875
1 0.36328125 0.4234375 0.0140625 0.05546875
3 0.74609375 0.17265625 0.025 0.05703125
0 0.4984375 0.4640625 0.015625 0.05
0 0.50625 0.4625 0.0125 0.040625
0 0.61875 0.4640625 0.0296875 0.05703125
0 0.60625 0.4625 0.021875 0.0484375
0 0.59609375 0.45859375 0.01640625 0.040625