3 0.5359375 0.384375 0.01171875 0.009375
3 0.52734375 0.39296875 0.01875 0.0140625
3 0.2765625 0.3703125 0.01484375 0.0140625
3 0.2484375 0.3484375 0.0171875 0.0140625
2 0.2734375 0.39609375 0.01015625 0.015625
2 0.36015625 0.325 0.00546875 0.02890625
2 0.434375 0.3546875 0.0046875 0.025
2 0.43125 0.35390625 0.00390625 0.025
2 0.35625 0.32109375 0.00546875 0.025
2 0.390625 0.4125 0.00546875 0.0140625
2 0.353125 0.39921875 0.00546875 0.0109375
2 0.4890625 0.43671875 0.0125 0.01953125
2 0.53515625 0.4234375 0.0140625 0.01953125
1 0.78125 0.478125 0.03046875 0.08046875
0 0.3515625 0.45390625 0.0078125 0.015625
0 0.31796875 0.45 0.01953125 0.0390625
0 0.309375 0.453125 0.02578125 0.0390625
0 0.29140625 0.45390625 0.0265625 0.06953125
0 0.2640625 0.4515625 0.059375 0.0875
0 0.24453125 0.46484375 0.05078125 0.0875
0 0.21875 0.471875 0.065625 0.10703125
0 0.13671875 0.46015625 0.14296875 0.19453125
0 0.3875 0.4609375 0.00703125 0.0140625
0 0.39453125 0.46171875 0.0078125 0.0140625
0 0.403125 0.46015625 0.0140625 0.02109375
0 0.4234375 0.46640625 0.0109375 0.03046875
0 0.428125 0.46796875 0.01015625 0.028125
0 0.4375 0.471875 0.0203125 0.03203125
0 0.49453125 0.49453125 0.0328125 0.053125
0 0.521875 0.49921875 0.04453125 0.075
0 0.5546875 0.5109375 0.06875 0.084375
0 0.446875 0.47734375 0.0234375 0.03203125
0 0.6 0.53671875 0.09765625 0.109375
0 0.36015625 0.45546875 0.0109375 0.015625
0 0.0703125 0.50234375 0.13984375 0.25546875
0 0.83828125 0.62421875 0.30078125 0.21953125
1 0.3390625 0.45 0.0078125 0.034375