2 0.4453125 0.2328125 0.0109375 0.028125
2 0.3875 0.28203125 0.01484375 0.0234375
3 0.384375 0.25703125 0.01484375 0.01640625
3 0.41953125 0.2296875 0.03203125 0.01953125
3 0.73984375 0.2078125 0.034375 0.06796875
3 0.78203125 0.11171875 0.01328125 0.02109375
3 0.80625 0.1140625 0.02109375 0.040625
3 0.79375 0.078125 0.02265625 0.046875
1 0.084375 0.3296875 0.0359375 0.1765625
1 0.18984375 0.290625 0.015625 0.0609375
1 0.73046875 0.31953125 0.01328125 0.065625
0 0.36328125 0.33203125 0.03828125 0.09140625
0 0.3859375 0.328125 0.015625 0.028125
0 0.6296875 0.37421875 0.1515625 0.15703125
0 0.28125 0.39140625 0.19765625 0.24296875
0 0.4625 0.446875 0.209375 0.29296875
3 0.1640625 0.14140625 0.02734375 0.06796875
0 0.8859375 0.3515625 0.0328125 0.0859375