3 0.521875 0.37578125 0.021875 0.0125
3 0.5578125 0.45625 0.028125 0.0234375
0 0.41171875 0.47578125 0.03203125 0.034375
0 0.38984375 0.490625 0.034375 0.03359375
0 0.3296875 0.4921875 0.01875 0.02890625
0 0.30625 0.496875 0.02265625 0.02890625
0 0.36640625 0.50078125 0.03984375 0.04453125
0 0.4453125 0.4984375 0.028125 0.04609375
0 0.2046875 0.51484375 0.1984375 0.134375
0 0.1265625 0.5296875 0.22890625 0.12890625
0 0.10390625 0.5546875 0.2078125 0.1484375
0 0.059375 0.59296875 0.11875 0.15546875