0 0.2890625 0.5796875 0.16328125 0.265625
2 0.1703125 0.43984375 0.02421875 0.028125
2 0.184375 0.390625 0.01015625 0.04296875
0 0.7234375 0.490625 0.05078125 0.08046875
2 0.89296875 0.2703125 0.0140625 0.0484375
3 0.759375 0.33125 0.0171875 0.046875
3 0.7609375 0.371875 0.021875 0.0125
3 0.90234375 0.33203125 0.03046875 0.0109375
3 0.95625 0.31328125 0.0203125 0.015625
3 0.9140625 0.309375 0.025 0.0109375
0 0.9859375 0.4578125 0.02421875 0.034375
0 0.8515625 0.534375 0.296875 0.4
0 0.1421875 0.62421875 0.284375 0.621875
3 0.90625 0.28515625 0.01484375 0.01796875