3 0.29765625 0.546875 0.03125 0.04140625
0 0.3765625 0.634375 0.015625 0.0359375
0 0.3890625 0.640625 0.0203125 0.0390625
0 0.39453125 0.646875 0.01796875 0.0390625
0 0.3453125 0.60859375 0.03984375 0.06953125
0 0.296875 0.746875 0.16796875 0.27890625
1 0.215625 0.63671875 0.01484375 0.078125
0 0.0328125 0.6890625 0.065625 0.11953125
1 0.071875 0.68671875 0.01796875 0.071875
1 0.0546875 0.684375 0.01484375 0.0734375
1 0.16875 0.659375 0.01640625 0.0609375
0 0.15 0.66484375 0.015625 0.03203125
2 0.18828125 0.621875 0.00703125 0.01796875
1 0.6390625 0.64375 0.02421875 0.125
1 0.7640625 0.65546875 0.05390625 0.26796875
1 0.5796875 0.6390625 0.0328125 0.15703125
1 0.6046875 0.68046875 0.02890625 0.10546875
1 0.6375 0.66953125 0.028125 0.134375
1 0.61875 0.64375 0.01953125 0.125
1 0.6015625 0.65 0.02578125 0.10390625
0 0.7203125 0.6609375 0.0828125 0.3