0 0.3875 0.2640625 0.01015625 0.0140625
0 0.4078125 0.26171875 0.0078125 0.01796875
0 0.4171875 0.259375 0.01015625 0.01640625
0 0.325 0.259375 0.009375 0.0140625
0 0.340625 0.2609375 0.009375 0.02109375
0 0.1375 0.278125 0.028125 0.034375
0 0.01328125 0.290625 0.02578125 0.04140625
0 0.440625 0.259375 0.0125 0.0140625
0 0.4515625 0.259375 0.01171875 0.0140625
0 0.46640625 0.265625 0.01484375 0.01796875
0 0.315625 0.265625 0.0171875 0.021875
0 0.3953125 0.259375 0.0140625 0.021875
0 0.40703125 0.2609375 0.0078125 0.02109375
0 0.3609375 0.2828125 0.059375 0.071875
0 0.234375 0.2671875 0.040625 0.04140625
0 0.17109375 0.2796875 0.03046875 0.025
0 0.0984375 0.28046875 0.06328125 0.053125
0 0.2671875 0.26953125 0.02578125 0.02890625
3 0.7 0.1625 0.02109375 0.0390625
3 0.6984375 0.2046875 0.01640625 0.0375
3 0.6203125 0.221875 0.01015625 0.02109375
3 0.21875 0.17890625 0.02109375 0.04296875