2 0.13125 0.3125 0.02265625 0.07109375
3 0.7515625 0.31796875 0.015625 0.0484375
3 0.76875 0.38671875 0.0359375 0.0234375
3 0.51484375 0.47578125 0.01171875 0.04296875
3 0.759375 0.471875 0.015625 0.0609375
2 0.74375 0.52265625 0.0171875 0.03359375
0 0.90078125 0.653125 0.15625 0.103125
0 0.94453125 0.6578125 0.1109375 0.115625
0 0.4171875 0.5546875 0.0171875 0.01796875
0 0.40859375 0.565625 0.0140625 0.028125
0 0.39453125 0.57734375 0.0171875 0.0359375
0 0.3796875 0.58515625 0.0171875 0.05390625
0 0.3515625 0.609375 0.03515625 0.06796875
0 0.3296875 0.615625 0.05546875 0.07109375
0 0.4421875 0.55234375 0.01328125 0.025
0 0.4578125 0.5640625 0.02265625 0.04296875
0 0.4734375 0.578125 0.02421875 0.040625
0 0.4953125 0.60390625 0.02734375 0.053125
0 0.521875 0.61796875 0.05859375 0.075
0 0.0578125 0.58671875 0.115625 0.1015625
0 0.36640625 0.603125 0.0234375 0.05390625
0 0.490625 0.596875 0.0265625 0.04453125