3 0.83828125 0.34765625 0.04375 0.0734375
3 0.8578125 0.421875 0.02109375 0.040625
3 0.8171875 0.43125 0.0109375 0.025
3 0.53515625 0.340625 0.0828125 0.075
3 0.44453125 0.334375 0.08828125 0.08203125
3 0.36875 0.4453125 0.01328125 0.03359375
3 0.2109375 0.30078125 0.009375 0.01640625
2 0.5125 0.453125 0.0078125 0.0140625
2 0.54296875 0.4609375 0.00703125 0.0125
2 0.4890625 0.45390625 0.00703125 0.0109375
0 0.440625 0.4765625 0.0265625 0.05390625
0 0.5875 0.4921875 0.08671875 0.12890625
0 0.4171875 0.521875 0.08515625 0.11953125
0 0.6984375 0.521875 0.1625 0.1625