0 0.01875 0.46640625 0.0359375 0.02109375
0 0.140625 0.478125 0.078125 0.05546875
0 0.22109375 0.47265625 0.0546875 0.0375
0 0.5796875 0.4515625 0.0640625 0.0515625
0 0.6375 0.45625 0.10390625 0.05703125
0 0.7390625 0.4359375 0.04921875 0.0359375
0 0.7890625 0.43515625 0.05625 0.04453125
0 0.8828125 0.43125 0.059375 0.04609375
0 0.82890625 0.4265625 0.0390625 0.04453125
0 0.8515625 0.415625 0.01640625 0.01953125
0 0.91171875 0.4140625 0.0328125 0.0265625
0 0.95390625 0.42578125 0.07734375 0.05390625
0 0.98984375 0.42109375 0.0171875 0.04453125
0 0.52578125 0.4484375 0.05234375 0.04609375
0 0.49765625 0.4421875 0.0140625 0.0265625
0 0.34375 0.4703125 0.08828125 0.05
0 0.4625 0.48125 0.0671875 0.1109375
0 0.403125 0.4640625 0.0546875 0.0484375
2 0.27734375 0.1796875 0.0140625 0.06640625
2 0.475 0.12734375 0.01640625 0.07890625
2 0.5328125 0.3046875 0.00703125 0.03046875
2 0.4140625 0.30859375 0.01015625 0.04453125
2 0.6359375 0.37109375 0.0140625 0.0265625
2 0.5875 0.40234375 0.0078125 0.02109375
2 0.5109375 0.40390625 0.00625 0.01796875
2 0.35 0.4140625 0.00703125 0.01640625
2 0.165625 0.39921875 0.01484375 0.0234375
3 0.55078125 0.40859375 0.01171875 0.01953125
2 0.5765625 0.23125 0.0125 0.0484375
2 0.7265625 0.1203125 0.03046875 0.1140625
2 0.76171875 0.321875 0.04296875 0.0609375
2 0.45625 0.13125 0.021875 0.08046875
3 0.8109375 0.29921875 0.01171875 0.0234375
2 0.60625 0.3734375 0.01328125 0.02890625
3 0.9734375 0.2234375 0.02578125 0.0390625
3 0.975 0.26484375 0.04765625 0.025
3 0.35078125 0.3671875 0.01640625 0.00859375