2 0.70234375 0.38828125 0.00625 0.0265625
2 0.54375 0.3796875 0.00546875 0.01953125
2 0.5765625 0.390625 0.00625 0.02109375
2 0.35 0.3609375 0.009375 0.01953125
3 0.33125 0.3609375 0.01875 0.01953125
3 0.55859375 0.38359375 0.0171875 0.0109375
3 0.696875 0.30703125 0.0390625 0.0625
0 0.31796875 0.41875 0.0109375 0.01640625
0 0.30625 0.4171875 0.015625 0.01953125
0 0.29140625 0.41640625 0.01875 0.0265625
0 0.2734375 0.41875 0.0234375 0.034375
0 0.253125 0.4171875 0.0265625 0.0375
0 0.2375 0.42734375 0.02890625 0.03359375
0 0.22109375 0.421875 0.0171875 0.03359375
0 0.1890625 0.41875 0.03984375 0.0484375
0 0.521875 0.4390625 0.025 0.04140625
0 0.5453125 0.4359375 0.01171875 0.0234375
0 0.61875 0.4515625 0.015625 0.0265625
0 0.6921875 0.4578125 0.02109375 0.03359375
0 0.715625 0.459375 0.03046875 0.028125
0 0.73828125 0.478125 0.04765625 0.05703125
0 0.8015625 0.478125 0.05546875 0.084375
0 0.88203125 0.49609375 0.10546875 0.09609375
0 0.5546875 0.4421875 0.0234375 0.040625
0 0.58671875 0.440625 0.01875 0.028125
0 0.95 0.5265625 0.09921875 0.10546875
0 0.1125 0.54453125 0.22421875 0.44609375