3 0.37265625 0.36875 0.015625 0.05
3 0.3984375 0.36640625 0.00703125 0.015625
3 0.4109375 0.37265625 0.009375 0.015625
3 0.5078125 0.35859375 0.01640625 0.03203125
3 0.503125 0.39921875 0.00859375 0.0140625
3 0.5 0.365625 0.009375 0.015625
2 0.4328125 0.38515625 0.00625 0.01640625
3 0.4859375 0.378125 0.0078125 0.02109375
3 0.2828125 0.409375 0.02109375 0.03359375
3 0.28125 0.28828125 0.04296875 0.14453125
3 0.475 0.40625 0.0125 0.015625
0 0.4265625 0.4015625 0.0109375 0.01640625
0 0.39921875 0.40234375 0.015625 0.025
0 0.384375 0.41015625 0.01875 0.01953125
0 0.3640625 0.4109375 0.01953125 0.025
0 0.4109375 0.40703125 0.01875 0.0265625
0 0.4421875 0.41015625 0.01484375 0.015625
0 0.42890625 0.428125 0.01796875 0.0375
0 0.4578125 0.4375 0.04140625 0.05859375
0 0.7609375 0.471875 0.20390625 0.121875
0 0.0890625 0.53671875 0.178125 0.4171875
0 0.5625 0.5171875 0.1828125 0.2234375
3 0.284375 0.440625 0.02578125 0.034375