2 0.346875 0.325 0.00859375 0.0390625
2 0.5625 0.31953125 0.00703125 0.028125
2 0.20625 0.4328125 0.009375 0.0234375
2 0.053125 0.43359375 0.01328125 0.02109375
2 0.1953125 0.4328125 0.00703125 0.01953125
2 0.86328125 0.359375 0.0140625 0.034375
2 0.7125 0.4109375 0.009375 0.01953125
2 0.70390625 0.41328125 0.009375 0.01953125
3 0.196875 0.4015625 0.01796875 0.0125
3 0.190625 0.378125 0.01640625 0.0125
3 0.26640625 0.340625 0.03984375 0.01953125
3 0.56953125 0.384375 0.03828125 0.025
3 0.6359375 0.3296875 0.02578125 0.025
3 0.83515625 0.2875 0.01796875 0.0234375
3 0.646875 0.41875 0.0109375 0.02109375
3 0.634375 0.421875 0.01171875 0.028125
3 0.5984375 0.4171875 0.01171875 0.0109375
3 0.5703125 0.4453125 0.009375 0.015625
1 0.175 0.5046875 0.015625 0.053125
1 0.31875 0.4921875 0.0109375 0.0625
0 0.4953125 0.47265625 0.0109375 0.0234375
0 0.48203125 0.47890625 0.02421875 0.0359375
0 0.4640625 0.47265625 0.01328125 0.03203125
0 0.4578125 0.4890625 0.02265625 0.046875
0 0.5734375 0.47421875 0.009375 0.02890625
0 0.61015625 0.46875 0.021875 0.028125
0 0.6671875 0.47109375 0.01953125 0.028125
0 0.74453125 0.4859375 0.05 0.053125
0 0.7640625 0.4765625 0.040625 0.046875
0 0.82265625 0.4859375 0.071875 0.075
0 0.859375 0.484375 0.06015625 0.07890625
0 0.634375 0.484375 0.0453125 0.0640625
0 0.690625 0.50234375 0.0671875 0.08046875
0 0.5359375 0.490625 0.07421875 0.13046875
0 0.921875 0.5328125 0.1546875 0.2359375
2 0.83203125 0.36484375 0.0109375 0.0390625