0 0.4703125 0.5890625 0.00859375 0.02109375
0 0.46015625 0.59140625 0.01796875 0.02109375
0 0.4203125 0.60078125 0.04765625 0.05
0 0.3703125 0.609375 0.0390625 0.07109375
0 0.334375 0.621875 0.07890625 0.103125
0 0.796875 0.59140625 0.07734375 0.053125
0 0.8390625 0.59609375 0.0875 0.06640625
0 0.25078125 0.628125 0.1296875 0.16953125
0 0.9765625 0.6828125 0.04140625 0.140625
3 0.5109375 0.5640625 0.01640625 0.01796875
3 0.5453125 0.553125 0.00859375 0.0234375
3 0.58203125 0.54140625 0.00859375 0.02109375
2 0.5328125 0.546875 0.00859375 0.03203125
2 0.4671875 0.54765625 0.00859375 0.0234375
3 0.0625 0.57109375 0.0328125 0.06640625