2 0.478125 0.2265625 0.01328125 0.05546875
2 0.525 0.35078125 0.0078125 0.04453125
2 0.4796875 0.328125 0.00703125 0.03203125
2 0.415625 0.2234375 0.015625 0.0640625
2 0.39453125 0.3125 0.01171875 0.0359375
3 0.4796875 0.18828125 0.0109375 0.0140625
3 0.41328125 0.18203125 0.01015625 0.01640625
3 0.3953125 0.2875 0.0109375 0.0140625
3 0.44375 0.2234375 0.02890625 0.0140625
0 0.728125 0.471875 0.04765625 0.1265625
0 0.48828125 0.490625 0.0796875 0.125
0 0.06484375 0.48828125 0.11171875 0.06796875
2 0.19453125 0.41484375 0.0078125 0.0265625
2 0.20625 0.4015625 0.00625 0.04296875
2 0.1875 0.309375 0.015625 0.0515625
0 0.39140625 0.54453125 0.18203125 0.25390625