0 0.34375 0.47578125 0.0140625 0.0265625
0 0.3546875 0.48125 0.021875 0.0375
0 0.3765625 0.46796875 0.0140625 0.021875
0 0.3984375 0.4625 0.0265625 0.05703125
0 0.421875 0.475 0.021875 0.0390625
0 0.43828125 0.47890625 0.015625 0.0265625
0 0.53671875 0.5 0.03828125 0.075
0 0.253125 0.47578125 0.009375 0.01953125
0 0.24375 0.48046875 0.0125 0.01640625
0 0.2296875 0.484375 0.01484375 0.025
0 0.178125 0.49375 0.0109375 0.028125
0 0.15625 0.50078125 0.0328125 0.03203125
0 0.115625 0.515625 0.02109375 0.03046875
0 0.09921875 0.5265625 0.0296875 0.04453125
0 0.0703125 0.52734375 0.03984375 0.05
0 0.0453125 0.540625 0.04296875 0.04453125
0 0.3484375 0.51015625 0.03828125 0.05
0 0.68125 0.51953125 0.065625 0.09453125
0 0.7 0.540625 0.0671875 0.1375
0 0.846875 0.58046875 0.2859375 0.39453125
0 0.5953125 0.509375 0.12578125 0.14453125
2 0.453125 0.3796875 0.009375 0.028125
2 0.4609375 0.3765625 0.00703125 0.03046875
2 0.3 0.4171875 0.00859375 0.0125
3 0.55 0.4171875 0.0171875 0.015625
3 0.6390625 0.40703125 0.01171875 0.009375
0 0.196875 0.4875 0.01015625 0.025
0 0.21875 0.48046875 0.01171875 0.021875