2 0.45390625 0.40859375 0.01484375 0.06796875
2 0.17109375 0.446875 0.01484375 0.05546875
2 0.6078125 0.6078125 0.01875 0.02890625
2 0.43359375 0.4125 0.0171875 0.05859375
1 0.9703125 0.765625 0.0515625 0.15390625
1 0.5484375 0.70078125 0.0109375 0.05
1 0.53671875 0.69609375 0.01484375 0.0640625
3 0.5859375 0.51328125 0.0328125 0.02109375
0 0.42421875 0.70234375 0.0234375 0.065625
0 0.409375 0.69375 0.02421875 0.0609375
2 0.3609375 0.62734375 0.00703125 0.02109375
0 0.359375 0.66640625 0.0578125 0.02890625
0 0.2859375 0.69375 0.01328125 0.046875
0 0.3046875 0.71015625 0.040625 0.06953125
0 0.27578125 0.6921875 0.01953125 0.046875
0 0.03203125 0.734375 0.06015625 0.13046875
0 0.146875 0.74453125 0.19375 0.23359375
0 0.35859375 0.76953125 0.1421875 0.2015625
0 0.9109375 0.73046875 0.1765625 0.1234375