0 0.0625 0.42578125 0.12421875 0.1640625
0 0.0671875 0.384375 0.13359375 0.1125
0 0.3828125 0.4234375 0.50546875 0.59296875
0 0.96953125 0.3515625 0.05859375 0.09296875
0 0.6390625 0.4 0.1359375 0.19609375
0 0.7375 0.340625 0.090625 0.0640625
0 0.765625 0.38125 0.1296875 0.1390625
0 0.8890625 0.371875 0.12265625 0.0890625
3 0.19296875 0.13203125 0.05625 0.115625
3 0.853125 0.26328125 0.015625 0.03203125
3 0.215625 0.1390625 0.03359375 0.1109375
2 0.95625 0.21796875 0.00859375 0.0265625
2 0.9859375 0.221875 0.00625 0.02890625
3 0.8578125 0.28515625 0.01171875 0.01640625
2 0.9734375 0.221875 0.00546875 0.021875