0 0.39921875 0.44453125 0.01171875 0.021875
0 0.41640625 0.446875 0.01875 0.03359375
0 0.5265625 0.459375 0.078125 0.1375
0 0.58984375 0.50234375 0.1203125 0.1640625
0 0.7484375 0.5359375 0.2390625 0.27890625
0 0.9140625 0.56171875 0.17109375 0.4265625
0 0.34765625 0.43125 0.05234375 0.06640625
3 0.434375 0.40546875 0.0140625 0.021875
3 0.48125 0.378125 0.0203125 0.03203125
0 0.4703125 0.45390625 0.0453125 0.1625
0 0.471875 0.48671875 0.05078125 0.1265625
3 0.22890625 0.346875 0.021875 0.0265625
3 0.24609375 0.3421875 0.0125 0.0265625
0 0.3859375 0.2875 0.003125 0.00546875