3 0.19375 0.41875 0.0296875 0.0609375
3 0.728125 0.421875 0.06484375 0.07890625
3 0.65546875 0.4703125 0.01640625 0.021875
3 0.665625 0.4359375 0.02890625 0.01640625
3 0.8015625 0.4234375 0.01796875 0.01640625
2 0.3625 0.4265625 0.01796875 0.04609375
2 0.39140625 0.515625 0.009375 0.0265625
2 0.415625 0.48828125 0.009375 0.01953125
2 0.47265625 0.48515625 0.0109375 0.0234375
2 0.5859375 0.38984375 0.01875 0.0515625
3 0.365625 0.5 0.01484375 0.02890625
3 0.384375 0.49921875 0.0125 0.0265625
3 0.41640625 0.509375 0.0078125 0.015625
3 0.440625 0.5078125 0.00546875 0.015625
2 0.02890625 0.359375 0.01171875 0.05
2 0.01171875 0.359375 0.01484375 0.0484375
2 0.3125 0.4828125 0.00859375 0.01796875
2 0.5703125 0.384375 0.0109375 0.04609375
2 0.7953125 0.4671875 0.02890625 0.0359375
0 0.0890625 0.56484375 0.075 0.07109375
0 0.1640625 0.55625 0.09140625 0.0875
0 0.3578125 0.55078125 0.01640625 0.0234375
0 0.37734375 0.54609375 0.02421875 0.03203125
0 0.403125 0.54296875 0.025 0.03203125
0 0.42265625 0.53828125 0.0203125 0.028125
0 0.46953125 0.53203125 0.0140625 0.021875
0 0.5109375 0.58359375 0.103125 0.14609375
2 0.2015625 0.24140625 0.0171875 0.09609375
2 0.6640625 0.484375 0.00859375 0.015625