1 0.03125 0.4109375 0.0234375 0.03359375
1 0.75625 0.47421875 0.015625 0.09296875
1 0.7171875 0.4609375 0.015625 0.09140625
1 0.540625 0.453125 0.00859375 0.021875
1 0.57109375 0.45625 0.00546875 0.05
1 0.57890625 0.453125 0.01171875 0.07109375
1 0.6 0.45234375 0.009375 0.0609375
1 0.63203125 0.475 0.01015625 0.0640625
1 0.63984375 0.4640625 0.0140625 0.08359375
1 0.6515625 0.465625 0.0125 0.08359375
1 0.7421875 0.465625 0.01875 0.115625
1 0.2265625 0.42421875 0.00703125 0.034375
1 0.234375 0.42578125 0.00703125 0.02890625
1 0.24140625 0.42734375 0.00625 0.02890625
1 0.25 0.434375 0.00859375 0.05
1 0.615625 0.478125 0.03203125 0.1640625
0 0.7828125 0.51484375 0.04609375 0.0875
1 0.8328125 0.503125 0.02109375 0.140625
0 0.05 0.5046875 0.09921875 0.16640625
0 0.1078125 0.459375 0.1375 0.146875
0 0.52265625 0.45234375 0.015625 0.06640625
0 0.4375 0.43671875 0.025 0.040625
0 0.3921875 0.43828125 0.0125 0.02109375
0 0.3640625 0.43359375 0.009375 0.0265625
0 0.3765625 0.4375 0.02265625 0.02890625
0 0.2796875 0.43984375 0.0296875 0.04453125
0 0.328125 0.45703125 0.0859375 0.153125
0 0.409375 0.440625 0.0328125 0.05703125
0 0.48125 0.45390625 0.08046875 0.1234375
2 0.4796875 0.2875 0.01015625 0.028125
2 0.196875 0.3765625 0.0109375 0.01640625
2 0.33046875 0.29296875 0.00859375 0.03203125
2 0.0953125 0.35625 0.01640625 0.028125
2 0.1140625 0.35703125 0.00859375 0.02890625
3 0.109375 0.296875 0.028125 0.01953125
3 0.215625 0.32265625 0.00859375 0.015625
3 0.20390625 0.328125 0.009375 0.0125
3 0.21015625 0.3421875 0.01953125 0.0125
3 0.50859375 0.3 0.02109375 0.03359375
3 0.70625 0.34375 0.01171875 0.0734375
2 0.63828125 0.37578125 0.01796875 0.025
2 0.39375 0.38515625 0.0078125 0.01796875
2 0.53515625 0.4109375 0.0078125 0.015625
2 0.61875 0.259375 0.009375 0.04453125
2 0.47421875 0.290625 0.00625 0.03203125
1 0.6609375 0.465625 0.009375 0.0609375
3 0.559375 0.30625 0.015625 0.0140625