2 0.4625 0.259375 0.009375 0.0359375
2 0.53125 0.2703125 0.00703125 0.034375
2 0.3453125 0.24140625 0.01484375 0.04296875
2 0.3859375 0.246875 0.01015625 0.0390625
2 0.4140625 0.25 0.01171875 0.0375
2 0.2640625 0.23359375 0.009375 0.04296875
3 0.80234375 0.240625 0.03359375 0.03359375
3 0.8 0.28984375 0.046875 0.0640625
0 0.33828125 0.43203125 0.0984375 0.12890625
2 0.2546875 0.3359375 0.0109375 0.028125
0 0.165625 0.503125 0.31484375 0.28359375
0 0.484375 0.52109375 0.29453125 0.45390625
2 0.4875 0.2625 0.01015625 0.040625
3 0.5953125 0.353125 0.00546875 0.03203125