2 0.25 0.25078125 0.0140625 0.05390625
2 0.51875 0.20703125 0.0171875 0.0625
2 0.49765625 0.21015625 0.02109375 0.0625
2 0.040625 0.39921875 0.00703125 0.0390625
2 0.01640625 0.403125 0.01484375 0.03359375
2 0.565625 0.40625 0.01640625 0.03203125
2 0.553125 0.4078125 0.0078125 0.0234375
3 0.0296875 0.30390625 0.0359375 0.01796875
3 0.04375 0.3609375 0.0140625 0.0265625
2 0.3 0.38984375 0.01328125 0.0265625
2 0.55625 0.34453125 0.01640625 0.01953125
2 0.56015625 0.315625 0.0171875 0.01796875
3 0.546875 0.2546875 0.028125 0.059375
0 0.4 0.48515625 0.0234375 0.05390625
0 0.325 0.4890625 0.015625 0.046875
0 0.3125 0.49140625 0.0265625 0.05546875
0 0.3 0.49609375 0.0265625 0.0640625
0 0.26484375 0.49921875 0.06484375 0.08203125
0 0.36328125 0.49140625 0.07265625 0.09140625
0 0.4546875 0.4953125 0.06640625 0.09609375
0 0.11171875 0.5984375 0.2234375 0.31640625
1 0.84765625 0.48828125 0.01640625 0.09140625
1 0.80625 0.4890625 0.03203125 0.09296875
1 0.7484375 0.490625 0.0203125 0.0859375
1 0.9125 0.59453125 0.06640625 0.32890625
0 0.92265625 0.5265625 0.1546875 0.1625
1 0.6578125 0.5078125 0.03359375 0.1234375
1 0.60625 0.5265625 0.0140625 0.06796875
1 0.61875 0.503125 0.02890625 0.13203125
1 0.584375 0.50546875 0.0140625 0.09453125
1 0.5703125 0.49765625 0.01796875 0.1109375
1 0.509375 0.51484375 0.0109375 0.0984375
1 0.5 0.49140625 0.01171875 0.08046875
1 0.49375 0.5015625 0.01328125 0.09296875
1 0.2140625 0.49453125 0.01484375 0.06796875