2 0.428125 0.453125 0.00859375 0.021875
2 0.40390625 0.471875 0.00390625 0.01953125
2 0.3046875 0.4421875 0.00703125 0.01953125
3 0.5953125 0.496875 0.01015625 0.01953125
3 0.6 0.440625 0.015625 0.01796875
3 0.596875 0.396875 0.01640625 0.028125
0 0.371875 0.503125 0.0125 0.01796875
0 0.359375 0.5046875 0.0125 0.015625
0 0.3484375 0.5046875 0.0125 0.01953125
0 0.340625 0.50703125 0.0109375 0.01953125
0 0.33125 0.51953125 0.0234375 0.03046875
0 0.315625 0.51171875 0.0109375 0.01796875
0 0.396875 0.5046875 0.01015625 0.01953125
0 0.41875 0.51171875 0.02421875 0.04609375
0 0.3890625 0.5140625 0.01875 0.034375
0 0.2859375 0.503125 0.05625 0.10390625
0 0.48671875 0.52265625 0.015625 0.040625
0 0.5 0.53125 0.0171875 0.0515625
0 0.5265625 0.53125 0.0515625 0.08046875
0 0.559375 0.553125 0.05078125 0.0734375
0 0.59375 0.56171875 0.05859375 0.08203125
0 0.70234375 0.56953125 0.1828125 0.2015625
0 0.884375 0.66484375 0.23046875 0.2984375
0 0.4578125 0.509375 0.059375 0.13046875