2 0.3953125 0.36015625 0.0078125 0.0265625
2 0.5859375 0.396875 0.0078125 0.03203125
2 0.4984375 0.403125 0.00703125 0.021875
3 0.375 0.35625 0.01953125 0.01640625
3 0.7515625 0.421875 0.0140625 0.03203125
2 0.35546875 0.359375 0.0078125 0.0265625
2 0.5390625 0.4 0.0078125 0.03046875
2 0.6015625 0.378125 0.0078125 0.02890625
2 0.5921875 0.41875 0.009375 0.01640625
2 0.4734375 0.403125 0.00703125 0.025
3 0.48515625 0.40703125 0.0125 0.01640625
1 0.7703125 0.4921875 0.021875 0.08203125
0 0.346875 0.478125 0.0171875 0.025
0 0.3234375 0.48671875 0.03046875 0.04140625
0 0.296875 0.484375 0.040625 0.0625
0 0.2765625 0.4953125 0.0328125 0.05546875
0 0.4296875 0.47109375 0.01328125 0.034375
0 0.4171875 0.47265625 0.01015625 0.021875
0 0.3953125 0.47734375 0.00546875 0.021875
0 0.57265625 0.5015625 0.04921875 0.084375
0 0.61015625 0.4953125 0.046875 0.05546875
0 0.4921875 0.55625 0.16953125 0.2640625
0 0.40625 0.471875 0.0203125 0.0359375
0 0.6890625 0.5015625 0.084375 0.10390625
0 0.87890625 0.53984375 0.2421875 0.37109375
0 0.01953125 0.484375 0.0390625 0.06953125
0 0.0234375 0.5484375 0.046875 0.12890625