0 0.43359375 0.49140625 0.01953125 0.021875
0 0.4203125 0.49453125 0.01171875 0.02109375
0 0.4109375 0.49375 0.0171875 0.021875
0 0.40078125 0.49375 0.028125 0.0265625
0 0.38828125 0.496875 0.0328125 0.0234375
0 0.3703125 0.496875 0.03125 0.0375
0 0.3546875 0.49765625 0.046875 0.03046875
0 0.3515625 0.4984375 0.03828125 0.02890625
0 0.328125 0.5 0.0234375 0.03046875
0 0.3234375 0.51015625 0.0140625 0.021875
0 0.515625 0.49609375 0.00546875 0.021875
0 0.5109375 0.4953125 0.0078125 0.01953125
0 0.4984375 0.49765625 0.025 0.04296875
0 0.5515625 0.49609375 0.0171875 0.03046875
0 0.553125 0.49765625 0.01171875 0.0265625
0 0.559375 0.50234375 0.01171875 0.0265625
0 0.57734375 0.5046875 0.0265625 0.0390625
0 0.66171875 0.5203125 0.07265625 0.109375
0 0.7296875 0.53203125 0.11953125 0.15703125
0 0.87578125 0.56796875 0.2484375 0.3015625