0 0.1953125 0.6203125 0.38984375 0.5609375
2 0.16796875 0.065625 0.0265625 0.0984375
2 0.1984375 0.065625 0.028125 0.1109375
0 0.39375 0.50625 0.02578125 0.0359375
0 0.4453125 0.51484375 0.0421875 0.05546875
0 0.478125 0.51015625 0.0203125 0.04296875
0 0.490625 0.51640625 0.02109375 0.053125
0 0.50234375 0.5203125 0.01875 0.0640625
0 0.53515625 0.52265625 0.06015625 0.09453125
1 0.8375 0.553125 0.03515625 0.15859375
1 0.90234375 0.56640625 0.059375 0.18359375
1 0.6046875 0.52265625 0.0171875 0.08359375
0 0.88828125 0.55859375 0.02890625 0.05546875
2 0.9453125 0.375 0.028125 0.04609375
2 0.99375 0.465625 0.003125 0.00390625
2 0.90625 0.3765625 0.01484375 0.04140625