2 0.4859375 0.378125 0.00546875 0.021875
2 0.540625 0.403125 0.00625 0.0234375
2 0.39453125 0.378125 0.0046875 0.021875
2 0.3875 0.38046875 0.00625 0.02109375
2 0.3359375 0.421875 0.0046875 0.01953125
2 0.284375 0.4421875 0.00703125 0.01953125
3 0.28125 0.41640625 0.01328125 0.0140625
3 0.546875 0.42578125 0.01015625 0.015625
3 0.621875 0.45546875 0.00703125 0.0125
3 0.609375 0.45078125 0.00546875 0.0125
0 0.4609375 0.490625 0.0109375 0.028125
0 0.52890625 0.4828125 0.021875 0.0234375
0 0.559375 0.48671875 0.01875 0.0265625
0 0.58046875 0.5125 0.0546875 0.08359375
0 0.59375 0.52734375 0.04375 0.09140625
0 0.63203125 0.53515625 0.08359375 0.1140625
0 0.359375 0.50234375 0.02734375 0.034375
0 0.3875 0.5015625 0.0359375 0.04296875
0 0.7171875 0.5546875 0.14375 0.175
0 0.859375 0.6328125 0.28125 0.2765625
0 0.31875 0.5171875 0.06171875 0.075
0 0.478125 0.50234375 0.03828125 0.05546875
2 0.57421875 0.42890625 0.00625 0.01796875
2 0.54609375 0.446875 0.00859375 0.01640625
2 0.5921875 0.428125 0.00546875 0.01640625
3 0.9765625 0.2796875 0.04453125 0.05703125