3 0.1015625 0.41640625 0.04921875 0.0875
3 0.8515625 0.265625 0.02578125 0.025
3 0.8359375 0.3140625 0.0421875 0.03203125
0 0.61015625 0.5390625 0.01796875 0.0359375
0 0.6453125 0.55234375 0.04921875 0.09609375
0 0.171875 0.571875 0.0921875 0.096875
0 0.5015625 0.534375 0.01171875 0.034375
0 0.47421875 0.546875 0.0265625 0.05703125
0 0.415625 0.56484375 0.05625 0.07890625
0 0.34140625 0.58515625 0.09453125 0.11796875
0 0.6859375 0.5734375 0.0828125 0.09296875
0 0.44921875 0.54921875 0.028125 0.071875