3 0.56015625 0.32890625 0.0203125 0.04140625
3 0.584375 0.3625 0.01171875 0.0375
2 0.259375 0.3484375 0.01640625 0.034375
2 0.425 0.28046875 0.0203125 0.04140625
2 0.5640625 0.27890625 0.0203125 0.04140625
2 0.03671875 0.35078125 0.0109375 0.0125
0 0.4140625 0.434375 0.04765625 0.0640625
0 0.80703125 0.440625 0.159375 0.096875
0 0.1375 0.415625 0.05625 0.0609375
0 0.5328125 0.41640625 0.053125 0.05
0 0.59375 0.415625 0.0484375 0.05859375
0 0.940625 0.45546875 0.11796875 0.11796875
0 0.04140625 0.41171875 0.0828125 0.10546875