0 0.1390625 0.55703125 0.27734375 0.20546875
0 0.65703125 0.5265625 0.28046875 0.3265625
0 0.021875 0.45390625 0.04375 0.1140625
0 0.0453125 0.3921875 0.0484375 0.046875
0 0.10625 0.36953125 0.07109375 0.01953125
0 0.26171875 0.47578125 0.1109375 0.15390625
0 0.32109375 0.41796875 0.059375 0.10703125
0 0.3640625 0.3984375 0.0203125 0.04609375
0 0.4796875 0.4265625 0.04140625 0.10859375
0 0.946875 0.44765625 0.1015625 0.115625
1 0.915625 0.4578125 0.03671875 0.06953125
1 0.878125 0.51875 0.0359375 0.2390625
1 0.8046875 0.52578125 0.025 0.284375
1 0.7703125 0.4453125 0.0234375 0.109375
1 0.7859375 0.4078125 0.0171875 0.09296875
1 0.74375 0.43671875 0.0125 0.096875
1 0.728125 0.4359375 0.02265625 0.1125
1 0.7109375 0.42578125 0.01640625 0.0859375
1 0.678125 0.415625 0.01953125 0.0765625
1 0.690625 0.4078125 0.01328125 0.078125
1 0.76875 0.36015625 0.01015625 0.04140625
0 0.41015625 0.43828125 0.109375 0.15390625
0 0.20625 0.37421875 0.0265625 0.01796875
0 0.25 0.375 0.02578125 0.021875
2 0.45 0.07890625 0.0125 0.08203125
2 0.6328125 0.1953125 0.00859375 0.05390625
2 0.42734375 0.08359375 0.015625 0.07109375
3 0.615625 0.1484375 0.03046875 0.028125
3 0.6453125 0.2421875 0.04296875 0.025
3 0.875 0.0609375 0.0984375 0.115625
2 0.13125 0.3203125 0.0140625 0.034375
2 0.11328125 0.31640625 0.01953125 0.03046875
2 0.634375 0.3203125 0.021875 0.0390625
0 0.471875 0.3765625 0.01796875 0.0390625