3 0.9203125 0.171875 0.0625 0.046875
3 0.96640625 0.26640625 0.04765625 0.01640625
2 0.38203125 0.01875 0.03515625 0.0375
2 0.021875 0.29375 0.01328125 0.0640625
2 0.9578125 0.32421875 0.0171875 0.06953125
0 0.2515625 0.60078125 0.20390625 0.19609375
0 0.4875 0.546875 0.0734375 0.0984375
0 0.54765625 0.525 0.040625 0.05546875
0 0.7890625 0.57578125 0.1484375 0.159375
0 0.421875 0.5109375 0.0515625 0.0765625
0 0.33828125 0.52890625 0.01953125 0.05
0 0.709375 0.553125 0.07890625 0.0890625
0 0.66328125 0.534375 0.075 0.090625
0 0.62421875 0.52890625 0.034375 0.05390625
0 0.6046875 0.51484375 0.04609375 0.05546875
0 0.58125 0.51640625 0.0125 0.0484375
0 0.56875 0.51171875 0.01171875 0.04296875
0 0.4859375 0.4890625 0.03125 0.02109375
0 0.5203125 0.5015625 0.01640625 0.02890625
0 0.4484375 0.49765625 0.01484375 0.0359375
0 0.46015625 0.49453125 0.01171875 0.03359375