0 0.3875 0.47578125 0.06953125 0.09609375
0 0.5265625 0.4703125 0.015625 0.0375
0 0.3359375 0.46171875 0.0421875 0.0609375
0 0.30546875 0.4625 0.02421875 0.05
0 0.46875 0.528125 0.13125 0.20546875
3 0.4453125 0.31953125 0.05390625 0.0484375
3 0.49765625 0.321875 0.0328125 0.0359375
3 0.55234375 0.32109375 0.05234375 0.05
3 0.59375 0.315625 0.01796875 0.0484375
3 0.3953125 0.4046875 0.01796875 0.03203125
3 0.4359375 0.409375 0.009375 0.01796875
3 0.434375 0.42421875 0.0046875 0.0140625
3 0.615625 0.384375 0.01796875 0.03359375
3 0.53828125 0.428125 0.00703125 0.0140625
3 0.3078125 0.3390625 0.09140625 0.0515625
0 0.15703125 0.5 0.3140625 0.35390625
2 0.584375 0.4203125 0.0078125 0.01796875
2 0.6453125 0.41484375 0.009375 0.01953125
2 0.53984375 0.41640625 0.0078125 0.01953125
2 0.48984375 0.41953125 0.0078125 0.01640625