2 0.26953125 0.30546875 0.01484375 0.04453125
2 0.225 0.41328125 0.0140625 0.025
2 0.1640625 0.45703125 0.0109375 0.01953125
2 0.178125 0.45703125 0.01171875 0.0265625
2 0.125 0.434375 0.01484375 0.025
2 0.33828125 0.309375 0.01484375 0.0484375
2 0.409375 0.41640625 0.00625 0.02109375
2 0.36484375 0.421875 0.00703125 0.02109375
2 0.35234375 0.30546875 0.01328125 0.046875
2 0.2828125 0.30234375 0.0109375 0.046875
2 0.290625 0.43828125 0.00703125 0.0234375
2 0.2765625 0.47734375 0.015625 0.01640625
2 0.29375 0.48125 0.01171875 0.0140625
2 0.5453125 0.35390625 0.0109375 0.04296875
3 0.54453125 0.39140625 0.0265625 0.01953125
3 0.5453125 0.4125 0.02265625 0.028125
3 0.175 0.33671875 0.02265625 0.02890625
3 0.17578125 0.40625 0.01796875 0.028125
3 0.1765625 0.42890625 0.025 0.01796875
3 0.2765625 0.434375 0.015625 0.015625
1 0.521875 0.5046875 0.009375 0.0234375
1 0.5015625 0.5078125 0.0078125 0.02109375
1 0.528125 0.50703125 0.01484375 0.0234375
1 0.5390625 0.503125 0.009375 0.025
1 0.546875 0.50234375 0.009375 0.0234375
1 0.6109375 0.51328125 0.01796875 0.0484375
1 0.621875 0.51953125 0.01953125 0.0765625
1 0.6375 0.540625 0.021875 0.0875
1 0.7125 0.53515625 0.021875 0.10859375
1 0.75 0.53125 0.0140625 0.09296875
1 0.8546875 0.5375 0.03671875 0.10546875
1 0.740625 0.55625 0.0421875 0.2015625
0 0.4328125 0.5171875 0.0109375 0.028125
0 0.3546875 0.51640625 0.015625 0.0234375
0 0.321875 0.51328125 0.01875 0.02890625
0 0.340625 0.515625 0.01328125 0.01640625
0 0.240625 0.525 0.0234375 0.03046875
0 0.25859375 0.5234375 0.0328125 0.0359375
0 0.09921875 0.54296875 0.0734375 0.0890625
0 0.065625 0.51640625 0.04140625 0.0265625
0 0.4671875 0.51328125 0.0625 0.078125
0 0.640625 0.50859375 0.0578125 0.075
0 0.675 0.5296875 0.06171875 0.09296875
0 0.034375 0.55078125 0.06875 0.14453125
1 0.975 0.628125 0.0453125 0.33359375
0 0.515625 0.6953125 0.2875 0.37109375
0 0.1828125 0.5484375 0.11484375 0.13046875
0 0.2984375 0.53203125 0.04375 0.05703125