2 0.425 0.31328125 0.009375 0.04609375
2 0.4328125 0.315625 0.0125 0.04140625
2 0.2 0.259375 0.01796875 0.07109375
2 0.16875 0.39453125 0.01640625 0.03359375
2 0.796875 0.35078125 0.0203125 0.04296875
3 0.503125 0.3703125 0.0109375 0.0140625
3 0.52265625 0.36875 0.0109375 0.01640625
3 0.46875 0.3734375 0.0109375 0.01640625
3 0.4390625 0.35390625 0.01328125 0.021875
3 0.43125 0.37734375 0.0109375 0.01953125
3 0.3984375 0.35546875 0.01484375 0.0234375
3 0.7734375 0.1140625 0.03828125 0.05546875
3 0.76875 0.16875 0.01875 0.06796875
3 0.78125 0.19765625 0.01640625 0.02890625
3 0.7734375 0.2484375 0.0234375 0.04296875
3 0.8015625 0.2390625 0.01875 0.0390625
3 0.778125 0.32265625 0.03671875 0.10390625
3 0.303125 0.38671875 0.02421875 0.03359375
3 0.1921875 0.35234375 0.0109375 0.0359375
3 0.1921875 0.39609375 0.03125 0.04609375
0 0.45703125 0.4609375 0.01640625 0.03203125
0 0.3984375 0.4734375 0.02578125 0.0359375
0 0.4796875 0.46875 0.0328125 0.0515625
0 0.434375 0.48203125 0.04765625 0.071875
0 0.37421875 0.490625 0.0421875 0.0609375
0 0.3078125 0.5109375 0.09453125 0.11640625
0 0.80546875 0.4890625 0.23515625 0.20390625
0 0.2453125 0.5 0.04375 0.0609375
0 0.1875 0.4984375 0.04609375 0.053125
0 0.146875 0.5 0.0640625 0.0609375
0 0.0703125 0.50859375 0.0875 0.06796875
1 0.63125 0.45 0.01796875 0.0625
3 0.103125 0.390625 0.02421875 0.046875