0 0.95 0.50859375 0.096875 0.6109375
0 0.0859375 0.49921875 0.171875 0.384375
0 0.38125 0.434375 0.090625 0.13203125
0 0.471875 0.41640625 0.028125 0.05
0 0.45078125 0.415625 0.0125 0.040625
0 0.509375 0.41953125 0.02734375 0.04140625
0 0.159375 0.42578125 0.02890625 0.084375
0 0.1921875 0.42265625 0.05234375 0.0765625
0 0.22890625 0.42109375 0.0390625 0.05859375
0 0.26484375 0.41640625 0.034375 0.046875
0 0.29140625 0.415625 0.02890625 0.0375
0 0.3046875 0.4 0.040625 0.03046875
0 0.3328125 0.415625 0.03046875 0.0484375