3 0.43203125 0.33046875 0.03125 0.05390625
3 0.53046875 0.3 0.03046875 0.025
3 0.4828125 0.384375 0.0125 0.04296875
3 0.375 0.33359375 0.01640625 0.0375
0 0.9484375 0.43828125 0.10234375 0.0609375
0 0.5640625 0.403125 0.0328125 0.025
0 0.76171875 0.42890625 0.06328125 0.06640625
2 0.0328125 0.05078125 0.03515625 0.1015625
2 0.065625 0.0390625 0.028125 0.078125
2 0.30859375 0.12109375 0.0390625 0.1125
0 0.828125 0.43125 0.034375 0.0375
0 0.7125 0.41796875 0.01484375 0.02109375
0 0.728125 0.41953125 0.01484375 0.0234375
0 0.6890625 0.41484375 0.01484375 0.0140625
0 0.5828125 0.4265625 0.0703125 0.053125