2 0.0125 0.353125 0.0140625 0.025
2 0.03359375 0.3546875 0.00703125 0.025
2 0.16875 0.1515625 0.01640625 0.05859375
2 0.1375 0.15 0.01015625 0.0515625
2 0.1515625 0.146875 0.01171875 0.065625
2 0.46484375 0.196875 0.009375 0.046875
2 0.47734375 0.19765625 0.01171875 0.04453125
2 0.4546875 0.1953125 0.01015625 0.04140625
2 0.63515625 0.35859375 0.0140625 0.021875
3 0.63125 0.296875 0.0171875 0.0140625
1 0.52734375 0.4359375 0.01640625 0.05703125
1 0.490625 0.428125 0.0078125 0.03203125
1 0.48125 0.42734375 0.00859375 0.03203125
0 0.4734375 0.42578125 0.02890625 0.0265625
0 0.6625 0.45703125 0.046875 0.0609375
0 0.02734375 0.44296875 0.05390625 0.096875
1 0.8359375 0.50546875 0.22890625 0.734375
0 0.44765625 0.41953125 0.015625 0.034375
0 0.3578125 0.440625 0.159375 0.109375
3 0.4765625 0.34921875 0.00703125 0.0140625
3 0.22734375 0.315625 0.0203125 0.0484375