0 0.06484375 0.4 0.128125 0.2375
0 0.15 0.38828125 0.0515625 0.0890625
0 0.1984375 0.38828125 0.0546875 0.06640625
0 0.23046875 0.384375 0.02578125 0.05859375
0 0.246875 0.38828125 0.0171875 0.04140625
3 0.18125 0.33515625 0.01640625 0.025
0 0.3484375 0.38515625 0.02109375 0.021875
0 0.93984375 0.421875 0.11953125 0.0984375
0 0.84140625 0.40625 0.1203125 0.1
0 0.75625 0.396875 0.08046875 0.08203125
0 0.6953125 0.396875 0.06484375 0.071875
0 0.65 0.39140625 0.04453125 0.05390625
0 0.61015625 0.38984375 0.03828125 0.046875
0 0.3765625 0.3765625 0.0171875 0.015625
0 0.3609375 0.38046875 0.01171875 0.02109375
0 0.334375 0.38359375 0.01171875 0.0234375