0 0.54296875 0.62421875 0.025 0.0390625
0 0.46015625 0.62109375 0.02890625 0.040625
0 0.4875 0.615625 0.01328125 0.02109375
0 0.5015625 0.6140625 0.0140625 0.01640625
2 0.45703125 0.58046875 0.00859375 0.01953125
2 0.5109375 0.584375 0.00625 0.01953125
2 0.496875 0.60078125 0.009375 0.01640625
3 0.5859375 0.58046875 0.01171875 0.0234375
3 0.553125 0.584375 0.00859375 0.01640625
3 0.36328125 0.54140625 0.01171875 0.025
3 0.36015625 0.59140625 0.01328125 0.0234375
3 0.3609375 0.56796875 0.01171875 0.01953125
3 0.40625 0.59453125 0.0109375 0.025
3 0.4359375 0.6046875 0.00625 0.01640625
3 0.728125 0.48203125 0.0140625 0.01640625
0 0.3828125 0.61171875 0.0421875 0.02890625
0 0.2796875 0.5984375 0.02890625 0.02109375
0 0.2484375 0.596875 0.015625 0.01640625
0 0.3265625 0.6078125 0.01875 0.02109375