0 0.44765625 0.3640625 0.01640625 0.0375
0 0.396875 0.359375 0.02578125 0.05546875
0 0.42578125 0.3609375 0.0265625 0.040625
0 0.48046875 0.38984375 0.08046875 0.1359375
0 0.365625 0.36875 0.059375 0.1015625
0 0.10234375 0.48671875 0.203125 0.5140625
0 0.17265625 0.3515625 0.05390625 0.0640625
3 0.3984375 0.290625 0.03203125 0.04140625
3 0.61640625 0.26796875 0.0234375 0.021875
3 0.9296875 0.175 0.06796875 0.1265625
2 0.4859375 0.19140625 0.02890625 0.0265625
2 0.60234375 0.2421875 0.02578125 0.03203125
2 0.453125 0.30625 0.0140625 0.01953125
2 0.315625 0.178125 0.025 0.03203125
1 0.5671875 0.37890625 0.021875 0.05703125
2 0.21171875 0.209375 0.01875 0.0390625
2 0.0765625 0.0578125 0.01875 0.0765625
2 0.10234375 0.06484375 0.0203125 0.07109375
2 0.8140625 0.25703125 0.021875 0.0515625
2 0.8265625 0.31796875 0.021875 0.03046875