3 0.1703125 0.63125 0.01953125 0.01640625
3 0.30625 0.72421875 0.015625 0.0140625
3 0.29375 0.73828125 0.0375 0.0390625
3 0.265625 0.6953125 0.015625 0.0140625
3 0.25078125 0.721875 0.04140625 0.06796875
3 0.19609375 0.7078125 0.03671875 0.03359375
3 0.1578125 0.69453125 0.0296875 0.02890625
3 0.1859375 0.684375 0.01484375 0.015625
3 0.1265625 0.6875 0.0328125 0.03203125
3 0.5328125 0.82265625 0.01953125 0.01640625
3 0.678125 0.8125 0.01875 0.02109375
3 0.678125 0.83671875 0.0328125 0.03046875
3 0.403125 0.83359375 0.00703125 0.00703125
3 0.41875 0.83671875 0.00859375 0.00859375
0 0.340625 0.87421875 0.046875 0.0734375
0 0.2328125 0.83359375 0.05703125 0.084375
0 0.47421875 0.91875 0.0453125 0.06796875
0 0.38828125 0.87734375 0.0328125 0.05703125
0 0.26484375 0.83671875 0.02265625 0.0609375
0 0.2828125 0.83828125 0.0171875 0.0390625
0 0.275 0.803125 0.0046875 0.0125
0 0.2828125 0.8046875 0.00703125 0.0109375
0 0.2953125 0.81171875 0.009375 0.0140625
0 0.2875 0.81953125 0.0125 0.0234375
0 0.3390625 0.8359375 0.01875 0.02109375
0 0.3578125 0.84140625 0.015625 0.02109375
0 0.3703125 0.8578125 0.021875 0.0265625
0 0.40625 0.878125 0.015625 0.03203125
0 0.41875 0.88359375 0.02578125 0.0390625
0 0.4375 0.890625 0.03046875 0.04296875
0 0.45 0.9046875 0.028125 0.0515625
0 0.028125 0.75390625 0.01484375 0.02109375
0 0.184375 0.78203125 0.01171875 0.0125
0 0.61328125 0.9359375 0.01328125 0.021875
0 0.828125 0.99296875 0.0625 0.00859375
0 0.7453125 0.97265625 0.0390625 0.0515625
0 0.6671875 0.94765625 0.03359375 0.040625
3 0.89375 0.80390625 0.0359375 0.04453125