2 0.415625 0.29765625 0.01171875 0.0625
2 0.4328125 0.3015625 0.0140625 0.0640625
2 0.8515625 0.484375 0.0140625 0.02890625
2 0.83125 0.48671875 0.01171875 0.025
2 0.35625 0.44921875 0.01640625 0.028125
3 0.3640625 0.37734375 0.02734375 0.0234375
3 0.834375 0.378125 0.02265625 0.01640625
3 0.853125 0.41328125 0.0265625 0.01953125
0 0.234375 0.521875 0.1390625 0.09140625
0 0.57109375 0.54375 0.0109375 0.01953125
0 0.559375 0.54375 0.01171875 0.0234375
0 0.55 0.54140625 0.01953125 0.03203125
0 0.521875 0.55234375 0.03984375 0.053125
0 0.5859375 0.55 0.01328125 0.01953125
0 0.5953125 0.54765625 0.01171875 0.015625
0 0.60625 0.5484375 0.0109375 0.0125
0 0.6203125 0.5484375 0.01953125 0.02109375
0 0.63671875 0.55390625 0.021875 0.03203125
0 0.665625 0.56640625 0.0453125 0.06640625
3 0.48828125 0.4703125 0.0109375 0.01640625
1 0.0328125 0.4546875 0.01953125 0.04140625