0 0.059375 0.38671875 0.08125 0.04609375
3 0.1625 0.30234375 0.01875 0.025
3 0.1640625 0.325 0.01640625 0.0125
2 0.24921875 0.2515625 0.0171875 0.03046875
3 0.31953125 0.309375 0.0234375 0.0390625
3 0.3234375 0.29140625 0.02421875 0.02109375
3 0.39140625 0.32734375 0.0140625 0.025
2 0.3921875 0.309375 0.0078125 0.021875
2 0.43359375 0.278125 0.01484375 0.0265625
2 0.51484375 0.29296875 0.01015625 0.0265625
2 0.46640625 0.34140625 0.01015625 0.02890625
0 0.0171875 0.3703125 0.03359375 0.05859375
0 0.46953125 0.44140625 0.11953125 0.16640625
0 0.2859375 0.403125 0.1296875 0.196875
3 0.321875 0.2171875 0.02421875 0.0125
3 0.7546875 0.259375 0.03671875 0.0734375
1 0.621875 0.37890625 0.01484375 0.071875
0 0.3609375 0.38984375 0.021875 0.0515625
2 0.165625 0.228125 0.0203125 0.015625