2 0.69296875 0.3671875 0.0078125 0.03046875
2 0.6359375 0.37265625 0.0078125 0.03046875
2 0.66328125 0.40703125 0.01015625 0.00859375
3 0.66328125 0.3953125 0.0078125 0.0140625
3 0.7921875 0.371875 0.0171875 0.0390625
0 0.50625 0.46015625 0.02578125 0.0390625
0 0.48046875 0.465625 0.03125 0.03046875
0 0.4375 0.4703125 0.03125 0.0359375
0 0.40625 0.46875 0.03828125 0.04453125
0 0.3703125 0.478125 0.046875 0.0484375
0 0.63828125 0.42109375 0.0140625 0.0234375
0 0.65625 0.43515625 0.015625 0.01953125
0 0.64921875 0.453125 0.02421875 0.040625
0 0.62734375 0.45703125 0.0265625 0.053125
0 0.678125 0.4625 0.0203125 0.05
3 0.73671875 0.390625 0.01875 0.01953125
3 0.73515625 0.4203125 0.01171875 0.02109375
0 0.6984375 0.47109375 0.046875 0.08359375
0 0.74453125 0.48203125 0.0828125 0.1140625
0 0.8515625 0.50078125 0.153125 0.2125
0 0.9203125 0.56015625 0.1578125 0.4265625
0 0.58046875 0.51953125 0.12265625 0.1765625
3 0.134375 0.26171875 0.01796875 0.0609375