2 0.34375 0.7609375 0.00625 0.0265625
2 0.415625 0.76640625 0.0078125 0.0234375
2 0.465625 0.78125 0.0078125 0.028125
3 0.5671875 0.74609375 0.015625 0.0375
0 0.2890625 0.81484375 0.0265625 0.034375
0 0.265625 0.82578125 0.03984375 0.03359375
0 0.1921875 0.828125 0.0515625 0.11640625
0 0.42421875 0.8265625 0.009375 0.02109375
0 0.43515625 0.8328125 0.0109375 0.0234375
0 0.3734375 0.82578125 0.02734375 0.028125
0 0.3484375 0.821875 0.0265625 0.03046875
0 0.30859375 0.82578125 0.05546875 0.07109375
0 0.58359375 0.89765625 0.1015625 0.1125
0 0.0875 0.834375 0.17421875 0.328125
0 0.70078125 0.9296875 0.19375 0.1390625
0 0.875 0.921875 0.246875 0.15546875
1 0.4890625 0.83828125 0.009375 0.034375
1 0.525 0.846875 0.009375 0.0375
1 0.515625 0.846875 0.0109375 0.046875
0 0.40625 0.8265625 0.015625 0.01640625