0 0.42265625 0.4625 0.015625 0.0234375
0 0.4421875 0.47109375 0.015625 0.0265625
0 0.4546875 0.46171875 0.009375 0.021875
0 0.46875 0.46171875 0.01484375 0.02890625
0 0.48671875 0.46015625 0.0203125 0.0359375
0 0.50703125 0.45703125 0.02265625 0.05703125
0 0.5484375 0.4578125 0.06171875 0.10390625
0 0.6140625 0.46953125 0.121875 0.1484375
0 0.74296875 0.5015625 0.24453125 0.2609375
0 0.890625 0.56328125 0.21640625 0.3015625
0 0.40859375 0.46015625 0.01875 0.03359375
0 0.3953125 0.45859375 0.015625 0.040625
0 0.3828125 0.4515625 0.02109375 0.05390625
0 0.3640625 0.459375 0.02734375 0.05859375
0 0.32265625 0.46171875 0.06328125 0.084375
0 0.2484375 0.4671875 0.096875 0.109375