3 0.775 0.32734375 0.0171875 0.02109375
3 0.63984375 0.3765625 0.009375 0.0109375
3 0.6671875 0.37265625 0.0078125 0.0140625
0 0.5484375 0.41171875 0.009375 0.02109375
0 0.53984375 0.415625 0.01875 0.025
0 0.52578125 0.4203125 0.0171875 0.03046875
0 0.5109375 0.4234375 0.01796875 0.040625
0 0.50078125 0.428125 0.01484375 0.0390625
0 0.490625 0.42890625 0.0203125 0.0484375
0 0.46875 0.43671875 0.04375 0.05703125
0 0.3890625 0.4578125 0.07265625 0.1015625
0 0.3171875 0.478125 0.13125 0.12109375
0 0.06640625 0.54375 0.1328125 0.26953125
0 0.5984375 0.421875 0.01640625 0.040625
0 0.61171875 0.40234375 0.01328125 0.03046875
0 0.6203125 0.41328125 0.01328125 0.0234375
0 0.6328125 0.42265625 0.01484375 0.03203125
0 0.646875 0.4234375 0.01484375 0.04453125
0 0.65859375 0.428125 0.02890625 0.05
0 0.66875 0.44375 0.025 0.053125
0 0.68984375 0.4421875 0.03671875 0.08203125
0 0.7046875 0.453125 0.0421875 0.103125
0 0.746875 0.46484375 0.0828125 0.115625
0 0.7890625 0.490625 0.09921875 0.14609375
0 0.8953125 0.53203125 0.20859375 0.3109375
0 0.5796875 0.42578125 0.03359375 0.0625