0 0.040625 0.4984375 0.07890625 0.053125
3 0.1296875 0.36875 0.01875 0.00859375
3 0.146875 0.35703125 0.01171875 0.0109375
3 0.1421875 0.33671875 0.01328125 0.03359375
0 0.128125 0.45390625 0.06015625 0.04453125
0 0.3609375 0.4359375 0.00859375 0.046875
0 0.3703125 0.4453125 0.01328125 0.028125
0 0.3875 0.446875 0.021875 0.02109375
0 0.40078125 0.43828125 0.01171875 0.0125
0 0.409375 0.43828125 0.009375 0.02109375
2 0.46640625 0.3953125 0.009375 0.01640625
3 0.51953125 0.3921875 0.01328125 0.0125
0 0.53046875 0.4390625 0.03671875 0.046875
0 0.5390625 0.43125 0.01640625 0.0359375
0 0.55234375 0.42421875 0.01875 0.025
0 0.56640625 0.42265625 0.01328125 0.015625
0 0.584375 0.42890625 0.02890625 0.04453125
0 0.60390625 0.41484375 0.0140625 0.01953125
0 0.6171875 0.415625 0.009375 0.02109375
0 0.6484375 0.415625 0.0140625 0.01640625
0 0.6609375 0.4109375 0.01328125 0.01640625
0 0.68046875 0.40859375 0.01640625 0.0234375
0 0.69296875 0.41484375 0.015625 0.03203125
0 0.709375 0.41015625 0.02265625 0.03203125
0 0.728125 0.41328125 0.021875 0.02890625
3 0.72890625 0.32421875 0.025 0.0125
3 0.8359375 0.3453125 0.01796875 0.00859375
3 0.6046875 0.384375 0.009375 0.01640625
2 0.621875 0.3859375 0.00859375 0.01640625
0 0.803125 0.3921875 0.021875 0.03359375
0 0.9234375 0.421875 0.08515625 0.065625
0 0.975 0.40390625 0.04765625 0.0515625