2 0.38515625 0.35703125 0.00703125 0.03203125
2 0.36875 0.3859375 0.00546875 0.0265625
0 0.3921875 0.45625 0.0125 0.01640625
0 0.403125 0.4578125 0.0125 0.0140625
0 0.415625 0.459375 0.0125 0.01953125
0 0.4265625 0.4625 0.01328125 0.01953125
0 0.4421875 0.47109375 0.0296875 0.0609375
0 0.4609375 0.47890625 0.040625 0.071875
0 0.4859375 0.4859375 0.0515625 0.0875
0 0.27890625 0.43515625 0.0125 0.0234375
0 0.23125 0.44140625 0.03125 0.03203125
0 0.1671875 0.434375 0.04609375 0.0515625
0 0.9015625 0.51640625 0.1765625 0.1234375
0 0.9796875 0.50625 0.03671875 0.08203125
0 0.534375 0.5015625 0.0875 0.12109375
0 0.3828125 0.4546875 0.0125 0.01953125
0 0.01171875 0.4203125 0.021875 0.04609375
1 0.12578125 0.43671875 0.009375 0.04609375
1 0.8921875 0.5328125 0.0234375 0.10703125
1 0.9234375 0.515625 0.0421875 0.140625
0 0.6375 0.45625 0.01796875 0.021875
0 0.6546875 0.45390625 0.01640625 0.0265625