0 0.2609375 0.478125 0.05234375 0.0765625
0 0.2078125 0.46796875 0.0453125 0.0640625
0 0.3046875 0.44375 0.03359375 0.02890625
0 0.33046875 0.43671875 0.01875 0.03046875
0 0.35 0.43515625 0.0171875 0.02890625
0 0.375 0.4265625 0.01640625 0.0265625
0 0.38828125 0.43125 0.021875 0.03359375
0 0.4890625 0.5 0.05859375 0.08359375
0 0.60546875 0.52734375 0.16640625 0.17890625
0 0.1171875 0.5328125 0.23203125 0.29140625
0 0.3671875 0.62421875 0.36484375 0.378125
0 0.7921875 0.69765625 0.41328125 0.4515625
3 0.246875 0.340625 0.0140625 0.03046875
3 0.209375 0.340625 0.0359375 0.02109375
2 0.471875 0.3078125 0.01015625 0.02109375
2 0.2609375 0.334375 0.01171875 0.0140625
2 0.59609375 0.328125 0.009375 0.03359375
0 0.41328125 0.42421875 0.03515625 0.05546875