2 0.4921875 0.2203125 0.00546875 0.03359375
2 0.41875 0.2171875 0.0078125 0.0265625
2 0.36640625 0.2609375 0.0046875 0.0265625
2 0.503125 0.24453125 0.00625 0.03046875
2 0.4375 0.2484375 0.00546875 0.0234375
2 0.41171875 0.2703125 0.00546875 0.02109375
2 0.64453125 0.01875 0.015625 0.0359375
3 0.6109375 0.2421875 0.01328125 0.0265625
3 0.659375 0.1640625 0.01640625 0.0359375
3 0.3015625 0.2234375 0.0125 0.0265625
1 0.0609375 0.334375 0.03046875 0.1734375
1 0.0296875 0.34296875 0.03515625 0.178125
1 0.7859375 0.33046875 0.0140625 0.059375
1 0.76875 0.32734375 0.0140625 0.08203125
1 0.5078125 0.39296875 0.0390625 0.25390625
1 0.1765625 0.29296875 0.0125 0.06796875
0 0.4171875 0.29609375 0.015625 0.025
0 0.4328125 0.309375 0.02578125 0.0390625
0 0.4515625 0.2796875 0.01640625 0.025
0 0.46875 0.303125 0.0234375 0.04453125
0 0.490625 0.284375 0.01484375 0.02109375
0 0.015625 0.71171875 0.028125 0.328125
0 0.8859375 0.61328125 0.225 0.43046875
3 0.5390625 0.27421875 0.009375 0.01953125
0 0.26796875 0.2828125 0.0484375 0.0375