2 0.3765625 0.37265625 0.00703125 0.025
2 0.4953125 0.375 0.00546875 0.02109375
3 0.853125 0.3171875 0.03515625 0.08203125
3 0.359375 0.3875 0.0109375 0.009375
3 0.3609375 0.4046875 0.0125 0.009375
3 0.5234375 0.38671875 0.01953125 0.009375
3 0.56796875 0.38046875 0.0109375 0.009375
3 0.5625 0.40078125 0.0125 0.00703125
3 0.53125 0.43203125 0.0109375 0.01953125
3 0.71328125 0.39296875 0.01640625 0.01796875
0 0.434375 0.44609375 0.0109375 0.0125
0 0.4234375 0.45078125 0.0109375 0.01796875
0 0.4125 0.45234375 0.0109375 0.01953125
0 0.403125 0.453125 0.0125 0.01796875
0 0.39375 0.45546875 0.0109375 0.01796875
0 0.3796875 0.4546875 0.02109375 0.025
0 0.3515625 0.4578125 0.0171875 0.0359375
0 0.340625 0.45703125 0.015625 0.0390625
0 0.32734375 0.4578125 0.02109375 0.04453125
0 0.30703125 0.46015625 0.03046875 0.046875
0 0.2828125 0.46484375 0.03046875 0.05
0 0.25625 0.4671875 0.028125 0.05546875
0 0.22734375 0.46953125 0.053125 0.06953125
0 0.1515625 0.46484375 0.11171875 0.10390625
0 0.503125 0.45703125 0.01015625 0.025
0 0.5171875 0.46484375 0.01953125 0.03046875
0 0.5390625 0.46796875 0.015625 0.0375
0 0.553125 0.47265625 0.0265625 0.03203125
0 0.5796875 0.48046875 0.034375 0.0515625
0 0.5984375 0.47578125 0.0296875 0.065625
0 0.6484375 0.47890625 0.08828125 0.1140625
0 0.8875 0.54140625 0.22421875 0.2359375
0 0.46953125 0.4765625 0.06015625 0.096875