2 0.41875 0.60859375 0.00703125 0.0140625
2 0.39296875 0.609375 0.00546875 0.0140625
0 0.428125 0.64140625 0.00859375 0.015625
0 0.440625 0.64453125 0.00859375 0.02109375
0 0.45 0.6453125 0.009375 0.0265625
0 0.478125 0.634375 0.01640625 0.0265625
0 0.49921875 0.65234375 0.02890625 0.0609375
0 0.52265625 0.6546875 0.02734375 0.0515625
0 0.6828125 0.68125 0.08203125 0.11953125
0 0.409375 0.63984375 0.00859375 0.01953125
0 0.359375 0.64453125 0.04609375 0.0640625
0 0.3578125 0.66328125 0.040625 0.071875
0 0.3296875 0.684375 0.0640625 0.1140625
0 0.284375 0.70703125 0.075 0.1515625
0 0.1375 0.77109375 0.27421875 0.340625
0 0.57734375 0.6859375 0.1265625 0.1515625
0 0.9140625 0.76015625 0.1703125 0.2609375
3 0.03984375 0.2125 0.0796875 0.0984375
0 0.465625 0.65078125 0.0359375 0.05390625
0 0.3953125 0.646875 0.025 0.040625