0 0.24375 0.47265625 0.19453125 0.1609375
0 0.0859375 0.42890625 0.07578125 0.0609375
3 0.34375 0.3484375 0.03203125 0.01953125
3 0.7125 0.23515625 0.0296875 0.0359375
3 0.70078125 0.2921875 0.01796875 0.05703125
3 0.02890625 0.20546875 0.0359375 0.0234375
2 0.2375 0.184375 0.0125 0.05546875
2 0.2609375 0.1875 0.01015625 0.059375
2 0.5484375 0.18046875 0.01484375 0.059375
2 0.56484375 0.18125 0.015625 0.065625
2 0.5453125 0.46796875 0.0125 0.021875
2 0.2515625 0.1875 0.0125 0.059375
2 0.746875 0.46015625 0.00625 0.0234375
2 0.821875 0.465625 0.00546875 0.0140625
2 0.3484375 0.371875 0.0109375 0.01953125