0 0.4125 0.5234375 0.0515625 0.08359375
0 0.94375 0.5953125 0.1109375 0.178125
0 0.8546875 0.57421875 0.15546875 0.1359375
0 0.93125 0.53515625 0.02734375 0.028125
0 0.8015625 0.53984375 0.03828125 0.04453125
0 0.74765625 0.56484375 0.0984375 0.0875
0 0.68671875 0.54765625 0.08359375 0.0859375
0 0.7890625 0.52578125 0.0515625 0.0125
0 0.634375 0.54921875 0.04609375 0.05546875
0 0.61953125 0.52421875 0.02890625 0.034375
0 0.5296875 0.5234375 0.0140625 0.03359375
0 0.44140625 0.51953125 0.0125 0.01640625
0 0.4609375 0.52109375 0.01171875 0.0140625
0 0.47890625 0.51875 0.0203125 0.02109375
0 0.496875 0.521875 0.015625 0.01953125
0 0.51328125 0.51953125 0.0140625 0.025
2 0.5359375 0.415625 0.01328125 0.0234375
2 0.425 0.403125 0.009375 0.0234375
2 0.4171875 0.40234375 0.00546875 0.025
3 0.36875 0.4515625 0.01328125 0.02890625
3 0.58203125 0.446875 0.01796875 0.01640625
3 0.553125 0.4625 0.01875 0.0109375
3 0.65078125 0.4265625 0.01640625 0.015625