2 0.1875 0.41796875 0.0109375 0.034375
2 0.3921875 0.4921875 0.00859375 0.028125
2 0.63203125 0.49921875 0.009375 0.0234375
2 0.646875 0.49765625 0.01171875 0.0234375
2 0.5046875 0.42734375 0.0078125 0.02890625
2 0.1984375 0.4171875 0.01484375 0.0390625
2 0.5125 0.42734375 0.009375 0.03046875
1 0.03359375 0.62890625 0.0140625 0.07109375
1 0.0234375 0.634375 0.0109375 0.065625
1 0.17109375 0.6140625 0.009375 0.0515625
1 0.1875 0.6125 0.01171875 0.0484375
1 0.01328125 0.6359375 0.01484375 0.07109375
1 0.003125 0.6421875 0.00625 0.0625
1 0.0796875 0.628125 0.01796875 0.08046875
1 0.17734375 0.6078125 0.01171875 0.0625
1 0.68359375 0.584375 0.0203125 0.0875
1 0.64296875 0.584375 0.01328125 0.07109375
1 0.63125 0.571875 0.00703125 0.040625
1 0.621875 0.5828125 0.01328125 0.0625
1 0.6078125 0.57578125 0.009375 0.05
1 0.665625 0.58046875 0.01015625 0.071875
1 0.66953125 0.58203125 0.01328125 0.07109375
1 0.578125 0.565625 0.00703125 0.0265625
3 0.0921875 0.42734375 0.05234375 0.01953125
3 0.10703125 0.5859375 0.01328125 0.01953125
3 0.1984375 0.56015625 0.0140625 0.0140625
3 0.1890625 0.540625 0.01484375 0.009375
3 0.5859375 0.4796875 0.0171875 0.0125
3 0.5921875 0.49296875 0.0140625 0.0109375
3 0.540625 0.43515625 0.03515625 0.01796875
3 0.63046875 0.46953125 0.0265625 0.01796875
3 0.66328125 0.45546875 0.01171875 0.02109375
1 0.6015625 0.571875 0.00859375 0.04609375
0 0.4171875 0.57578125 0.01640625 0.028125
0 0.43984375 0.57265625 0.01484375 0.0234375
0 0.4609375 0.5671875 0.01640625 0.01953125
0 0.47421875 0.56953125 0.0109375 0.02109375
0 0.5234375 0.5734375 0.015625 0.028125
0 0.4546875 0.5796875 0.0265625 0.034375
0 0.4859375 0.57109375 0.0171875 0.03203125
0 0.5015625 0.5640625 0.00703125 0.0109375
0 0.5078125 0.565625 0.01015625 0.0140625
0 0.49375 0.5640625 0.01328125 0.0234375
0 0.51484375 0.57265625 0.01484375 0.01953125
0 0.284375 0.60390625 0.0875 0.08046875
0 0.3765625 0.6078125 0.09609375 0.14296875
0 0.54296875 0.575 0.03359375 0.05390625