3 0.15703125 0.32265625 0.0265625 0.0515625
3 0.3125 0.325 0.01640625 0.03359375
3 0.4234375 0.32890625 0.0109375 0.01796875
3 0.66015625 0.36171875 0.02109375 0.0390625
3 0.6796875 0.27578125 0.01015625 0.0140625
3 0.6921875 0.2765625 0.01328125 0.01640625
3 0.784375 0.240625 0.059375 0.04453125
3 0.63046875 0.0171875 0.1234375 0.034375
0 0.6671875 0.3125 0.0109375 0.00859375
0 0.65234375 0.31640625 0.0140625 0.0140625
0 0.6359375 0.3140625 0.01015625 0.00859375
0 0.63125 0.32421875 0.01328125 0.01796875
0 0.6125 0.32421875 0.0140625 0.0109375
0 0.596875 0.33203125 0.02109375 0.03046875
0 0.5703125 0.33515625 0.02421875 0.03359375
0 0.546875 0.34296875 0.0296875 0.046875
0 0.490625 0.34765625 0.02109375 0.0390625
0 0.51328125 0.35625 0.0453125 0.0640625
0 0.44921875 0.3328125 0.03125 0.028125
0 0.37109375 0.33359375 0.0234375 0.0140625
0 0.36015625 0.346875 0.034375 0.02109375
0 0.321875 0.35078125 0.03828125 0.03203125
0 0.221875 0.36171875 0.0484375 0.025
0 0.1421875 0.3671875 0.1046875 0.046875
0 0.065625 0.36796875 0.11171875 0.0734375
0 0.40078125 0.35078125 0.0484375 0.0625