0 0.0234375 0.76875 0.04609375 0.109375
0 0.0546875 0.75546875 0.028125 0.059375
0 0.090625 0.7296875 0.05078125 0.059375
0 0.13125 0.7140625 0.03671875 0.0359375
0 0.21328125 0.66796875 0.0203125 0.01953125
0 0.23671875 0.65078125 0.0125 0.0125
0 0.25 0.646875 0.0140625 0.0125
0 0.37421875 0.60859375 0.03046875 0.04296875
0 0.34921875 0.6140625 0.021875 0.02890625
0 0.3234375 0.61640625 0.0140625 0.0140625
0 0.3046875 0.62421875 0.01015625 0.0125
0 0.29375 0.621875 0.009375 0.009375
0 0.1921875 0.68125 0.0203125 0.025
0 0.4296875 0.5890625 0.06171875 0.084375
0 0.82265625 0.44140625 0.1671875 0.1375
2 0.384375 0.28984375 0.01640625 0.05546875
2 0.365625 0.2890625 0.01796875 0.05390625
2 0.290625 0.5609375 0.0078125 0.0265625
2 0.23125 0.6125 0.00546875 0.01640625
2 0.19375 0.59921875 0.00703125 0.01796875
3 0.4125 0.528125 0.015625 0.03203125
3 0.5640625 0.35 0.03046875 0.0515625
3 0.56953125 0.38984375 0.028125 0.01796875
3 0.57109375 0.40625 0.03203125 0.02109375
0 0.2765625 0.62265625 0.0078125 0.0125
0 0.275 0.62109375 0.00703125 0.0140625
2 0.6390625 0.3890625 0.01796875 0.03203125