0 0.390625 0.4140625 0.01640625 0.015625
0 0.3546875 0.42421875 0.0171875 0.01640625
0 0.34375 0.38828125 0.0125 0.00859375
0 0.3375 0.39921875 0.01171875 0.0140625
0 0.340625 0.41875 0.01875 0.01640625
0 0.41796875 0.409375 0.00859375 0.0125
0 0.50625 0.38515625 0.00703125 0.0140625
0 0.515625 0.39375 0.0109375 0.0140625
0 0.5140625 0.41875 0.01484375 0.021875
0 0.54375 0.39296875 0.00859375 0.009375
0 0.5765625 0.41875 0.0140625 0.0140625
0 0.59609375 0.42578125 0.021875 0.01953125
0 0.4453125 0.4078125 0.0078125 0.0109375
0 0.440625 0.41328125 0.0078125 0.0109375
0 0.4296875 0.41796875 0.0125 0.009375
0 0.434375 0.43203125 0.021875 0.0234375
0 0.3171875 0.4375 0.04609375 0.0484375
0 0.3984375 0.43984375 0.03046875 0.03359375
0 0.4671875 0.44765625 0.06015625 0.1
0 0.67421875 0.4859375 0.19453125 0.25859375
0 0.96484375 0.4578125 0.06875 0.05703125
3 0.3609375 0.22421875 0.115625 0.1109375
3 0.5390625 0.22890625 0.09375 0.0984375
3 0.596875 0.2375 0.02421875 0.05390625
3 0.46171875 0.3828125 0.0125 0.01953125
3 0.48671875 0.38984375 0.0078125 0.025
3 0.52578125 0.4203125 0.009375 0.028125
3 0.384375 0.340625 0.0453125 0.03359375
3 0.2703125 0.296875 0.03671875 0.03203125
3 0.3625 0.15859375 0.0859375 0.0234375
3 0.5390625 0.1703125 0.09765625 0.01796875
0 0.5703125 0.39765625 0.0140625 0.015625
0 0.553125 0.4203125 0.02109375 0.02109375
3 0.5984375 0.3953125 0.0171875 0.0234375
3 0.78828125 0.2828125 0.0234375 0.02890625