1 0.2359375 0.39765625 0.03671875 0.0515625
1 0.13828125 0.4015625 0.02421875 0.04453125
1 0.3078125 0.48671875 0.03515625 0.2390625
1 0.2515625 0.390625 0.0171875 0.0625
1 0.809375 0.4765625 0.053125 0.19296875
1 0.6890625 0.50859375 0.0609375 0.2765625
1 0.703125 0.5078125 0.0609375 0.290625
1 0.5546875 0.5015625 0.05078125 0.25703125
1 0.5359375 0.47890625 0.02421875 0.10546875
1 0.503125 0.49140625 0.059375 0.17109375
1 0.4671875 0.471875 0.03046875 0.2359375
2 0.38359375 0.2265625 0.05859375 0.071875
1 0.353125 0.43515625 0.01640625 0.071875
1 0.084375 0.43125 0.01484375 0.05859375
1 0.0625 0.42578125 0.0140625 0.0640625
1 0.0109375 0.48203125 0.01953125 0.12109375
0 0.784375 0.446875 0.06328125 0.1140625
0 0.7609375 0.4796875 0.07421875 0.15546875
0 0.8359375 0.43671875 0.0359375 0.05859375
0 0.87421875 0.4625 0.09921875 0.1140625
0 0.91953125 0.51796875 0.15625 0.215625