2 0.6140625 0.3609375 0.01171875 0.034375
2 0.46875 0.3734375 0.01484375 0.0390625
3 0.63046875 0.353125 0.028125 0.02109375
0 0.915625 0.515625 0.16484375 0.125
0 0.7578125 0.4875 0.0828125 0.084375
0 0.6328125 0.46640625 0.02421875 0.02890625
0 0.590625 0.45703125 0.0375 0.05546875
2 0.196875 0.31015625 0.00859375 0.028125
2 0.2078125 0.3109375 0.0078125 0.03359375
0 0.15703125 0.43671875 0.0484375 0.0765625
3 0.609375 0.42265625 0.00859375 0.0140625
3 0.6734375 0.39140625 0.009375 0.0140625
3 0.671875 0.33671875 0.015625 0.0125