3 0.20625 0.1328125 0.0171875 0.046875
3 0.4734375 0.21875 0.0109375 0.01796875
3 0.25234375 0.17578125 0.009375 0.02890625
3 0.5171875 0.215625 0.0078125 0.00859375
2 0.2921875 0.19375 0.0046875 0.01640625
3 0.40390625 0.221875 0.00703125 0.0140625
0 0.1 0.234375 0.2 0.3625
0 0.215625 0.27890625 0.04453125 0.134375
0 0.24765625 0.2765625 0.0328125 0.05546875
0 0.265625 0.2734375 0.02109375 0.04453125
0 0.28671875 0.26328125 0.02890625 0.02109375
0 0.859375 0.4453125 0.2796875 0.44296875
0 0.59375 0.328125 0.1375 0.165625
0 0.69375 0.31484375 0.0578125 0.05703125
0 0.6875 0.2859375 0.06953125 0.0515625
0 0.6921875 0.2640625 0.05859375 0.03359375
0 0.3953125 0.27109375 0.034375 0.0515625
0 0.45390625 0.28203125 0.03671875 0.0515625
0 0.2984375 0.25390625 0.03125 0.0265625
0 0.3578125 0.265625 0.03515625 0.028125
0 0.41796875 0.26796875 0.01953125 0.0265625
0 0.4828125 0.27265625 0.0328125 0.02890625
0 0.515625 0.26015625 0.03828125 0.01640625
0 0.521875 0.2796875 0.04453125 0.03046875
0 0.44609375 0.275 0.03125 0.0484375
0 0.4296875 0.26328125 0.01484375 0.01796875
0 0.2375 0.28125 0.01328125 0.053125
0 0.375 0.265625 0.01640625 0.0265625