2 0.3578125 0.4234375 0.00625 0.03046875
2 0.26875 0.44453125 0.00625 0.0265625
2 0.3125 0.4625 0.00625 0.028125
2 0.475 0.4546875 0.00546875 0.0234375
2 0.234375 0.4015625 0.00625 0.028125
2 0.228125 0.3984375 0.00625 0.028125
2 0.5296875 0.4546875 0.0171875 0.01953125
3 0.26875 0.40859375 0.01328125 0.03359375
3 0.603125 0.40390625 0.02734375 0.05703125
2 0.0703125 0.4796875 0.01484375 0.03046875
3 0.07734375 0.43046875 0.01953125 0.0265625
3 0.17421875 0.47265625 0.015625 0.0265625
0 0.0875 0.53203125 0.0203125 0.02890625
0 0.12734375 0.534375 0.0171875 0.0234375
0 0.41328125 0.5125 0.02265625 0.0359375
0 0.48125 0.515625 0.0109375 0.0234375
0 0.4875 0.5171875 0.0109375 0.02109375
0 0.4953125 0.51953125 0.015625 0.01640625
0 0.521875 0.5140625 0.01484375 0.028125
0 0.54140625 0.50078125 0.01171875 0.01640625
0 0.6578125 0.51328125 0.025 0.04296875
0 0.74375 0.50859375 0.02734375 0.034375
0 0.8140625 0.5140625 0.08828125 0.09453125
0 0.103125 0.534375 0.02265625 0.0234375
0 0.15625 0.5296875 0.0421875 0.046875
0 0.25625 0.52421875 0.02421875 0.034375
0 0.4609375 0.515625 0.03515625 0.046875
0 0.3625 0.515625 0.02734375 0.046875
0 0.5984375 0.5296875 0.11015625 0.14453125