0 0.1703125 0.6328125 0.01484375 0.02109375
0 0.19140625 0.63125 0.0171875 0.01796875
0 0.20546875 0.62890625 0.0078125 0.01796875
0 0.2171875 0.6265625 0.01953125 0.02109375
0 0.19609375 0.61796875 0.0171875 0.0125
0 0.253125 0.68125 0.0265625 0.03046875
0 0.228125 0.6859375 0.0421875 0.02109375
0 0.2015625 0.7125 0.06875 0.034375
0 0.3375 0.61015625 0.01640625 0.01796875
0 0.3125 0.640625 0.0171875 0.025
3 0.44375 0.4 0.028125 0.0109375
3 0.4703125 0.39921875 0.01640625 0.01640625
3 0.7296875 0.2 0.03046875 0.05
3 0.76640625 0.1921875 0.03984375 0.046875
3 0.80078125 0.18203125 0.02890625 0.021875
3 0.834375 0.2515625 0.03828125 0.06640625
3 0.3 0.5671875 0.00703125 0.01640625
3 0.2328125 0.60234375 0.0125 0.01640625
3 0.25625 0.62265625 0.01171875 0.00859375