3 0.1765625 0.3125 0.0140625 0.0234375
3 0.5765625 0.26796875 0.01875 0.0234375
0 0.41875 0.415625 0.01328125 0.0140625
0 0.3984375 0.41953125 0.0234375 0.01796875
0 0.38203125 0.41171875 0.015625 0.02109375
0 0.359375 0.41015625 0.0328125 0.03359375
0 0.33203125 0.4125 0.02109375 0.028125
0 0.4453125 0.4140625 0.01875 0.025
0 0.2890625 0.4171875 0.07890625 0.075
0 0.20390625 0.42578125 0.075 0.08203125
0 0.0984375 0.446875 0.11796875 0.1
0 0.47578125 0.42109375 0.04296875 0.0484375
0 0.91953125 0.42265625 0.15625 0.23359375