2 0.22890625 0.47734375 0.01171875 0.03046875
2 0.28359375 0.4921875 0.0109375 0.0234375
2 0.45234375 0.48828125 0.01328125 0.028125
3 0.23203125 0.51875 0.015625 0.028125
3 0.278125 0.471875 0.01328125 0.0234375
3 0.4828125 0.4890625 0.01171875 0.03046875
3 0.47265625 0.50546875 0.01484375 0.040625
3 0.5 0.4984375 0.01484375 0.01640625
3 0.50703125 0.48515625 0.01171875 0.01953125
0 0.4828125 0.578125 0.03125 0.11953125
0 0.28125 0.56640625 0.0265625 0.05390625
0 0.2609375 0.5890625 0.03671875 0.0890625
0 0.2359375 0.60859375 0.0515625 0.1234375
0 0.18984375 0.6125 0.06328125 0.15
0 0.1 0.6453125 0.1609375 0.215625
0 0.4546875 0.57734375 0.0265625 0.05546875
0 0.4921875 0.58203125 0.0609375 0.0890625
0 0.53671875 0.59609375 0.05546875 0.10859375
0 0.61171875 0.6046875 0.12890625 0.1875
0 0.3359375 0.64296875 0.14609375 0.19140625
0 0.75703125 0.653125 0.26875 0.25546875
0 0.025 0.703125 0.05 0.159375
0 0.3984375 0.5875 0.01953125 0.0484375