2 0.265625 0.278125 0.0109375 0.04296875
2 0.42890625 0.43046875 0.0140625 0.028125
2 0.5640625 0.35859375 0.00703125 0.0375
2 0.3625 0.46953125 0.00625 0.02109375
2 0.396875 0.453125 0.00625 0.01953125
2 0.2546875 0.2765625 0.009375 0.046875
2 0.2765625 0.2734375 0.01171875 0.03359375
2 0.55703125 0.35625 0.00859375 0.04140625
2 0.5703125 0.3609375 0.00625 0.04296875
2 0.8390625 0.37734375 0.009375 0.03046875
2 0.9390625 0.375 0.0125 0.021875
2 0.0109375 0.4078125 0.0203125 0.0359375
3 0.43046875 0.45859375 0.0125 0.02109375
0 0.415625 0.4953125 0.0109375 0.0359375
0 0.38125 0.48828125 0.00703125 0.021875
0 0.29375 0.50625 0.0234375 0.03203125
0 0.4375 0.5 0.03203125 0.0375
0 0.48984375 0.49296875 0.00703125 0.01640625
0 0.49765625 0.490625 0.01484375 0.025
0 0.503125 0.49609375 0.015625 0.0265625
0 0.5109375 0.4984375 0.01171875 0.028125
0 0.5203125 0.5 0.0203125 0.03359375
0 0.53359375 0.5 0.0234375 0.03046875
0 0.54375 0.5015625 0.01484375 0.03359375
0 0.16796875 0.50078125 0.09296875 0.04453125
0 0.0765625 0.5125 0.08046875 0.0484375
0 0.2734375 0.503125 0.0265625 0.04453125
0 0.33125 0.49140625 0.0171875 0.03046875
0 0.3953125 0.49921875 0.0265625 0.04140625
0 0.48046875 0.50234375 0.021875 0.0359375
0 0.5578125 0.50703125 0.028125 0.0359375
3 0.034375 0.3640625 0.03203125 0.05703125
0 0.34375 0.4921875 0.0140625 0.025