0 0.275 0.509375 0.01328125 0.0125
0 0.265625 0.503125 0.01484375 0.02890625
0 0.2484375 0.50859375 0.01796875 0.01953125
0 0.23125 0.5046875 0.0234375 0.03203125
0 0.08671875 0.5 0.06796875 0.0515625
0 0.046875 0.49375 0.06015625 0.0625
0 0.428125 0.51484375 0.01328125 0.01640625
0 0.39921875 0.5109375 0.0109375 0.0140625
0 0.4140625 0.51875 0.02578125 0.034375
0 0.45078125 0.51796875 0.0265625 0.0390625
0 0.52109375 0.528125 0.0359375 0.04296875
0 0.3296875 0.53515625 0.1171875 0.11640625
0 0.634375 0.5234375 0.07109375 0.0859375