0 0.87890625 0.6453125 0.240625 0.4890625
0 0.734375 0.5390625 0.21796875 0.240625
0 0.39765625 0.45546875 0.01015625 0.02109375
0 0.384375 0.4578125 0.01484375 0.02109375
0 0.34765625 0.459375 0.04609375 0.034375
0 0.33515625 0.46015625 0.04921875 0.0375
0 0.3046875 0.46328125 0.04453125 0.04453125
0 0.2875 0.465625 0.04453125 0.05
0 0.2796875 0.471875 0.05078125 0.040625
0 0.2703125 0.471875 0.046875 0.04296875
0 0.246875 0.47578125 0.040625 0.05546875
0 0.2203125 0.478125 0.04296875 0.065625
0 0.196875 0.48359375 0.08046875 0.071875
0 0.1390625 0.47890625 0.10625 0.0984375
0 0.0984375 0.4921875 0.11328125 0.103125
0 0.471875 0.45390625 0.01015625 0.01796875
0 0.4828125 0.45390625 0.01484375 0.03359375
0 0.4921875 0.4578125 0.0125 0.040625
0 0.4984375 0.4578125 0.00859375 0.05
0 0.51328125 0.46171875 0.0203125 0.0625
0 0.41796875 0.459375 0.02890625 0.03359375
0 0.540625 0.4671875 0.06328125 0.090625
0 0.04296875 0.51015625 0.0859375 0.11640625
3 0.6078125 0.3453125 0.0140625 0.025
3 0.91875 0.359375 0.021875 0.053125
2 0.83671875 0.31796875 0.01953125 0.025
2 0.7390625 0.3609375 0.01640625 0.01640625
0 0.3703125 0.46015625 0.015625 0.021875