0 0.3421875 0.5875 0.68359375 0.425
0 0.109375 0.4484375 0.2171875 0.13203125
1 0.603125 0.4546875 0.0359375 0.09296875
1 0.6390625 0.459375 0.03828125 0.0984375
1 0.6734375 0.5078125 0.03984375 0.24609375
1 0.8328125 0.5484375 0.0515625 0.28046875
0 0.90390625 0.55 0.1421875 0.203125
0 0.97421875 0.5078125 0.046875 0.13359375
3 0.43828125 0.21875 0.046875 0.12109375
2 0.68046875 0.28984375 0.03671875 0.0609375
2 0.71640625 0.29375 0.028125 0.0734375
3 0.70234375 0.10390625 0.0375 0.02890625
3 0.7328125 0.20546875 0.0625 0.0390625