0 0.084375 0.54296875 0.16875 0.2765625
0 0.190625 0.49296875 0.0546875 0.071875
0 0.2515625 0.51796875 0.11953125 0.1125
0 0.3078125 0.478125 0.02421875 0.034375
0 0.3453125 0.5 0.07265625 0.07890625
0 0.3953125 0.48984375 0.04609375 0.05859375
0 0.3734375 0.45390625 0.02421875 0.01640625
0 0.4125 0.4765625 0.01171875 0.0265625
0 0.434375 0.4765625 0.03671875 0.053125
0 0.4609375 0.471875 0.0109375 0.015625
0 0.5046875 0.46796875 0.01328125 0.01796875
0 0.5484375 0.46796875 0.01484375 0.0265625
0 0.5265625 0.49140625 0.04375 0.05859375
0 0.5265625 0.4578125 0.0125 0.009375
3 0.5140625 0.42109375 0.0375 0.028125
3 0.5390625 0.421875 0.015625 0.02109375
3 0.58359375 0.4125 0.009375 0.02109375
0 0.6359375 0.47109375 0.01484375 0.0140625
0 0.72109375 0.475 0.02421875 0.021875
0 0.7765625 0.46640625 0.0453125 0.021875
0 0.85625 0.47109375 0.0421875 0.0390625
0 0.8234375 0.46796875 0.021875 0.025
0 0.9046875 0.48046875 0.065625 0.0625
0 0.978125 0.48125 0.0421875 0.0640625
3 0.825 0.434375 0.02578125 0.009375