2 0.015625 0.19375 0.01171875 0.0484375
2 0.08515625 0.04453125 0.0109375 0.0640625
2 0.109375 0.0453125 0.0125 0.071875
2 0.5265625 0.15390625 0.01171875 0.04453125
2 0.5125 0.1578125 0.009375 0.0375
2 0.03203125 0.19375 0.01171875 0.0484375
2 0.01796875 0.31484375 0.01640625 0.02890625
0 0.1859375 0.378125 0.03828125 0.05859375
0 0.39375 0.38125 0.04765625 0.065625
0 0.6984375 0.3546875 0.053125 0.06796875
0 0.2890625 0.371875 0.0171875 0.021875
0 0.2109375 0.38203125 0.01171875 0.03359375
0 0.228125 0.378125 0.02265625 0.028125
0 0.25 0.37421875 0.0171875 0.0234375
0 0.3671875 0.38125 0.02421875 0.0484375
0 0.33515625 0.371875 0.01171875 0.02890625
0 0.3265625 0.37109375 0.0109375 0.0234375
0 0.32109375 0.3640625 0.0125 0.01640625
0 0.728125 0.3390625 0.0359375 0.0609375
0 0.746875 0.328125 0.015625 0.0375
0 0.7609375 0.31875 0.01640625 0.028125
0 0.76875 0.30859375 0.02109375 0.03046875
0 0.78359375 0.3015625 0.01953125 0.03046875
0 0.82578125 0.3 0.0328125 0.03046875
0 0.2703125 0.375 0.01484375 0.01953125
2 0.2796875 0.34609375 0.00546875 0.015625
2 0.303125 0.34296875 0.00546875 0.01640625
3 0.02421875 0.24609375 0.02109375 0.0140625
3 0.5265625 0.31875 0.015625 0.03046875