0 0.45859375 0.41015625 0.0109375 0.02109375
0 0.44375 0.41484375 0.03203125 0.046875
0 0.4125 0.42890625 0.04765625 0.05546875
0 0.290625 0.44921875 0.20546875 0.27890625
0 0.0890625 0.47109375 0.17734375 0.1640625
2 0.08125 0.30234375 0.01328125 0.059375
0 0.4765625 0.41875 0.0421875 0.0890625
0 0.53203125 0.428125 0.0953125 0.1515625
0 0.58046875 0.41796875 0.015625 0.0609375
0 0.615625 0.425 0.0765625 0.09296875
2 0.6859375 0.23671875 0.01171875 0.05703125
3 0.67734375 0.121875 0.065625 0.0390625
3 0.67734375 0.17578125 0.02734375 0.0609375
1 0.75 0.403125 0.0265625 0.125
1 0.7203125 0.40234375 0.025 0.11953125
2 0.69375 0.31015625 0.01640625 0.025