0 0.4203125 0.36953125 0.02265625 0.034375
0 0.403125 0.378125 0.02109375 0.03359375
0 0.3859375 0.37421875 0.025 0.04453125
0 0.371875 0.378125 0.02109375 0.04140625
0 0.3546875 0.3796875 0.02734375 0.05703125
0 0.47265625 0.3625 0.01484375 0.02109375
0 0.571875 0.36953125 0.0171875 0.03046875
0 0.584375 0.365625 0.015625 0.0234375
0 0.59375 0.365625 0.025 0.0375
0 0.6390625 0.3859375 0.03046875 0.0484375
0 0.6625 0.3921875 0.04453125 0.05703125
0 0.1984375 0.41171875 0.07109375 0.1015625
0 0.1171875 0.4203125 0.12265625 0.140625
0 0.4421875 0.3671875 0.02109375 0.0265625
0 0.60625 0.37890625 0.03203125 0.034375
0 0.70546875 0.4015625 0.0609375 0.07890625
0 0.3234375 0.38828125 0.05 0.05859375
0 0.521875 0.40859375 0.11484375 0.1875
0 0.034375 0.42578125 0.06875 0.17109375