3 0.3609375 0.3328125 0.01171875 0.025
2 0.24765625 0.284375 0.0125 0.0234375
3 0.3609375 0.35859375 0.01015625 0.0109375
3 0.3671875 0.36328125 0.0109375 0.01796875
3 0.75 0.21484375 0.021875 0.01796875
3 0.75 0.2296875 0.0265625 0.025
0 0.26328125 0.371875 0.0078125 0.0140625
0 0.3125 0.38203125 0.01328125 0.01796875
0 0.3234375 0.3875 0.01640625 0.025
0 0.3296875 0.39765625 0.01484375 0.02890625
0 0.2625 0.378125 0.0140625 0.015625
0 0.290625 0.3890625 0.028125 0.04140625
0 0.3625 0.425 0.07265625 0.10390625
0 0.9765625 0.453125 0.04609375 0.12109375
3 0.75 0.2921875 0.025 0.0609375