0 0.30625 0.54765625 0.03515625 0.06796875
0 0.53125 0.5625 0.10234375 0.175
0 0.67109375 0.57890625 0.26640625 0.30546875
0 0.840625 0.73359375 0.31875 0.52890625
0 0.25625 0.55859375 0.09296875 0.14296875
2 0.071875 0.521875 0.0203125 0.0234375
2 0.22421875 0.43046875 0.00546875 0.03046875
2 0.2203125 0.428125 0.00703125 0.03046875
2 0.38203125 0.4265625 0.0046875 0.021875
2 0.2125 0.4296875 0.00703125 0.02890625
2 0.37734375 0.42578125 0.0078125 0.02109375
3 0.08046875 0.425 0.028125 0.0375
3 0.44453125 0.484375 0.01328125 0.021875
3 0.159375 0.42734375 0.02109375 0.0125
3 0.0828125 0.46484375 0.01875 0.0140625
3 0.1890625 0.465625 0.0125 0.009375
3 0.190625 0.490625 0.01328125 0.00859375
3 0.4265625 0.4296875 0.03125 0.0140625
3 0.39296875 0.42109375 0.0125 0.0140625
3 0.4578125 0.45546875 0.0125 0.02109375
3 0.459375 0.475 0.01484375 0.009375
3 0.4875 0.446875 0.01875 0.021875
2 0.4578125 0.43359375 0.0078125 0.02109375
3 0.7015625 0.30078125 0.03203125 0.1
0 0.0515625 0.5765625 0.03671875 0.0609375
1 0.04453125 0.578125 0.01484375 0.040625
0 0.06171875 0.71328125 0.121875 0.328125