3 0.57109375 0.41328125 0.015625 0.0125
3 0.5671875 0.39296875 0.0203125 0.03046875
3 0.57578125 0.378125 0.01640625 0.0140625
3 0.484375 0.4296875 0.0109375 0.02109375
3 0.35078125 0.40546875 0.0078125 0.0140625
3 0.33828125 0.42109375 0.0171875 0.0140625
3 0.3171875 0.415625 0.0125 0.02890625
3 0.3046875 0.44140625 0.02109375 0.01640625
3 0.1359375 0.36484375 0.02734375 0.015625
3 0.140625 0.346875 0.0203125 0.0140625
3 0.12421875 0.3296875 0.01875 0.015625
3 0.13125 0.31484375 0.00859375 0.015625
3 0.7125 0.309375 0.0328125 0.015625
2 0.3015625 0.2890625 0.0125 0.04296875
2 0.4625 0.321875 0.00625 0.03359375
3 0.3828125 0.434375 0.0046875 0.0140625
2 0.471875 0.325 0.01171875 0.03359375
2 0.1203125 0.4 0.0265625 0.028125
2 0.2203125 0.4 0.01640625 0.0234375
2 0.58203125 0.428125 0.0078125 0.01640625
0 0.428125 0.484375 0.03203125 0.0359375
0 0.36328125 0.47578125 0.01640625 0.0265625
0 0.3484375 0.4875 0.0234375 0.040625
0 0.334375 0.49375 0.034375 0.0484375
0 0.87890625 0.5140625 0.1359375 0.078125
0 0.38984375 0.5203125 0.08203125 0.11796875
0 0.2890625 0.5125 0.08359375 0.103125
2 0.24765625 0.4375 0.009375 0.0265625
0 0.1453125 0.49921875 0.06171875 0.0765625
0 0.0921875 0.5890625 0.184375 0.3390625