0 0.453125 0.65078125 0.084375 0.1484375
0 0.525 0.69140625 0.13203125 0.178125
0 0.371875 0.61328125 0.01875 0.0375
0 0.35625 0.60625 0.01640625 0.0234375
0 0.3453125 0.59609375 0.009375 0.01796875
0 0.290625 0.596875 0.009375 0.02109375
0 0.2796875 0.60390625 0.01640625 0.028125
0 0.26484375 0.60546875 0.0140625 0.04609375
0 0.2546875 0.61015625 0.01875 0.046875
0 0.228125 0.615625 0.03984375 0.0625
0 0.39375 0.625 0.04296875 0.06796875
0 0.728125 0.75390625 0.340625 0.3109375
0 0.975 0.61640625 0.04921875 0.06640625
0 0.840625 0.61953125 0.0796875 0.05859375
0 0.36484375 0.6078125 0.01328125 0.028125