2 0.3203125 0.2984375 0.00703125 0.0265625
2 0.3265625 0.29765625 0.00703125 0.0234375
2 0.3140625 0.2953125 0.0046875 0.02890625
2 0.1859375 0.38828125 0.009375 0.02109375
2 0.4609375 0.30234375 0.00546875 0.0265625
2 0.45625 0.30234375 0.0046875 0.0265625
2 0.46640625 0.3015625 0.0046875 0.028125
2 0.43359375 0.371875 0.00546875 0.015625
2 0.384375 0.3765625 0.0046875 0.0140625
0 0.4234375 0.42265625 0.0109375 0.02109375
0 0.39296875 0.415625 0.009375 0.01953125
0 0.378125 0.421875 0.0109375 0.021875
0 0.365625 0.42421875 0.00859375 0.01640625
0 0.35625 0.428125 0.01484375 0.0234375
0 0.3484375 0.4296875 0.009375 0.0234375
0 0.340625 0.43046875 0.01171875 0.02890625
0 0.33125 0.4328125 0.01484375 0.03359375
0 0.3046875 0.4359375 0.0328125 0.04296875
0 0.22890625 0.4515625 0.05625 0.0640625
0 0.165625 0.4671875 0.075 0.06796875
0 0.15625 0.428125 0.0546875 0.0234375
0 0.409375 0.4265625 0.01953125 0.028125
0 0.4328125 0.42265625 0.0078125 0.02109375
0 0.44375 0.42578125 0.01953125 0.03359375
0 0.4703125 0.4203125 0.0234375 0.02890625
0 0.4859375 0.42890625 0.015625 0.03359375
0 0.509375 0.42734375 0.03125 0.04296875
0 0.5453125 0.440625 0.028125 0.0609375
0 0.5765625 0.43984375 0.05859375 0.078125
0 0.615625 0.4375 0.07109375 0.10546875
0 0.690625 0.453125 0.11953125 0.1140625
0 0.6578125 0.403125 0.04453125 0.0234375
1 0.9390625 0.42109375 0.03671875 0.13203125
3 0.74375 0.27734375 0.02109375 0.02109375
3 0.5171875 0.38125 0.00859375 0.02109375
3 0.5390625 0.359375 0.01171875 0.0125