0 0.5484375 0.5109375 0.0078125 0.0109375
0 0.5375 0.509375 0.0109375 0.015625
0 0.5265625 0.5125 0.00859375 0.02109375
0 0.51953125 0.51328125 0.01171875 0.0234375
0 0.5109375 0.51328125 0.01171875 0.03046875
0 0.4921875 0.51796875 0.02421875 0.03359375
0 0.4640625 0.52265625 0.0234375 0.0484375
0 0.45 0.52578125 0.02265625 0.05546875
0 0.4265625 0.51875 0.0375 0.08046875
0 0.3828125 0.528125 0.07890625 0.1109375
0 0.5703125 0.51171875 0.00859375 0.01953125
0 0.5796875 0.5140625 0.0078125 0.03203125
0 0.5859375 0.51328125 0.00859375 0.040625
0 0.5921875 0.51796875 0.01953125 0.05390625
0 0.6078125 0.52265625 0.03125 0.0640625
0 0.6140625 0.528125 0.02109375 0.0640625
0 0.6421875 0.540625 0.0671875 0.090625
2 0.68203125 0.43359375 0.01640625 0.02109375
0 0.49765625 0.5125 0.02109375 0.0390625
0 0.575 0.51171875 0.0078125 0.025
0 0.5328125 0.51328125 0.00703125 0.02109375