0 0.01953125 0.43046875 0.03671875 0.03203125
0 0.065625 0.4234375 0.025 0.025
0 0.1296875 0.46328125 0.0359375 0.04140625
0 0.065625 0.453125 0.03125 0.03359375
0 0.21875 0.42109375 0.0296875 0.025
0 0.19375 0.428125 0.0140625 0.02109375
0 0.1296875 0.4296875 0.01796875 0.02109375
0 0.28671875 0.434375 0.00859375 0.01640625
0 0.3015625 0.44296875 0.02109375 0.015625
0 0.27265625 0.440625 0.02265625 0.03359375
0 0.32578125 0.4515625 0.0109375 0.01953125
0 0.334375 0.4515625 0.01328125 0.028125
0 0.3453125 0.4625 0.02109375 0.0359375
0 0.19375 0.47578125 0.06875 0.05546875
0 0.2921875 0.47890625 0.03828125 0.05703125
0 0.375 0.471875 0.02421875 0.0390625
0 0.4125 0.525 0.04296875 0.05703125
0 0.440625 0.54296875 0.05703125 0.0765625
0 0.47890625 0.565625 0.0703125 0.0984375
0 0.578125 0.590625 0.16953125 0.203125
0 0.0625 0.625 0.125 0.34375
0 0.81328125 0.7578125 0.36953125 0.3734375
2 0.1828125 0.35234375 0.0109375 0.0234375
2 0.265625 0.4015625 0.00859375 0.01640625
2 0.32890625 0.37109375 0.01171875 0.01953125
2 0.3109375 0.40546875 0.00703125 0.01640625
3 0.29921875 0.3890625 0.009375 0.00859375
3 0.3234375 0.40234375 0.015625 0.00859375
3 0.36171875 0.39453125 0.0078125 0.01953125
3 0.37109375 0.38046875 0.0296875 0.0125
0 0.09921875 0.425 0.0390625 0.028125