3 0.72734375 0.296875 0.015625 0.03359375
3 0.7390625 0.321875 0.03046875 0.02890625
3 0.3875 0.55625 0.009375 0.01640625
0 0.078125 0.75234375 0.15234375 0.3984375
0 0.265625 0.66171875 0.13828125 0.14140625
0 0.37109375 0.60390625 0.0359375 0.05
0 0.94765625 0.778125 0.10234375 0.359375
0 0.7890625 0.6734375 0.2359375 0.23046875
0 0.64453125 0.6359375 0.10703125 0.1390625
0 0.5734375 0.61796875 0.06640625 0.0890625
0 0.5453125 0.6015625 0.046875 0.07890625
0 0.5203125 0.6 0.03203125 0.06953125
0 0.503125 0.59453125 0.0171875 0.0515625
0 0.4921875 0.59140625 0.01875 0.04296875
0 0.478125 0.58828125 0.0125 0.03359375
0 0.475 0.578125 0.03515625 0.05390625
0 0.44921875 0.58046875 0.01953125 0.028125
0 0.43828125 0.57890625 0.01640625 0.02890625
0 0.42265625 0.58203125 0.01484375 0.02109375
0 0.4109375 0.578125 0.0125 0.03046875
0 0.4 0.584375 0.00546875 0.028125