3 0.2578125 0.3109375 0.05703125 0.01953125
2 0.23671875 0.47578125 0.01640625 0.02109375
2 0.109375 0.45546875 0.02421875 0.03359375
2 0.3234375 0.315625 0.01328125 0.0515625
2 0.3125 0.31640625 0.009375 0.04453125
2 0.334375 0.31796875 0.01328125 0.046875
3 0.115625 0.36875 0.021875 0.015625
3 0.67734375 0.3890625 0.03125 0.0359375
3 0.978125 0.2828125 0.03984375 0.04453125
2 0.5328125 0.340625 0.021875 0.053125
0 0.39765625 0.534375 0.01875 0.04296875
0 0.3796875 0.53125 0.0265625 0.0484375
0 0.41875 0.5453125 0.03828125 0.059375
0 0.35078125 0.54609375 0.04765625 0.0484375
0 0.31875 0.546875 0.02265625 0.0515625
0 0.6890625 0.53671875 0.13046875 0.2125
0 0.76953125 0.590625 0.20546875 0.2484375
0 0.528125 0.553125 0.2078125 0.39140625
0 0.90078125 0.66171875 0.1953125 0.434375