2 0.47890625 0.50703125 0.015625 0.06640625
2 0.2609375 0.44921875 0.01796875 0.07109375
2 0.78359375 0.62578125 0.02578125 0.0484375
2 0.6015625 0.65546875 0.0203125 0.04609375
3 0.75625 0.51953125 0.040625 0.02109375
3 0.7640625 0.5625 0.02578125 0.0625
3 0.4828125 0.6515625 0.0109375 0.0265625
0 0.2609375 0.7421875 0.04921875 0.08359375
0 0.20390625 0.76328125 0.0734375 0.109375
0 0.446875 0.69765625 0.0109375 0.025
0 0.4625 0.696875 0.01640625 0.0265625
0 0.4859375 0.7125 0.021875 0.034375
0 0.5140625 0.73984375 0.046875 0.071875
0 0.6671875 0.76953125 0.1640625 0.1640625
0 0.81640625 0.84609375 0.28984375 0.303125
0 0.9671875 0.9390625 0.06171875 0.115625
0 0.4203125 0.6859375 0.028125 0.034375
0 0.3140625 0.71796875 0.0375 0.04609375
0 0.12890625 0.778125 0.11953125 0.14296875
0 0.4203125 0.84140625 0.196875 0.2734375
2 0.24140625 0.446875 0.01171875 0.078125