0 0.0390625 0.4015625 0.078125 0.06875
0 0.11953125 0.40390625 0.06875 0.04296875
0 0.1703125 0.40234375 0.04453125 0.04296875
2 0.175 0.17890625 0.01171875 0.053125
2 0.1390625 0.3125 0.01796875 0.06640625
2 0.4625 0.26171875 0.01328125 0.04453125
3 0.2671875 0.34765625 0.0234375 0.0375
3 0.2359375 0.290625 0.02109375 0.04453125
3 0.6046875 0.34140625 0.02109375 0.0375
3 0.6078125 0.2640625 0.02109375 0.03203125
2 0.65 0.3296875 0.01328125 0.0265625
2 0.6984375 0.29609375 0.01796875 0.05546875
2 0.665625 0.20625 0.01796875 0.06640625
2 0.6953125 0.078125 0.01796875 0.07890625
0 0.7921875 0.41484375 0.07265625 0.05859375
0 0.8828125 0.40859375 0.04296875 0.0640625
2 0.2625 0.25546875 0.01875 0.0515625