0 0.81875 0.66171875 0.35546875 0.45390625
0 0.2 0.50546875 0.09765625 0.10703125
0 0.38203125 0.46796875 0.0171875 0.0234375
0 0.3484375 0.47265625 0.015625 0.0234375
0 0.253125 0.490625 0.04765625 0.0859375
0 0.28359375 0.48359375 0.03828125 0.07109375
0 0.3 0.471875 0.03203125 0.0625
0 0.321875 0.4703125 0.01640625 0.059375
0 0.6453125 0.5984375 0.24296875 0.3140625
0 0.5265625 0.5265625 0.1140625 0.1765625
0 0.46875 0.5046875 0.0515625 0.11953125
0 0.45 0.48671875 0.03046875 0.071875
0 0.4390625 0.48125 0.0390625 0.075
0 0.42265625 0.465625 0.02421875 0.05
0 0.40546875 0.471875 0.01328125 0.028125
3 0.1703125 0.36328125 0.03515625 0.05703125
3 0.5 0.38125 0.028125 0.0515625
3 0.9515625 0.01796875 0.05859375 0.02890625
0 0.33203125 0.47109375 0.021875 0.0609375