3 0.2953125 0.12734375 0.07890625 0.0625
3 0.128125 0.27421875 0.03515625 0.05546875
2 0.05 0.328125 0.02890625 0.0609375
2 0.52265625 0.1765625 0.015625 0.0640625
2 0.85625 0.22734375 0.0234375 0.05859375
2 0.50546875 0.1703125 0.01640625 0.0765625
2 0.83203125 0.234375 0.01875 0.0765625
3 0.36640625 0.4109375 0.01171875 0.02109375
2 0.190625 0.4734375 0.00546875 0.0234375
0 0.51640625 0.60078125 0.1640625 0.2265625
0 0.2125 0.59453125 0.13125 0.1484375
0 0.31328125 0.53984375 0.03984375 0.03046875
0 0.64921875 0.565625 0.03671875 0.05546875
0 0.92890625 0.56171875 0.140625 0.22890625
0 0.83828125 0.590625 0.09140625 0.0859375
0 0.7875 0.57421875 0.08203125 0.071875
0 0.7359375 0.571875 0.02890625 0.04453125
0 0.71640625 0.5640625 0.040625 0.04453125
0 0.6953125 0.559375 0.02890625 0.04296875
0 0.4359375 0.56171875 0.0578125 0.0859375
0 0.40546875 0.546875 0.01953125 0.04453125
0 0.3796875 0.55 0.0328125 0.0375
0 0.146875 0.57890625 0.04765625 0.10390625
0 0.2671875 0.52890625 0.03203125 0.028125
0 0.1375 0.53984375 0.0421875 0.0515625
0 0.134375 0.50546875 0.03046875 0.021875