0 0.0328125 0.56953125 0.06484375 0.0984375
0 0.059375 0.5453125 0.03515625 0.025
0 0.15859375 0.5484375 0.02578125 0.0140625
0 0.2703125 0.5625 0.04453125 0.05859375
0 0.31875 0.56328125 0.01796875 0.025
0 0.46484375 0.5609375 0.01328125 0.015625
0 0.4921875 0.5578125 0.01640625 0.01796875
0 0.228125 0.559375 0.03359375 0.040625
0 0.3015625 0.55703125 0.01328125 0.01640625
3 0.3453125 0.48828125 0.0109375 0.00703125
3 0.37109375 0.490625 0.01015625 0.00859375
3 0.3640625 0.5078125 0.02421875 0.02109375
3 0.334375 0.50625 0.0359375 0.028125
3 0.6 0.528125 0.01328125 0.02109375