3 0.234375 0.41484375 0.0140625 0.0234375
3 0.30625 0.23515625 0.015625 0.025
3 0.634375 0.4390625 0.0390625 0.0515625
3 0.63515625 0.47578125 0.0390625 0.0359375
2 0.31015625 0.2828125 0.015625 0.06953125
2 0.23671875 0.4609375 0.01328125 0.065625
2 0.24921875 0.459375 0.0140625 0.0609375
2 0.546875 0.43046875 0.009375 0.02890625
2 0.903125 0.3296875 0.02734375 0.0875
3 0.8046875 0.5015625 0.015625 0.0609375
1 0.5734375 0.54609375 0.02109375 0.09140625
2 0.4796875 0.48984375 0.00390625 0.02109375
0 0.47265625 0.5265625 0.0125 0.015625
0 0.5015625 0.521875 0.009375 0.015625
0 0.5046875 0.52578125 0.0109375 0.02109375
0 0.390625 0.53203125 0.01796875 0.025
0 0.26875 0.60703125 0.12421875 0.171875
0 0.36640625 0.56484375 0.0609375 0.0734375
0 0.484375 0.53125 0.015625 0.028125
0 0.5140625 0.528125 0.02265625 0.025
0 0.934375 0.5015625 0.1296875 0.24296875