0 0.5125 0.58203125 0.15625 0.225
0 0.6796875 0.5375 0.1140625 0.14140625
0 0.26875 0.50390625 0.0515625 0.04296875
0 0.34453125 0.50703125 0.046875 0.01796875
0 0.378125 0.503125 0.0171875 0.021875
0 0.4234375 0.50234375 0.01640625 0.0140625
0 0.4453125 0.503125 0.01171875 0.0109375
0 0.75078125 0.5171875 0.0109375 0.02890625
0 0.7484375 0.5171875 0.01328125 0.015625
0 0.796875 0.5375 0.11015625 0.121875
0 0.34765625 0.48828125 0.01875 0.0140625
0 0.046875 0.53125 0.09296875 0.05546875
0 0.8953125 0.61640625 0.20859375 0.2859375
0 0.6203125 0.521875 0.0484375 0.08359375
3 0.6703125 0.434375 0.01171875 0.00859375
3 0.6578125 0.453125 0.04375 0.034375
0 0.0796875 0.5078125 0.13671875 0.084375