0 0.9109375 0.4765625 0.17734375 0.27109375
0 0.05 0.51796875 0.09921875 0.19140625
0 0.1578125 0.503125 0.184375 0.15703125
0 0.546875 0.428125 0.04609375 0.075
0 0.57890625 0.42265625 0.0140625 0.0265625
0 0.3328125 0.45 0.05078125 0.04296875
1 0.3421875 0.44921875 0.01953125 0.0484375
0 0.29375 0.446875 0.0171875 0.08046875
0 0.378125 0.453125 0.03046875 0.1234375
3 0.16875 0.32109375 0.025 0.0625
3 0.82421875 0.18671875 0.0296875 0.053125
3 0.825 0.22578125 0.0328125 0.03046875
2 0.4640625 0.3421875 0.00703125 0.03046875
2 0.471875 0.3421875 0.00625 0.03046875
2 0.434375 0.390625 0.0109375 0.025
2 0.3875 0.37578125 0.0109375 0.03359375
2 0.51484375 0.4015625 0.00625 0.025
3 0.48125 0.390625 0.009375 0.021875
2 0.60859375 0.328125 0.0109375 0.0359375
3 0.83125 0.284375 0.0171875 0.08203125
2 0.70234375 0.36875 0.0140625 0.04140625
2 0.39375 0.340625 0.0125 0.0359375