0 0.12421875 0.55703125 0.09453125 0.0609375
0 0.215625 0.56796875 0.06484375 0.05859375
3 0.0765625 0.521875 0.0125 0.03046875
2 0.0875 0.4203125 0.01796875 0.05859375
3 0.2515625 0.346875 0.02421875 0.0359375
2 0.253125 0.4203125 0.01875 0.0984375
2 0.2734375 0.44375 0.015625 0.04140625
3 0.25625 0.49609375 0.0265625 0.04453125
3 0.25625 0.54375 0.0265625 0.046875
2 0.23203125 0.36640625 0.015625 0.04453125
0 0.071875 0.67421875 0.14296875 0.2484375
0 0.4296875 0.52109375 0.2984375 0.59453125
3 0.77734375 0.446875 0.01484375 0.01796875
2 0.765625 0.46796875 0.01171875 0.01796875
2 0.7734375 0.48828125 0.0234375 0.05546875
2 0.7671875 0.3359375 0.0125 0.05859375
3 0.8953125 0.371875 0.0265625 0.0390625
2 0.89375 0.45546875 0.02734375 0.109375
3 0.896875 0.5390625 0.0359375 0.053125
0 0.740625 0.59453125 0.12109375 0.06640625
3 0.6828125 0.5734375 0.009375 0.028125
2 0.0546875 0.27109375 0.021875 0.07109375
2 0.0171875 0.4609375 0.028125 0.0390625