2 0.4421875 0.2875 0.01015625 0.0359375
2 0.54296875 0.309375 0.01171875 0.034375
2 0.5375 0.353125 0.0078125 0.02109375
2 0.484375 0.365625 0.00703125 0.021875
2 0.43125 0.2875 0.0078125 0.0265625
3 0.60703125 0.34375 0.01484375 0.0109375
3 0.6 0.3609375 0.009375 0.0125
3 0.5765625 0.36953125 0.01015625 0.0125
3 0.553125 0.3765625 0.0046875 0.01796875
0 0.27578125 0.428125 0.06875 0.040625
0 0.196875 0.43125 0.046875 0.059375
0 0.13984375 0.43046875 0.06328125 0.06953125
0 0.5171875 0.42578125 0.03125 0.04453125
0 0.646875 0.415625 0.025 0.03203125
0 0.625 0.4015625 0.0125 0.02890625
0 0.66953125 0.42578125 0.03359375 0.040625
0 0.7171875 0.43046875 0.078125 0.05546875
0 0.8296875 0.4140625 0.09140625 0.0609375
0 0.9515625 0.4203125 0.09375 0.0734375
0 0.028125 0.471875 0.05390625 0.146875