2 0.3890625 0.4109375 0.009375 0.01953125
2 0.42734375 0.43828125 0.0078125 0.01953125
2 0.43359375 0.4453125 0.009375 0.01953125
2 0.44921875 0.4484375 0.0078125 0.021875
2 0.521875 0.43671875 0.0109375 0.021875
2 0.584375 0.39765625 0.009375 0.021875
0 0.49921875 0.46875 0.0203125 0.0484375
0 0.48203125 0.4625 0.01640625 0.03203125
0 0.47265625 0.4609375 0.01875 0.02890625
0 0.4515625 0.4625 0.01875 0.0359375
0 0.4265625 0.4734375 0.02421875 0.0484375
0 0.403125 0.478125 0.0328125 0.071875
0 0.3515625 0.48359375 0.07265625 0.11640625
0 0.515625 0.48046875 0.0265625 0.06796875
0 0.5671875 0.5125 0.11328125 0.184375
0 0.646875 0.51640625 0.0578125 0.0875
0 0.184375 0.5109375 0.2296875 0.2890625
0 0.084375 0.565625 0.16796875 0.3640625
3 0.359375 0.39375 0.01796875 0.015625
3 0.390625 0.38125 0.01640625 0.0140625
3 0.73046875 0.45703125 0.01328125 0.01953125
3 0.60625 0.40703125 0.01015625 0.015625
1 0.78984375 0.51484375 0.01796875 0.06796875
2 0.46640625 0.3796875 0.01015625 0.021875