3 0.625 0.384375 0.03203125 0.053125
3 0.6203125 0.42578125 0.0203125 0.02890625
3 0.4671875 0.36875 0.0171875 0.0359375
0 0.0296875 0.35859375 0.034375 0.03046875
0 0.12890625 0.36640625 0.01484375 0.01796875
0 0.14375 0.371875 0.01171875 0.01640625
0 0.1796875 0.3796875 0.03984375 0.04140625
0 0.20703125 0.38046875 0.0171875 0.034375
0 0.2234375 0.37734375 0.01171875 0.021875
0 0.240625 0.365625 0.025 0.053125
0 0.153125 0.37265625 0.01171875 0.021875
0 0.3046875 0.378125 0.0078125 0.025
0 0.340625 0.3734375 0.01015625 0.0125
0 0.3796875 0.39765625 0.0328125 0.0484375
0 0.29140625 0.3828125 0.0140625 0.0265625
0 0.31875 0.38828125 0.01640625 0.01640625
0 0.40390625 0.39140625 0.0140625 0.028125
0 0.265625 0.371875 0.03984375 0.0734375