0 0.13046875 0.42109375 0.2609375 0.30390625
0 0.43125 0.39609375 0.13671875 0.22890625
0 0.5046875 0.34765625 0.02734375 0.034375
0 0.525 0.340625 0.0140625 0.02890625
1 0.9828125 0.3421875 0.03203125 0.21796875
1 0.92265625 0.34765625 0.04375 0.2015625
1 0.8265625 0.36953125 0.0328125 0.1640625
1 0.7875 0.36484375 0.03828125 0.1875
1 0.7140625 0.3390625 0.01875 0.0984375
1 0.696875 0.353125 0.01875 0.11640625
1 0.69375 0.34296875 0.01484375 0.09296875
1 0.671875 0.3359375 0.01875 0.075
1 0.61015625 0.340625 0.01171875 0.05390625
1 0.6390625 0.3390625 0.01171875 0.05390625
1 0.5875 0.34453125 0.0078125 0.0515625
1 0.3078125 0.3625 0.0171875 0.09453125
1 0.32890625 0.359375 0.01171875 0.08046875
1 0.3390625 0.359375 0.009375 0.08203125
1 0.275 0.36875 0.0125 0.08359375
1 0.259375 0.359375 0.015625 0.0859375
1 0.22265625 0.346875 0.02890625 0.09140625
1 0.2421875 0.34765625 0.0171875 0.0890625
3 0.4515625 0.2125 0.01328125 0.03359375
3 0.4546875 0.25078125 0.01640625 0.0265625
1 0.6265625 0.34296875 0.0109375 0.04453125
3 0.59375 0.2703125 0.01328125 0.0140625