3 0.5625 0.4265625 0.08515625 0.08203125
3 0.6734375 0.36796875 0.03984375 0.0265625
3 0.6609375 0.4265625 0.08046875 0.10859375
3 0.45 0.490625 0.01796875 0.0484375
3 0.21875 0.45703125 0.0734375 0.0859375
3 0.725 0.421875 0.053125 0.04296875
0 0.05625 0.61953125 0.09296875 0.07109375
0 0.79296875 0.621875 0.084375 0.0875
0 0.6546875 0.6625 0.12265625 0.14296875
0 0.4734375 0.63046875 0.08125 0.1390625
0 0.18203125 0.60625 0.0578125 0.0484375
0 0.2265625 0.596875 0.0453125 0.0484375
0 0.34765625 0.5953125 0.021875 0.0109375
0 0.3890625 0.5875 0.01796875 0.015625
0 0.41875 0.575 0.015625 0.025
0 0.56796875 0.59375 0.03515625 0.05390625
0 0.515625 0.603125 0.021875 0.05
0 0.528125 0.59453125 0.021875 0.03203125
0 0.54296875 0.5875 0.0203125 0.028125
0 0.621875 0.575 0.01875 0.0265625
0 0.59296875 0.55 0.0171875 0.02109375
0 0.6921875 0.6046875 0.03359375 0.053125
0 0.65 0.584375 0.025 0.015625
0 0.6015625 0.58671875 0.0171875 0.025
0 0.5734375 0.546875 0.0125 0.0125
0 0.55078125 0.540625 0.01171875 0.021875
0 0.53515625 0.53515625 0.01171875 0.01953125
0 0.565625 0.54140625 0.00859375 0.015625
0 0.5921875 0.578125 0.009375 0.01953125
3 0.4078125 0.51875 0.009375 0.021875
0 0.471875 0.53515625 0.00859375 0.0140625
0 0.5015625 0.5296875 0.00625 0.00859375
0 0.5015625 0.54375 0.00703125 0.00859375
0 0.36875 0.58828125 0.01796875 0.0125
3 0.20546875 0.4046875 0.03359375 0.01953125