3 0.1703125 0.25234375 0.01171875 0.02890625
3 0.1890625 0.29921875 0.05234375 0.040625
3 0.2203125 0.29765625 0.0109375 0.028125
3 0.24765625 0.29921875 0.04921875 0.0359375
3 0.590625 0.18515625 0.0140625 0.071875
3 0.690625 0.2546875 0.01328125 0.0375
3 0.521875 0.24140625 0.00859375 0.040625
3 0.4921875 0.265625 0.01171875 0.0234375
3 0.47109375 0.28359375 0.01171875 0.0109375
3 0.5140625 0.2609375 0.01796875 0.0109375
3 0.5140625 0.27109375 0.01953125 0.00859375
1 0.51015625 0.30390625 0.01171875 0.02109375
1 0.54140625 0.309375 0.0125 0.02109375
1 0.55390625 0.3078125 0.01640625 0.02109375
1 0.49140625 0.340625 0.01875 0.090625
0 0.359375 0.32734375 0.0078125 0.040625
0 0.36484375 0.3296875 0.01875 0.040625
0 0.3234375 0.321875 0.05859375 0.0609375