0 0.55390625 0.4625 0.01953125 0.01953125
0 0.2875 0.428125 0.046875 0.04453125
0 0.25625 0.428125 0.090625 0.05703125
0 0.1984375 0.428125 0.046875 0.05
0 0.1609375 0.4171875 0.07578125 0.065625
0 0.12109375 0.4109375 0.0859375 0.06953125
0 0.078125 0.40234375 0.1078125 0.0875
0 0.0453125 0.4015625 0.090625 0.08125
0 0.01953125 0.4015625 0.0390625 0.075
0 0.72578125 0.490625 0.07265625 0.1
0 0.69921875 0.478125 0.01875 0.05
3 0.76953125 0.371875 0.01328125 0.021875
3 0.7390625 0.4078125 0.00703125 0.02109375