3 0.3703125 0.37421875 0.02109375 0.015625
3 0.37109375 0.38828125 0.0171875 0.0125
2 0.53515625 0.40390625 0.0109375 0.03046875
2 0.703125 0.384375 0.00859375 0.025
2 0.8078125 0.3953125 0.0109375 0.028125
3 0.73671875 0.40078125 0.01796875 0.01796875
3 0.76875 0.39296875 0.0125 0.0125
0 0.85625 0.53984375 0.09921875 0.2015625
0 0.5421875 0.46875 0.0390625 0.034375
0 0.50625 0.515625 0.08828125 0.171875
0 0.15 0.471875 0.08125 0.06953125
0 0.2140625 0.515625 0.09921875 0.2109375
0 0.09609375 0.5171875 0.1921875 0.3015625
0 0.065625 0.56484375 0.13125 0.2859375
0 0.7109375 0.596875 0.36875 0.39140625
0 0.3546875 0.540625 0.28046875 0.3140625