3 0.4515625 0.234375 0.0265625 0.0515625
3 0.384375 0.321875 0.028125 0.04140625
3 0.35234375 0.31171875 0.034375 0.03046875
3 0.4546875 0.3609375 0.03046875 0.03359375
3 0.615625 0.33671875 0.0078125 0.040625
3 0.6078125 0.38046875 0.034375 0.0609375
2 0.30078125 0.30390625 0.0125 0.0609375
2 0.32421875 0.4453125 0.0109375 0.01640625
2 0.5078125 0.0484375 0.02265625 0.09296875
2 0.07109375 0.4921875 0.0078125 0.02109375
2 0.46953125 0.42578125 0.01640625 0.03359375
0 0.16328125 0.52421875 0.03984375 0.05390625
0 0.3109375 0.5515625 0.10625 0.16640625
0 0.2140625 0.51796875 0.04765625 0.065625
0 0.2546875 0.50703125 0.0203125 0.0265625
0 0.028125 0.54609375 0.05625 0.0640625
0 0.11875 0.53046875 0.0234375 0.034375
1 0.4375 0.51328125 0.0203125 0.0859375
1 0.4578125 0.51875 0.01640625 0.075
0 0.825 0.4453125 0.1265625 0.14609375
0 0.66875 0.5375 0.16796875 0.26640625
0 0.82578125 0.653125 0.34140625 0.6875
2 0.24140625 0.47421875 0.0046875 0.01953125