0 0.084375 0.69921875 0.165625 0.1609375
0 0.1703125 0.67734375 0.028125 0.04140625
0 0.19375 0.68359375 0.025 0.03359375
0 0.2140625 0.67890625 0.02421875 0.03046875
0 0.2359375 0.678125 0.0203125 0.01953125
0 0.25390625 0.675 0.0171875 0.0265625
0 0.27421875 0.671875 0.0203125 0.021875
0 0.2875 0.67578125 0.0125 0.0140625
0 0.30078125 0.67265625 0.01328125 0.015625
3 0.02578125 0.63828125 0.01171875 0.0265625
0 0.3953125 0.6734375 0.01328125 0.0125
0 0.4390625 0.665625 0.01640625 0.01640625
0 0.4203125 0.6609375 0.0234375 0.02890625
0 0.4640625 0.65546875 0.0328125 0.04140625
0 0.5078125 0.659375 0.01875 0.028125
0 0.58828125 0.646875 0.01328125 0.0515625
3 0.271875 0.5984375 0.03515625 0.0625
3 0.240625 0.64453125 0.0078125 0.0140625
3 0.2578125 0.64296875 0.00703125 0.0140625
0 0.85234375 0.66015625 0.06953125 0.06953125
0 0.9359375 0.659375 0.1140625 0.09453125
0 0.9890625 0.67890625 0.01875 0.0625
3 0.8609375 0.51953125 0.0265625 0.0484375
3 0.865625 0.5640625 0.01171875 0.015625
3 0.728125 0.446875 0.05234375 0.07890625