3 0.0140625 0.35703125 0.028125 0.1109375
3 0.321875 0.28515625 0.0234375 0.046875
3 0.35 0.32578125 0.0109375 0.02109375
3 0.9734375 0.18046875 0.05078125 0.034375
3 0.946875 0.07578125 0.034375 0.02890625
3 0.0640625 0.31875 0.0078125 0.034375
0 0.3703125 0.390625 0.08203125 0.109375
0 0.6109375 0.39140625 0.10703125 0.125
0 0.4171875 0.3609375 0.0203125 0.03359375
0 0.44609375 0.35546875 0.0125 0.04453125
0 0.434375 0.3578125 0.01328125 0.02890625
0 0.13984375 0.3703125 0.0203125 0.0265625
0 0.159375 0.3421875 0.0203125 0.0125
0 0.1875 0.33828125 0.0109375 0.0140625
0 0.13515625 0.3390625 0.0203125 0.00859375
0 0.10625 0.33984375 0.01875 0.0140625
0 0.0765625 0.33984375 0.015625 0.009375
3 0.30625 0.29453125 0.03125 0.04140625