3 0.2296875 0.65390625 0.02109375 0.0125
3 0.4234375 0.65 0.02109375 0.009375
3 0.4609375 0.61640625 0.01171875 0.01640625
3 0.4421875 0.65390625 0.0109375 0.015625
3 0.5625 0.66328125 0.0125 0.046875
3 0.4890625 0.6578125 0.015625 0.00859375
3 0.30703125 0.678125 0.01328125 0.00546875
3 0.25546875 0.6859375 0.0078125 0.009375
3 0.2171875 0.69375 0.0078125 0.021875
3 0.46875 0.66640625 0.0109375 0.00859375
3 0.4625 0.64453125 0.00859375 0.009375
3 0.3921875 0.67890625 0.01484375 0.00703125
3 0.403125 0.67578125 0.0078125 0.0140625
3 0.409375 0.6828125 0.00859375 0.0140625
3 0.325 0.68671875 0.00859375 0.00859375
2 0.33203125 0.68125 0.00703125 0.01640625
2 0.253125 0.646875 0.0046875 0.02109375
2 0.396875 0.646875 0.00703125 0.01640625
2 0.25703125 0.64921875 0.0046875 0.0265625
2 0.46875 0.69296875 0.0078125 0.009375
1 0.428125 0.715625 0.00859375 0.0234375
0 0.365625 0.71328125 0.00859375 0.00859375
0 0.378125 0.7109375 0.01171875 0.0125
0 0.38359375 0.71953125 0.0109375 0.02109375
0 0.3953125 0.7203125 0.0171875 0.0265625
0 0.40625 0.71796875 0.0078125 0.015625
0 0.3546875 0.7140625 0.0125 0.0140625
0 0.32734375 0.71015625 0.01171875 0.01640625
0 0.33203125 0.715625 0.0125 0.009375
0 0.2984375 0.7375 0.0203125 0.02890625
0 0.4171875 0.721875 0.0125 0.021875
0 0.3703125 0.7375 0.028125 0.040625
0 0.334375 0.73203125 0.02734375 0.0359375
0 0.2828125 0.73828125 0.0328125 0.0484375
0 0.25 0.74375 0.02265625 0.0484375
0 0.23359375 0.746875 0.028125 0.08359375
0 0.54453125 0.75234375 0.05390625 0.08359375
0 0.60234375 0.759375 0.08359375 0.109375
0 0.6515625 0.77578125 0.0875 0.13046875
0 0.1203125 0.79765625 0.23984375 0.3625
0 0.97421875 0.91015625 0.05 0.175
0 0.43828125 0.725 0.00859375 0.04296875
0 0.4640625 0.72265625 0.0125 0.034375
3 0.5078125 0.71796875 0.00859375 0.0359375
0 0.51171875 0.7453125 0.025 0.028125