3 0.54921875 0.15625 0.1140625 0.04140625
3 0.69609375 0.41015625 0.046875 0.028125
3 0.7171875 0.378125 0.03203125 0.03046875
2 0.40078125 0.05546875 0.015625 0.1109375
2 0.38125 0.05625 0.0203125 0.1125
2 0.70703125 0.28046875 0.01640625 0.096875
2 0.7203125 0.484375 0.03671875 0.05703125
1 0.765625 0.63046875 0.0390625 0.14609375
0 0.421875 0.6546875 0.153125 0.2015625
0 0.2671875 0.65078125 0.12734375 0.14453125
0 0.33125 0.6203125 0.0640625 0.096875
0 0.6203125 0.65546875 0.08203125 0.09609375
0 0.5875 0.64296875 0.05625 0.090625
0 0.55 0.6359375 0.03046875 0.07890625
0 0.51875 0.6234375 0.028125 0.0515625
0 0.01328125 0.63984375 0.0265625 0.065625
0 0.0828125 0.63359375 0.08515625 0.084375
0 0.15625 0.63046875 0.07421875 0.0765625