3 0.5015625 0.41328125 0.0625 0.1109375
3 0.36875 0.41640625 0.01328125 0.025
0 0.68984375 0.45546875 0.0484375 0.046875
0 0.746875 0.44296875 0.025 0.03359375
0 0.76875 0.453125 0.0390625 0.0390625
0 0.88984375 0.45859375 0.05234375 0.05
0 0.99140625 0.478125 0.0171875 0.04609375
0 0.546875 0.44453125 0.02578125 0.028125
0 0.640625 0.44140625 0.021875 0.021875
0 0.6125 0.4375 0.02421875 0.021875
0 0.59140625 0.4390625 0.02265625 0.025
0 0.56875 0.434375 0.01328125 0.02109375
0 0.559375 0.43984375 0.0140625 0.01796875
0 0.54375 0.4328125 0.01796875 0.02109375
0 0.546875 0.44921875 0.0265625 0.01796875
0 0.528125 0.43046875 0.00859375 0.015625
0 0.45625 0.4234375 0.01171875 0.009375
0 0.4421875 0.42109375 0.01171875 0.009375
0 0.4046875 0.425 0.01015625 0.0125
0 0.0703125 0.4078125 0.028125 0.0140625
0 0.328125 0.415625 0.009375 0.0125
0 0.2890625 0.415625 0.00625 0.009375
3 0.80625 0.378125 0.0296875 0.02890625
3 0.83203125 0.37890625 0.0171875 0.025
3 0.7203125 0.4140625 0.00546875 0.015625
0 0.98125 0.446875 0.02578125 0.0109375