0 0.4296875 0.5328125 0.0140625 0.0109375
0 0.40625 0.53203125 0.0125 0.009375
0 0.39375 0.53515625 0.0125 0.009375
0 0.353125 0.53671875 0.01796875 0.0109375
0 0.33125 0.53671875 0.01484375 0.0125
0 0.3109375 0.5375 0.0140625 0.0140625
0 0.2859375 0.53828125 0.01875 0.015625
0 0.2671875 0.540625 0.01484375 0.0140625
0 0.225 0.54375 0.028125 0.015625
0 0.1421875 0.54375 0.01875 0.015625
0 0.62265625 0.53203125 0.00859375 0.01640625
0 0.584375 0.528125 0.00546875 0.01640625
0 0.6125 0.53359375 0.0125 0.01796875
0 0.59375 0.53203125 0.01796875 0.028125
0 0.56875 0.5359375 0.03125 0.053125
0 0.64453125 0.55078125 0.046875 0.05859375
0 0.73828125 0.54375 0.04140625 0.04453125
0 0.9328125 0.53515625 0.10703125 0.09609375
0 0.98984375 0.61484375 0.0203125 0.103125