1 0.159375 0.309375 0.04296875 0.06796875
1 0.428125 0.34296875 0.0109375 0.04296875
1 0.415625 0.35703125 0.01796875 0.053125
1 0.40078125 0.3515625 0.00859375 0.0515625
1 0.45546875 0.33359375 0.0140625 0.01953125
1 0.5484375 0.3640625 0.009375 0.0375
1 0.53515625 0.3578125 0.0109375 0.02890625
1 0.51015625 0.34921875 0.0109375 0.0390625
1 0.3640625 0.31484375 0.01171875 0.028125
0 0.2015625 0.3578125 0.0453125 0.071875
0 0.31875 0.37265625 0.16796875 0.10703125
2 0.4953125 0.1828125 0.009375 0.04296875
2 0.503125 0.18671875 0.0109375 0.046875
3 0.4875 0.1953125 0.01640625 0.0109375
3 0.49375 0.265625 0.01171875 0.015625
0 0.6921875 0.42578125 0.06796875 0.1765625
0 0.76796875 0.40390625 0.0921875 0.1109375
0 0.94453125 0.38046875 0.1109375 0.0828125
3 0.8140625 0.2515625 0.009375 0.040625
0 0.89375 0.44921875 0.2125 0.196875
0 0.46484375 0.40625 0.11171875 0.140625
0 0.56875 0.365625 0.021875 0.03203125
0 0.14375 0.43984375 0.28671875 0.59296875