3 0.02890625 0.4671875 0.0578125 0.103125
0 0.28203125 0.659375 0.015625 0.015625
0 0.3296875 0.65 0.01015625 0.0140625
0 0.1265625 0.67109375 0.07734375 0.05
0 0.38125 0.63984375 0.01328125 0.01640625
0 0.4078125 0.6515625 0.0109375 0.01796875
0 0.4171875 0.646875 0.00859375 0.0140625
0 0.44296875 0.64453125 0.00859375 0.0109375
0 0.43125 0.65 0.0125 0.01640625
0 0.453125 0.6484375 0.0109375 0.01640625
0 0.4640625 0.653125 0.01796875 0.025
0 0.50390625 0.64921875 0.015625 0.0265625
0 0.5296875 0.65234375 0.02578125 0.0390625
0 0.3921875 0.65859375 0.02421875 0.0375
0 0.48671875 0.65625 0.03203125 0.04453125
0 0.559375 0.671875 0.06875 0.08046875
0 0.35625 0.66484375 0.046875 0.071875
0 0.6640625 0.6484375 0.03046875 0.046875
0 0.778125 0.71015625 0.27890625 0.321875
0 0.4625 0.63984375 0.00859375 0.00703125
0 0.42265625 0.64609375 0.00390625 0.00703125
0 0.41171875 0.6484375 0.00703125 0.0140625
0 0.2953125 0.65390625 0.0125 0.01640625