0 0.1875 0.425 0.0734375 0.115625
0 0.1125 0.44765625 0.1 0.19140625
0 0.05 0.49765625 0.1 0.3640625
0 0.4140625 0.4109375 0.0734375 0.0875
0 0.45 0.428125 0.06640625 0.065625
0 0.525 0.41953125 0.103125 0.12109375
0 0.65546875 0.4171875 0.2140625 0.2234375
0 0.87109375 0.47890625 0.25703125 0.3015625
3 0.43046875 0.28828125 0.021875 0.0359375
3 0.240625 0.30234375 0.0140625 0.028125
3 0.24140625 0.33984375 0.01484375 0.0109375
2 0.153125 0.28828125 0.01015625 0.02890625
2 0.14453125 0.28984375 0.00859375 0.021875
3 0.43125 0.31875 0.0109375 0.02109375
3 0.43515625 0.334375 0.0125 0.0109375