3 0.71640625 0.29453125 0.0203125 0.0984375
3 0.6734375 0.33984375 0.08359375 0.025
3 0.61796875 0.4375 0.03203125 0.01640625
3 0.615625 0.384375 0.034375 0.059375
3 0.56875 0.41484375 0.021875 0.04453125
3 0.5765625 0.45546875 0.01796875 0.0234375
3 0.5328125 0.459375 0.01640625 0.015625
3 0.4125 0.39609375 0.02421875 0.015625
2 0.8171875 0.2921875 0.0375 0.07109375
2 0.553125 0.4609375 0.01328125 0.01953125
2 0.51796875 0.46640625 0.009375 0.02890625
2 0.384375 0.396875 0.00703125 0.0359375
2 0.37265625 0.38125 0.00703125 0.04296875
3 0.44453125 0.5109375 0.0265625 0.01953125
3 0.4421875 0.53984375 0.00625 0.02109375
1 0.6359375 0.55390625 0.02734375 0.15390625
0 0.359375 0.55703125 0.01953125 0.01640625
0 0.340625 0.5578125 0.0140625 0.0109375
0 0.3546875 0.58046875 0.02265625 0.0265625
0 0.38828125 0.8390625 0.009375 0.00703125
0 0.4484375 0.58203125 0.0234375 0.034375
0 0.42421875 0.5796875 0.01953125 0.025
0 0.384375 0.584375 0.0359375 0.04296875
0 0.32734375 0.57265625 0.0171875 0.0765625
0 0.26875 0.54921875 0.11484375 0.190625
0 0.1625 0.58984375 0.07109375 0.07890625
1 0.1078125 0.59921875 0.01328125 0.0640625
0 0.046875 0.59375 0.09375 0.128125
0 0.5234375 0.57578125 0.1 0.153125
1 0.9453125 0.51796875 0.0375 0.13203125