0 0.4734375 0.48671875 0.0109375 0.01640625
0 0.465625 0.49453125 0.0125 0.015625
0 0.4453125 0.49609375 0.009375 0.01640625
0 0.43359375 0.49375 0.01640625 0.021875
0 0.415625 0.49296875 0.015625 0.021875
0 0.40625 0.4890625 0.00703125 0.02890625
0 0.38984375 0.484375 0.0296875 0.04453125
0 0.3671875 0.484375 0.0234375 0.04140625
0 0.3515625 0.48359375 0.025 0.053125
0 0.325 0.4875 0.046875 0.05859375
0 0.2125 0.509375 0.11015625 0.11953125
0 0.48828125 0.49765625 0.02578125 0.04296875
0 0.503125 0.503125 0.02421875 0.05546875
0 0.5125 0.50859375 0.02421875 0.065625
0 0.534375 0.5078125 0.05 0.090625
0 0.578125 0.5125 0.0828125 0.11953125
0 0.6265625 0.5453125 0.128125 0.1265625
0 0.88359375 0.6125 0.2328125 0.46640625
0 0.45390625 0.496875 0.01640625 0.02109375