2 0.3953125 0.453125 0.0046875 0.015625
2 0.41640625 0.46796875 0.009375 0.0125
2 0.41171875 0.47109375 0.009375 0.009375
0 0.425 0.48359375 0.00859375 0.015625
0 0.40625 0.48515625 0.00859375 0.015625
0 0.4140625 0.4875 0.01328125 0.021875
0 0.3921875 0.48359375 0.00859375 0.0125
0 0.36640625 0.4796875 0.01171875 0.01796875
0 0.3515625 0.4828125 0.01875 0.02109375
0 0.33515625 0.48359375 0.01953125 0.01640625
2 0.3734375 0.4578125 0.00546875 0.01796875
2 0.428125 0.453125 0.00390625 0.015625
3 0.43515625 0.4515625 0.01015625 0.01640625
3 0.46015625 0.44296875 0.01171875 0.02109375
3 0.5109375 0.38203125 0.01015625 0.0109375