0 0.459375 0.428125 0.003125 0.0140625
0 0.453125 0.428125 0.0078125 0.0140625
0 0.45234375 0.44140625 0.00390625 0.0140625
0 0.434375 0.43984375 0.0046875 0.021875
0 0.46171875 0.45078125 0.01640625 0.0515625
0 0.5734375 0.46796875 0.04296875 0.07109375
0 0.5875 0.47421875 0.0265625 0.0640625
0 0.615625 0.48125 0.0625 0.1109375
0 0.3234375 0.49609375 0.10859375 0.14140625
0 0.44375 0.44375 0.0171875 0.028125
0 0.4828125 0.4640625 0.04453125 0.075
0 0.090625 0.52734375 0.18125 0.2078125
0 0.9359375 0.578125 0.128125 0.30859375
2 0.3828125 0.359375 0.00859375 0.0140625
2 0.47890625 0.39375 0.00390625 0.0140625
2 0.5078125 0.33359375 0.00546875 0.025
2 0.084375 0.33828125 0.009375 0.028125
2 0.07265625 0.33828125 0.00703125 0.028125
2 0.20625 0.38984375 0.0078125 0.02109375
2 0.221875 0.390625 0.0078125 0.01953125
2 0.50234375 0.3328125 0.0046875 0.0234375
2 0.5109375 0.3890625 0.0046875 0.01640625
2 0.5046875 0.3875 0.00390625 0.01640625
3 0.1171875 0.384375 0.01328125 0.00703125
2 0.3109375 0.39453125 0.0078125 0.0125
3 0.93046875 0.15859375 0.0421875 0.046875