1 0.65625 0.48203125 0.03046875 0.13203125
1 0.6875 0.48203125 0.0265625 0.12890625
0 0.403125 0.45078125 0.015625 0.025
0 0.45234375 0.43984375 0.0109375 0.01796875
0 0.4765625 0.4375 0.01484375 0.01796875
0 0.490625 0.44609375 0.01484375 0.01796875
0 0.49296875 0.43359375 0.009375 0.01640625
0 0.4640625 0.4515625 0.01796875 0.02890625
0 0.38046875 0.4640625 0.02109375 0.05
0 0.36484375 0.46953125 0.0359375 0.05859375
0 0.75078125 0.46796875 0.07890625 0.1125
0 0.7953125 0.46484375 0.04609375 0.115625
0 0.1546875 0.51796875 0.08359375 0.121875
1 0.1390625 0.471875 0.01171875 0.03359375
0 0.0609375 0.54609375 0.121875 0.1984375
0 0.25859375 0.46875 0.13828125 0.23203125
0 0.43984375 0.440625 0.0171875 0.028125
0 0.46640625 0.4546875 0.01953125 0.025
0 0.3515625 0.4828125 0.04921875 0.0640625
0 0.421875 0.446875 0.0171875 0.025
3 0.575 0.36171875 0.0140625 0.034375