3 0.1765625 0.11328125 0.0171875 0.03359375
2 0.3953125 0.01171875 0.0234375 0.0234375
2 0.1734375 0.17578125 0.01484375 0.084375
2 0.190625 0.18046875 0.01953125 0.090625
1 0.16796875 0.34375 0.0265625 0.1515625
1 0.690625 0.44375 0.0234375 0.13203125
1 0.715625 0.453125 0.02421875 0.1375
1 0.7703125 0.4625 0.02890625 0.14609375
1 0.753125 0.45078125 0.0203125 0.14140625
1 0.8015625 0.453125 0.03671875 0.146875
1 0.8609375 0.47265625 0.03046875 0.1390625
0 0.81640625 0.45859375 0.06328125 0.15859375
2 0.98125 0.32265625 0.03125 0.06640625
1 0.034375 0.31484375 0.03359375 0.15
1 0.06640625 0.31484375 0.03125 0.15
0 0.25 0.353125 0.04609375 0.13203125
0 0.246875 0.37265625 0.0484375 0.0859375
1 0.1421875 0.325 0.0234375 0.103125
1 0.5328125 0.3859375 0.015625 0.0375
0 0.30625 0.36328125 0.08125 0.10859375
0 0.471875 0.41953125 0.11015625 0.159375
0 0.43203125 0.365625 0.025 0.04140625
0 0.515625 0.36953125 0.01640625 0.04140625