2 0.6203125 0.0359375 0.01953125 0.071875
2 0.59375 0.03828125 0.01640625 0.0734375
3 0.7375 0.2875 0.03671875 0.03046875
2 0.7296875 0.33203125 0.00859375 0.03359375
2 0.759375 0.3265625 0.0203125 0.0359375
0 0.984375 0.4765625 0.0296875 0.0859375
3 0.128125 0.2078125 0.028125 0.02109375
3 0.153125 0.228125 0.0109375 0.021875
3 0.1421875 0.24609375 0.03984375 0.0234375
2 0.1546875 0.3609375 0.01328125 0.0359375
2 0.1265625 0.3640625 0.0234375 0.0375
2 0.48046875 0.38125 0.00546875 0.02109375
2 0.4234375 0.37421875 0.00546875 0.02109375
0 0.4515625 0.44296875 0.009375 0.01953125
0 0.44453125 0.45078125 0.01171875 0.02109375
0 0.43203125 0.440625 0.009375 0.0125
0 0.49375 0.45546875 0.03828125 0.05546875
0 0.425 0.45390625 0.0078125 0.0234375
0 0.4140625 0.45390625 0.009375 0.0234375
0 0.3328125 0.46640625 0.02421875 0.0515625
0 0.29296875 0.4734375 0.06328125 0.07109375
0 0.3765625 0.459375 0.07109375 0.1015625
3 0.52265625 0.415625 0.01171875 0.015625
0 0.5140625 0.45078125 0.009375 0.0484375
0 0.525 0.45078125 0.0109375 0.05546875
0 0.534375 0.45546875 0.015625 0.065625
0 0.55 0.45390625 0.01875 0.08359375
0 0.584375 0.45859375 0.071875 0.1015625
1 0.684375 0.440625 0.01484375 0.08203125