3 0.64609375 0.0140625 0.0875 0.028125
3 0.7578125 0.05390625 0.0875 0.03359375
3 0.75234375 0.115625 0.1125 0.084375
3 0.615625 0.1078125 0.165625 0.1625
3 0.6765625 0.30546875 0.0140625 0.01953125
3 0.60703125 0.36484375 0.009375 0.01640625
0 0.4234375 0.38203125 0.02734375 0.02890625
0 0.3828125 0.38046875 0.025 0.0265625
0 0.24140625 0.378125 0.04921875 0.05703125
0 0.3421875 0.378125 0.0296875 0.03046875
0 0.31875 0.378125 0.0171875 0.02109375
0 0.29921875 0.38125 0.02578125 0.0359375
0 0.571875 0.390625 0.05703125 0.09140625
0 0.51484375 0.3828125 0.02109375 0.0265625
0 0.60625 0.38828125 0.0140625 0.021875
0 0.9734375 0.509375 0.04921875 0.128125