0 0.5421875 0.54296875 0.01953125 0.028125
0 0.5625 0.53515625 0.01953125 0.0359375
0 0.5859375 0.53125 0.02421875 0.04453125
0 0.6203125 0.521875 0.0484375 0.08203125
0 0.653125 0.52890625 0.0578125 0.1
0 0.734375 0.53125 0.1453125 0.15859375
0 0.91328125 0.59609375 0.17265625 0.271875
0 0.3625 0.5453125 0.02421875 0.034375
0 0.33515625 0.53125 0.0359375 0.05546875
0 0.3015625 0.5296875 0.05 0.05703125
0 0.253125 0.52734375 0.0671875 0.075
0 0.1640625 0.53671875 0.1140625 0.1140625
0 0.0375 0.5421875 0.075 0.15859375