0 0.1015625 0.5078125 0.03515625 0.053125
0 0.0703125 0.52890625 0.059375 0.06953125
0 0.0453125 0.5546875 0.06640625 0.078125
0 0.1421875 0.50234375 0.01796875 0.028125
0 0.159375 0.49921875 0.01796875 0.03203125
0 0.1765625 0.51640625 0.02578125 0.04453125
0 0.20390625 0.5234375 0.02578125 0.0625
0 0.228125 0.53515625 0.04296875 0.071875
0 0.25 0.54921875 0.05859375 0.0765625
0 0.2640625 0.56171875 0.04921875 0.09140625
0 0.3109375 0.56875 0.0859375 0.13359375
0 0.3890625 0.59140625 0.15703125 0.190625
0 0.0171875 0.59609375 0.03359375 0.13203125
3 0.9234375 0.27265625 0.05078125 0.034375
3 0.9484375 0.303125 0.0734375 0.0359375
3 0.4234375 0.4359375 0.02265625 0.0484375