3 0.2140625 0.3140625 0.01328125 0.028125
3 0.23671875 0.31171875 0.01171875 0.01953125
0 0.27109375 0.34765625 0.01171875 0.02109375
0 0.265625 0.353125 0.01328125 0.02109375
0 0.25625 0.353125 0.015625 0.034375
0 0.246875 0.359375 0.0171875 0.040625
0 0.2375 0.35859375 0.015625 0.046875
0 0.23125 0.365625 0.015625 0.0515625
0 0.22421875 0.3703125 0.0234375 0.05703125
0 0.2140625 0.37265625 0.03046875 0.05703125
0 0.2015625 0.378125 0.03828125 0.06796875
0 0.3171875 0.34765625 0.02734375 0.046875
0 0.1578125 0.384375 0.0953125 0.109375
0 0.13984375 0.40078125 0.0734375 0.109375
0 0.590625 0.4 0.2546875 0.25703125
0 0.0734375 0.4234375 0.146875 0.184375
0 0.0421875 0.4890625 0.084375 0.24296875
0 0.284375 0.34921875 0.01328125 0.02109375
0 0.85 0.35 0.29765625 0.69453125