2 0.5734375 0.06953125 0.01953125 0.0765625
2 0.4515625 0.340625 0.00703125 0.01953125
2 0.4703125 0.3671875 0.00703125 0.01640625
2 0.5078125 0.33984375 0.00703125 0.01640625
2 0.50703125 0.3640625 0.0078125 0.0140625
2 0.6203125 0.35 0.01171875 0.02109375
2 0.2796875 0.40625 0.01171875 0.0359375
2 0.725 0.2703125 0.01484375 0.034375
2 0.140625 0.3640625 0.01171875 0.028125
2 0.15 0.36015625 0.01328125 0.034375
2 0.70625 0.27578125 0.01875 0.034375
2 0.590625 0.06640625 0.015625 0.07109375
3 0.69609375 0.240625 0.03125 0.0265625
3 0.6640625 0.275 0.01328125 0.01953125
3 0.5984375 0.325 0.015625 0.04296875
3 0.3796875 0.38359375 0.0125 0.0234375
2 0.403125 0.371875 0.009375 0.015625
2 0.446875 0.33984375 0.0078125 0.02109375
0 0.5171875 0.3953125 0.00859375 0.03046875
0 0.53125 0.39453125 0.02109375 0.0359375
0 0.4703125 0.4015625 0.01171875 0.021875
0 0.403125 0.421875 0.02265625 0.040625
0 0.30625 0.43828125 0.01640625 0.01640625
0 0.334375 0.4328125 0.03671875 0.0265625
0 0.3859375 0.43359375 0.03515625 0.04140625
0 0.5375 0.403125 0.0203125 0.03046875
0 0.4609375 0.40546875 0.01875 0.028125
0 0.4421875 0.4125 0.015625 0.028125
3 0.54453125 0.35625 0.00859375 0.0125
3 0.7078125 0.20625 0.02890625 0.01640625
1 0.2296875 0.42421875 0.00546875 0.0375
1 0.2578125 0.43359375 0.01171875 0.05546875
1 0.2375 0.42109375 0.0109375 0.0515625
0 0.19921875 0.46953125 0.04609375 0.0375