0 0.8453125 0.5875 0.30625 0.81796875
0 0.0609375 0.58203125 0.12109375 0.1234375
0 0.6375 0.61640625 0.17890625 0.2515625
0 0.14375 0.57421875 0.075 0.08359375
0 0.2 0.5640625 0.06640625 0.07109375
0 0.28515625 0.5515625 0.05625 0.0625
0 0.2421875 0.56484375 0.0265625 0.04296875
0 0.31875 0.54140625 0.0171875 0.034375
0 0.33125 0.5453125 0.01640625 0.03359375
0 0.34296875 0.540625 0.0171875 0.03359375
0 0.3578125 0.53671875 0.01484375 0.025
0 0.37421875 0.5390625 0.0140625 0.02890625
0 0.390625 0.53359375 0.01484375 0.021875
0 0.4046875 0.52734375 0.0140625 0.0265625
0 0.41875 0.525 0.01640625 0.021875
0 0.609375 0.546875 0.13359375 0.1625
0 0.55 0.54609375 0.046875 0.109375
0 0.5234375 0.53515625 0.0328125 0.046875
0 0.50859375 0.53359375 0.02109375 0.034375
0 0.5 0.52421875 0.01484375 0.025
0 0.43125 0.52734375 0.01015625 0.01796875
3 0.03515625 0.5015625 0.01953125 0.02890625