0 0.2703125 0.5203125 0.03203125 0.025
0 0.35234375 0.5078125 0.01328125 0.025
0 0.465625 0.503125 0.01875 0.0484375
0 0.33125 0.52265625 0.0484375 0.0625
0 0.38515625 0.5140625 0.05859375 0.0765625
0 0.4421875 0.528125 0.0625 0.0875
3 0.4703125 0.378125 0.0921875 0.06953125
3 0.396875 0.3859375 0.0453125 0.05390625
3 0.39453125 0.35234375 0.03125 0.02109375
3 0.5015625 0.33359375 0.025 0.01953125
3 0.5484375 0.40546875 0.01796875 0.03203125
3 0.55 0.42890625 0.01171875 0.01796875
3 0.55 0.45703125 0.0140625 0.03359375
3 0.5171875 0.43125 0.01875 0.03203125
0 0.5046875 0.48828125 0.0109375 0.02109375