3 0.80078125 0.42890625 0.01640625 0.03359375
3 0.815625 0.4625 0.0234375 0.040625
3 0.7765625 0.46875 0.0328125 0.02109375
3 0.6078125 0.4703125 0.02734375 0.0375
3 0.659375 0.521875 0.0265625 0.01953125
3 0.3109375 0.5 0.0390625 0.028125
3 0.259375 0.55390625 0.015625 0.03359375
3 0.240625 0.49453125 0.0234375 0.01640625
3 0.06484375 0.55234375 0.03828125 0.028125
2 0.06640625 0.4953125 0.0109375 0.0609375
2 0.2375 0.565625 0.0125 0.03046875
3 0.240625 0.5921875 0.01875 0.01953125
2 0.3984375 0.49296875 0.0125 0.0375
2 0.5671875 0.45546875 0.0125 0.05390625
2 0.775 0.54609375 0.01484375 0.02890625
2 0.5546875 0.459375 0.0125 0.05390625
3 0.5171875 0.54921875 0.03828125 0.02890625
1 0.2640625 0.6375 0.01328125 0.05
1 0.246875 0.6390625 0.009375 0.0484375
1 0.2234375 0.634375 0.01484375 0.05390625
1 0.18359375 0.6515625 0.01328125 0.0640625
1 0.14921875 0.653125 0.02109375 0.0765625
1 0.13515625 0.65078125 0.01484375 0.071875
0 0.06640625 0.6796875 0.046875 0.16953125
3 0.39921875 0.578125 0.01328125 0.009375
0 0.38515625 0.6375 0.01640625 0.0359375
0 0.36875 0.64453125 0.02265625 0.04296875
0 0.4796875 0.63359375 0.01171875 0.0234375
1 0.83515625 0.65390625 0.01640625 0.1140625
1 0.85859375 0.64609375 0.03046875 0.11796875
0 0.946875 0.59453125 0.065625 0.04609375
0 0.4140625 0.62890625 0.03125 0.046875
0 0.49921875 0.6328125 0.0328125 0.05390625
0 0.45234375 0.64921875 0.04765625 0.0640625
0 0.32421875 0.6703125 0.1015625 0.1109375
0 0.625 0.65625 0.08984375 0.1359375
2 0.7546875 0.434375 0.01328125 0.0484375