0 0.1671875 0.7046875 0.334375 0.58046875
0 0.5265625 0.48828125 0.01796875 0.0359375
0 0.5765625 0.503125 0.0390625 0.053125
0 0.54296875 0.4890625 0.01015625 0.0234375
0 0.55 0.4890625 0.00390625 0.01953125
0 0.559375 0.4734375 0.0171875 0.02109375
2 0.228125 0.4359375 0.0140625 0.0390625
2 0.49453125 0.2546875 0.01171875 0.05546875
2 0.92421875 0.38828125 0.01796875 0.03203125
2 0.915625 0.34765625 0.01328125 0.0265625
2 0.4140625 0.39609375 0.01640625 0.05859375
2 0.43125 0.41015625 0.01640625 0.0234375
2 0.9484375 0.36953125 0.0171875 0.06953125
2 0.9828125 0.10703125 0.0296875 0.121875
3 0.7453125 0.37421875 0.02734375 0.0265625
3 0.49375 0.21171875 0.01328125 0.01953125
3 0.4640625 0.2546875 0.021875 0.01640625
3 0.228125 0.3828125 0.01171875 0.028125
3 0.4046875 0.50234375 0.015625 0.03359375