1 0.165625 0.484375 0.0421875 0.17890625
0 0.55859375 0.5171875 0.0859375 0.134375
0 0.72421875 0.5375 0.11484375 0.13046875
0 0.825 0.51875 0.10078125 0.0890625
0 0.87890625 0.5546875 0.165625 0.14609375
0 0.653125 0.4984375 0.01796875 0.053125
0 0.665625 0.509375 0.03828125 0.065625
0 0.5 0.490625 0.01640625 0.0515625
0 0.48203125 0.4953125 0.02578125 0.075
0 0.45625 0.50625 0.06015625 0.13046875
0 0.384375 0.528125 0.13359375 0.16953125
3 0.83125 0.425 0.02890625 0.0265625
3 0.23125 0.27265625 0.03671875 0.1359375
3 0.490625 0.42578125 0.01640625 0.0140625
1 0.2625 0.4703125 0.0234375 0.12890625
0 0.96484375 0.57421875 0.0671875 0.18046875