3 0.06953125 0.2203125 0.05390625 0.0859375
2 0.121875 0.31796875 0.0125 0.01953125
3 0.1390625 0.2296875 0.009375 0.03359375
3 0.1421875 0.259375 0.00859375 0.0140625
3 0.1328125 0.259375 0.0078125 0.009375
3 0.134375 0.271875 0.009375 0.0140625
3 0.13359375 0.2890625 0.01171875 0.015625
3 0.934375 0.04609375 0.03671875 0.015625
3 0.93125 0.07109375 0.034375 0.0375
3 0.96796875 0.10859375 0.06015625 0.15859375
3 0.9046875 0.12734375 0.028125 0.04296875
1 0.728125 0.346875 0.0109375 0.02109375
1 0.71875 0.340625 0.00703125 0.021875
1 0.42734375 0.33125 0.01484375 0.05546875
1 0.4828125 0.35390625 0.0109375 0.05
1 0.52109375 0.353125 0.01484375 0.046875
0 0.45859375 0.34609375 0.0734375 0.0609375
0 0.56875 0.34375 0.0578125 0.05703125
0 0.22890625 0.3640625 0.0390625 0.028125
0 0.1875 0.375 0.05078125 0.0640625
0 0.2609375 0.384375 0.11171875 0.06953125
0 0.66875 0.37421875 0.1265625 0.0765625
0 0.128125 0.4453125 0.1921875 0.19453125
0 0.04375 0.515625 0.0875 0.24453125
0 0.821875 0.52109375 0.35 0.45546875
0 0.37578125 0.37734375 0.11796875 0.08203125
3 0.1609375 0.315625 0.01484375 0.0140625
0 0.71953125 0.3890625 0.04140625 0.05390625