0 0.4171875 0.51171875 0.0140625 0.021875
0 0.42890625 0.50859375 0.01015625 0.01640625
0 0.4421875 0.50859375 0.0140625 0.02109375
0 0.46484375 0.52734375 0.01171875 0.01640625
0 0.5125 0.53046875 0.0171875 0.02109375
0 0.5296875 0.534375 0.02734375 0.02890625
0 0.571875 0.5421875 0.034375 0.0515625
0 0.6 0.546875 0.046875 0.05546875
0 0.40546875 0.528125 0.01796875 0.0265625
0 0.3953125 0.52890625 0.0203125 0.025
0 0.384375 0.534375 0.0125 0.0265625
0 0.3703125 0.534375 0.02734375 0.02890625
0 0.3 0.53828125 0.0359375 0.040625
0 0.27109375 0.5359375 0.034375 0.0484375
0 0.23671875 0.53984375 0.04375 0.059375
0 0.1046875 0.54765625 0.03984375 0.0765625
0 0.1953125 0.546875 0.05859375 0.0609375
0 0.0265625 0.56484375 0.05234375 0.075
0 0.4953125 0.5328125 0.0140625 0.025
0 0.478125 0.534375 0.02265625 0.0375
2 0.853125 0.03203125 0.0171875 0.04453125
2 0.8859375 0.03203125 0.0140625 0.04453125
2 0.8609375 0.45859375 0.0171875 0.03203125
2 0.8875 0.45703125 0.025 0.0390625
2 0.75625 0.22578125 0.021875 0.0609375
2 0.3296875 0.29453125 0.0171875 0.046875
3 0.3296875 0.40546875 0.03984375 0.034375
3 0.346875 0.46171875 0.021875 0.0140625
3 0.521875 0.47265625 0.021875 0.02109375
3 0.6796875 0.471875 0.0203125 0.04296875
3 0.809375 0.2609375 0.0875 0.0484375
3 0.871875 0.29375 0.02890625 0.040625
3 0.8671875 0.39453125 0.03125 0.0265625
2 0.57109375 0.38046875 0.0125 0.034375
2 0.540625 0.48515625 0.009375 0.025
2 0.50625 0.4765625 0.009375 0.0265625
2 0.4578125 0.50078125 0.009375 0.01796875
2 0.6578125 0.11796875 0.0484375 0.18203125
2 0.709375 0.10546875 0.0390625 0.19140625