0 0.3765625 0.3671875 0.0109375 0.01953125
0 0.384375 0.371875 0.01328125 0.01953125
0 0.390625 0.3734375 0.01484375 0.0265625
0 0.4046875 0.375 0.01796875 0.03359375
0 0.4234375 0.375 0.02890625 0.0390625
0 0.43515625 0.38203125 0.02421875 0.04296875
0 0.46171875 0.38203125 0.04765625 0.06796875
0 0.478125 0.39375 0.04296875 0.0609375
0 0.5078125 0.39765625 0.05625 0.084375
0 0.5515625 0.4078125 0.0734375 0.1
0 0.6046875 0.42734375 0.1 0.10546875
0 0.7 0.453125 0.1625 0.153125
0 0.3421875 0.36640625 0.0125 0.021875
0 0.35625 0.371875 0.01796875 0.01640625
0 0.31875 0.3703125 0.0234375 0.03359375
0 0.1046875 0.3578125 0.1171875 0.078125
0 0.04453125 0.34921875 0.0875 0.075
2 0.378125 0.31953125 0.00703125 0.01953125
3 0.41328125 0.284375 0.04921875 0.03203125
3 0.59375 0.2609375 0.0234375 0.01953125
3 0.096875 0.24140625 0.0296875 0.0234375
3 0.159375 0.27421875 0.02421875 0.021875
3 0.0140625 0.09609375 0.028125 0.071875
0 0.859375 0.47734375 0.2796875 0.265625