3 0.465625 0.390625 0.0203125 0.0359375
2 0.11640625 0.2375 0.0203125 0.059375
2 0.54921875 0.134375 0.01484375 0.05390625
2 0.8328125 0.2 0.03046875 0.09609375
2 0.871875 0.2171875 0.0359375 0.13046875
2 0.953125 0.04140625 0.0359375 0.06640625
3 0.85625 0.315625 0.025 0.053125
2 0.0453125 0.375 0.01484375 0.03359375
2 0.02890625 0.3765625 0.0140625 0.03203125
0 0.396875 0.43046875 0.01796875 0.021875
0 0.415625 0.43359375 0.0140625 0.0125
0 0.4296875 0.43046875 0.01171875 0.01796875
0 0.44296875 0.43203125 0.0140625 0.01640625
0 0.2171875 0.459375 0.04453125 0.05390625
0 0.2828125 0.46328125 0.0921875 0.14453125
0 0.36796875 0.45390625 0.0546875 0.06953125
0 0.7890625 0.41796875 0.084375 0.0984375
0 0.82734375 0.4171875 0.08828125 0.1
0 0.88125 0.4171875 0.115625 0.090625
0 0.0203125 0.50859375 0.040625 0.1421875