0 0.375 0.625 0.034375 0.0640625
0 0.35234375 0.6296875 0.03828125 0.07109375
0 0.3125 0.63359375 0.06328125 0.090625
0 0.4796875 0.5015625 0.00859375 0.0140625
0 0.4796875 0.50390625 0.0109375 0.0125
0 0.47734375 0.509375 0.0109375 0.015625
0 0.471875 0.515625 0.0125 0.0234375
0 0.4703125 0.51953125 0.01640625 0.01953125
0 0.46640625 0.52109375 0.015625 0.0125
0 0.46171875 0.53125 0.0171875 0.01953125
0 0.459375 0.53828125 0.015625 0.025
0 0.45234375 0.54765625 0.01796875 0.025
0 0.44375 0.559375 0.01796875 0.03046875
0 0.41875 0.528125 0.021875 0.021875
0 0.5265625 0.50546875 0.01015625 0.0125
0 0.53125 0.51953125 0.01484375 0.0140625
0 0.5328125 0.5296875 0.0125 0.015625
0 0.5359375 0.5359375 0.01640625 0.0140625
0 0.5390625 0.54375 0.01796875 0.0140625
0 0.54375 0.559375 0.01796875 0.021875
0 0.54765625 0.5703125 0.0203125 0.0265625
0 0.63125 0.653125 0.06484375 0.09140625
0 0.6625 0.6109375 0.021875 0.028125
0 0.809375 0.6296875 0.09609375 0.07890625
0 0.2359375 0.6484375 0.134375 0.125
0 0.4296875 0.57890625 0.03125 0.04296875
0 0.49609375 0.5 0.0109375 0.0140625
0 0.55625 0.590625 0.025 0.04140625
0 0.715625 0.6671875 0.1359375 0.17109375
0 0.07890625 0.6796875 0.15625 0.225
0 0.975 0.69140625 0.0484375 0.12890625
1 0.91875 0.628125 0.03046875 0.103125
1 0.94140625 0.61796875 0.02890625 0.125
0 0.90625 0.659375 0.02421875 0.08046875
3 0.6203125 0.55703125 0.01640625 0.034375
0 0.4 0.57421875 0.009375 0.025