0 0.47578125 0.60078125 0.0765625 0.11953125
0 0.640625 0.58984375 0.10703125 0.15390625
0 0.034375 0.6203125 0.06875 0.078125
0 0.215625 0.59375 0.08359375 0.05703125
0 0.2828125 0.58671875 0.040625 0.0390625
0 0.771875 0.59296875 0.115625 0.10390625
0 0.7125 0.56953125 0.021875 0.059375
0 0.97421875 0.584375 0.04921875 0.1375
0 0.8546875 0.57109375 0.0609375 0.05390625
0 0.571875 0.571875 0.0390625 0.053125
0 0.54375 0.5703125 0.0203125 0.034375
0 0.528125 0.565625 0.01171875 0.0265625
3 0.0640625 0.528125 0.025 0.05546875
3 0.9046875 0.509375 0.028125 0.04296875
3 0.6578125 0.4984375 0.01796875 0.01796875
0 0.43515625 0.56015625 0.02109375 0.021875
0 0.4140625 0.5640625 0.01484375 0.02109375
0 0.4046875 0.56953125 0.0125 0.01796875
0 0.3921875 0.565625 0.01171875 0.021875
0 0.3828125 0.565625 0.0125 0.021875
0 0.375 0.5671875 0.01796875 0.0265625
0 0.36484375 0.575 0.0390625 0.02890625
0 0.50625 0.5640625 0.01640625 0.03359375
0 0.5234375 0.55625 0.01015625 0.01796875
0 0.5984375 0.5203125 0.0078125 0.01796875
0 0.60859375 0.5234375 0.01015625 0.015625
0 0.58671875 0.51328125 0.00859375 0.01796875
0 0.58671875 0.52890625 0.0140625 0.0140625