3 0.509375 0.52734375 0.02890625 0.0140625
2 0.5125 0.58125 0.00703125 0.01953125
2 0.34296875 0.5890625 0.0078125 0.028125
2 0.5078125 0.584375 0.00703125 0.0234375
0 0.51796875 0.64453125 0.0359375 0.05546875
0 0.54375 0.6578125 0.05390625 0.0890625
0 0.59140625 0.66796875 0.090625 0.11953125
0 0.6765625 0.6921875 0.14609375 0.17890625
0 0.409375 0.6609375 0.0171875 0.0359375
0 0.4453125 0.6296875 0.0625 0.1125
0 0.33515625 0.671875 0.01171875 0.00703125
0 0.3328125 0.6859375 0.01171875 0.01640625
0 0.3203125 0.68515625 0.01328125 0.01953125
0 0.2796875 0.68359375 0.0125 0.03359375
0 0.2203125 0.69375 0.03203125 0.02890625
0 0.1921875 0.696875 0.01875 0.02890625
0 0.1671875 0.70078125 0.0421875 0.0359375
0 0.1078125 0.703125 0.0390625 0.046875
0 0.36796875 0.67890625 0.0109375 0.0140625
0 0.3578125 0.67890625 0.009375 0.0140625
0 0.3859375 0.66328125 0.028125 0.04296875
0 0.459375 0.65859375 0.0859375 0.1390625
0 0.8453125 0.76328125 0.30625 0.3140625
1 0.7296875 0.59921875 0.015625 0.0375
1 0.7578125 0.6046875 0.02265625 0.0625
1 0.63515625 0.596875 0.0125 0.03359375
0 0.659375 0.59765625 0.02265625 0.02109375
3 0.296875 0.64609375 0.01953125 0.0265625
3 0.003125 0.728125 0.00546875 0.05
3 0.34609375 0.678125 0.01328125 0.0234375
2 0.621875 0.528125 0.0078125 0.03046875
2 0.634375 0.528125 0.00703125 0.03359375
1 0.9015625 0.58203125 0.028125 0.0484375
0 0.1453125 0.71328125 0.0109375 0.01953125
0 0.1296875 0.71640625 0.01640625 0.015625