0 0.50234375 0.3390625 0.0125 0.0390625
0 0.490625 0.340625 0.021875 0.053125
0 0.4875 0.34921875 0.01953125 0.05546875
0 0.4640625 0.34453125 0.04609375 0.07890625
0 0.44609375 0.36875 0.05703125 0.128125
0 0.39375 0.38515625 0.096875 0.17109375
0 0.2390625 0.41796875 0.2875 0.3640625
0 0.53125 0.35078125 0.0125 0.01953125
0 0.54453125 0.3453125 0.0125 0.046875
0 0.55 0.346875 0.015625 0.05546875
0 0.5671875 0.346875 0.03125 0.0640625
0 0.571875 0.36171875 0.02578125 0.04609375
0 0.5984375 0.36640625 0.03203125 0.065625
0 0.578125 0.36640625 0.01640625 0.053125
0 0.6625 0.37890625 0.0921875 0.10390625
0 0.615625 0.37421875 0.025 0.0640625
0 0.790625 0.4125 0.17265625 0.17890625
0 0.1296875 0.5265625 0.25703125 0.4890625
2 0.53203125 0.321875 0.00859375 0.0140625