3 0.1109375 0.31953125 0.015625 0.02890625
3 0.171875 0.33046875 0.01328125 0.015625
3 0.39375 0.3421875 0.0140625 0.00859375
0 0.240625 0.35 0.015625 0.01953125
0 0.2 0.35390625 0.01171875 0.015625
0 0.1828125 0.3546875 0.01796875 0.01640625
0 0.14453125 0.3546875 0.02421875 0.01640625
0 0.084375 0.35234375 0.05 0.03203125
0 0.359375 0.359375 0.009375 0.0125
0 0.37421875 0.37265625 0.03125 0.040625
0 0.33671875 0.359375 0.01796875 0.0125
0 0.21875 0.36640625 0.04765625 0.05703125
0 0.28125 0.37421875 0.08046875 0.10703125
0 0.41015625 0.3859375 0.06015625 0.075
0 0.503125 0.346875 0.021875 0.02890625
0 0.5265625 0.3453125 0.03203125 0.03203125
0 0.5375 0.3484375 0.0359375 0.03359375
0 0.5609375 0.340625 0.02734375 0.03359375
0 0.57890625 0.340625 0.0546875 0.0484375
0 0.5890625 0.3421875 0.05859375 0.046875
0 0.5953125 0.3421875 0.046875 0.046875
0 0.6296875 0.3453125 0.07734375 0.05703125
0 0.7265625 0.33828125 0.11953125 0.08046875
0 0.82109375 0.340625 0.13515625 0.084375
0 0.89921875 0.340625 0.025 0.0234375
0 0.9359375 0.35234375 0.09453125 0.05703125
0 0.98515625 0.35546875 0.02734375 0.059375