2 0.253125 0.221875 0.01171875 0.053125
2 0.5296875 0.196875 0.0140625 0.059375
2 0.6953125 0.39296875 0.01953125 0.02890625
2 0.021875 0.31875 0.01171875 0.0390625
2 0.025 0.35703125 0.01171875 0.02109375
3 0.03125 0.26953125 0.0296875 0.01640625
2 0.371875 0.40625 0.00859375 0.02109375
2 0.43203125 0.38359375 0.00625 0.0234375
2 0.503125 0.38046875 0.00859375 0.02109375
2 0.44765625 0.40859375 0.00625 0.02109375
2 0.840625 0.04609375 0.0296875 0.0890625
3 0.678125 0.3671875 0.02890625 0.01640625
3 0.690625 0.33671875 0.01953125 0.01953125
3 0.6171875 0.24296875 0.03125 0.04453125
0 0.465625 0.4421875 0.00859375 0.01640625
0 0.478125 0.44296875 0.01171875 0.01953125
0 0.496875 0.44453125 0.00859375 0.01640625
0 0.5078125 0.446875 0.0140625 0.0234375
0 0.4546875 0.44296875 0.01171875 0.015625
0 0.41953125 0.4484375 0.02421875 0.025
0 0.3453125 0.45703125 0.02734375 0.04296875
0 0.32109375 0.45859375 0.03359375 0.0484375
0 0.30078125 0.46484375 0.0359375 0.0484375
0 0.25625 0.46484375 0.0671875 0.06640625
0 0.53125 0.459375 0.01640625 0.02109375
0 0.54296875 0.4609375 0.01640625 0.034375
0 0.5609375 0.471875 0.03359375 0.046875
0 0.584375 0.478125 0.0375 0.07890625
0 0.61484375 0.4984375 0.0578125 0.0875