0 0.1296875 0.53828125 0.259375 0.3578125
0 0.29375 0.51015625 0.1265625 0.15859375
0 0.3421875 0.47890625 0.090625 0.1265625
0 0.3875 0.46640625 0.04453125 0.1015625
0 0.4078125 0.46875 0.02109375 0.05390625
0 0.4109375 0.4578125 0.03203125 0.0625
0 0.4328125 0.459375 0.01875 0.0375
0 0.446875 0.4484375 0.0203125 0.0234375
0 0.45859375 0.440625 0.01640625 0.028125
0 0.471875 0.43984375 0.0046875 0.01953125
0 0.76953125 0.4890625 0.2640625 0.30546875
0 0.6328125 0.471875 0.08203125 0.14296875
0 0.584375 0.46953125 0.04296875 0.096875
0 0.5609375 0.4625 0.04296875 0.065625
0 0.5390625 0.45546875 0.02421875 0.0515625
0 0.525 0.4578125 0.01328125 0.034375
0 0.5171875 0.453125 0.01484375 0.0265625
0 0.5078125 0.4453125 0.01484375 0.02109375
0 0.5 0.44296875 0.009375 0.01953125