0 0.1 0.7 0.1984375 0.45546875
0 0.23203125 0.53359375 0.04453125 0.0484375
0 0.2796875 0.565625 0.090625 0.0890625
0 0.3265625 0.559375 0.03984375 0.07109375
0 0.40546875 0.54375 0.0703125 0.09453125
0 0.440625 0.53125 0.0296875 0.0609375
0 0.459375 0.528125 0.02265625 0.04296875
0 0.47578125 0.525 0.0109375 0.03203125
0 0.4859375 0.521875 0.00625 0.01640625
0 0.5046875 0.51796875 0.009375 0.01953125
0 0.4984375 0.51796875 0.009375 0.01953125
0 0.83125 0.609375 0.2796875 0.259375
0 0.70234375 0.55546875 0.13359375 0.175
0 0.6328125 0.55625 0.05859375 0.10859375
0 0.60625 0.54921875 0.04453125 0.0765625
0 0.58359375 0.53984375 0.034375 0.075
0 0.553125 0.525 0.04296875 0.053125
0 0.528125 0.52578125 0.009375 0.03359375
0 0.51875 0.51796875 0.00703125 0.028125
3 0.2171875 0.45859375 0.01796875 0.00859375
3 0.2203125 0.428125 0.01328125 0.0234375
3 0.2796875 0.471875 0.015625 0.00859375
3 0.353125 0.4703125 0.01796875 0.00703125
3 0.6265625 0.42421875 0.02421875 0.0125
3 0.6359375 0.409375 0.01796875 0.0125
3 0.5078125 0.4703125 0.0046875 0.02109375
3 0.46640625 0.47265625 0.00625 0.01640625
3 0.76953125 0.3203125 0.0421875 0.12109375
3 0.6453125 0.446875 0.0109375 0.01640625