0 0.553125 0.471875 0.01328125 0.02109375
0 0.5578125 0.48203125 0.01484375 0.0234375
0 0.56796875 0.47890625 0.01015625 0.034375
0 0.57265625 0.48359375 0.01328125 0.03203125
0 0.58125 0.48671875 0.01484375 0.05
0 0.60234375 0.490625 0.04921875 0.0734375
0 0.628125 0.5125 0.04765625 0.1
0 0.6640625 0.5109375 0.06875 0.178125
0 0.734375 0.528125 0.14140625 0.275
0 0.50625 0.4953125 0.00859375 0.02890625
0 0.4984375 0.4921875 0.01328125 0.040625
0 0.48125 0.49765625 0.025 0.04453125
0 0.4796875 0.50546875 0.025 0.05
0 0.4484375 0.5 0.040625 0.06640625
0 0.4140625 0.51953125 0.06171875 0.0765625
0 0.5296875 0.49296875 0.040625 0.0625
0 0.06953125 0.675 0.1390625 0.30390625
0 0.859375 0.596875 0.2765625 0.4859375
0 0.16171875 0.540625 0.3234375 0.38203125