3 0.8046875 0.28984375 0.03125 0.0140625
3 0.7890625 0.31484375 0.03203125 0.021875
3 0.67109375 0.3078125 0.0109375 0.02890625
3 0.375 0.36484375 0.01953125 0.0140625
3 0.5625 0.403125 0.009375 0.01953125
0 0.5359375 0.4484375 0.01640625 0.04296875
0 0.465625 0.4484375 0.00859375 0.03359375
0 0.4453125 0.45625 0.0359375 0.05
0 0.55625 0.453125 0.040625 0.05703125
0 0.39140625 0.46953125 0.07890625 0.1125
0 0.49765625 0.46484375 0.0671875 0.103125
0 0.60234375 0.47578125 0.0390625 0.1
0 0.68515625 0.4625 0.15234375 0.20703125
0 0.259375 0.45625 0.05 0.0625
0 0.11484375 0.578125 0.2296875 0.5109375
0 0.8 0.46171875 0.0796875 0.0859375
1 0.2265625 0.46953125 0.03515625 0.140625
1 0.30625 0.45703125 0.021875 0.0890625