0 0.37265625 0.45625 0.02265625 0.02109375
0 0.32578125 0.4625 0.01953125 0.021875
0 0.303125 0.46953125 0.01953125 0.02109375
0 0.284375 0.465625 0.01953125 0.0390625
0 0.2609375 0.4703125 0.03203125 0.0375
0 0.2296875 0.47421875 0.02890625 0.04140625
0 0.646875 0.44453125 0.03828125 0.046875
0 0.69921875 0.47109375 0.059375 0.084375
0 0.778125 0.47109375 0.12890625 0.128125
0 0.1 0.49140625 0.06875 0.075
0 0.53125 0.484375 0.1453125 0.23046875
0 0.6140625 0.4453125 0.0171875 0.0265625
0 0.03125 0.48984375 0.06171875 0.05703125
0 0.9 0.50078125 0.196875 0.1640625