3 0.3015625 0.35234375 0.0203125 0.0125
3 0.3109375 0.371875 0.02421875 0.0109375
3 0.05390625 0.33828125 0.0359375 0.02109375
3 0.6515625 0.26484375 0.02421875 0.01796875
3 0.559375 0.378125 0.02109375 0.015625
3 0.553125 0.284375 0.0140625 0.00546875
2 0.29609375 0.2703125 0.025 0.065625
2 0.4859375 0.290625 0.0140625 0.04453125
3 0.51640625 0.4125 0.01171875 0.009375
3 0.509375 0.4265625 0.00625 0.015625
2 0.06015625 0.378125 0.03203125 0.028125
2 0.6546875 0.36640625 0.03046875 0.0390625
0 0.2109375 0.5078125 0.16171875 0.109375
0 0.1359375 0.5125 0.16953125 0.1515625
0 0.08203125 0.546875 0.1640625 0.18046875
0 0.8171875 0.64375 0.365625 0.55546875
0 0.3640625 0.4796875 0.07890625 0.1390625
0 0.4671875 0.44375 0.03515625 0.028125
0 0.50625 0.4578125 0.021875 0.04140625
0 0.528125 0.4703125 0.03828125 0.06640625
0 0.58984375 0.51328125 0.1171875 0.159375
0 0.6375 0.56328125 0.12890625 0.196875
0 0.434375 0.58125 0.19765625 0.2765625
2 0.475 0.28828125 0.01015625 0.040625