2 0.2140625 0.684375 0.0125 0.02890625
2 0.221875 0.6796875 0.0140625 0.02890625
2 0.209375 0.68984375 0.009375 0.03046875
2 0.06875 0.8171875 0.0125 0.0375
2 0.06328125 0.865625 0.01484375 0.04140625
2 0.5125 0.49765625 0.0125 0.0265625
2 0.5171875 0.49765625 0.0140625 0.0390625
2 0.50859375 0.49921875 0.01171875 0.02890625
2 0.58359375 0.5234375 0.01015625 0.01953125
3 0.4515625 0.62265625 0.0125 0.028125
3 0.2703125 0.75234375 0.0125 0.01953125
0 0.5921875 0.571875 0.0140625 0.02109375
0 0.6046875 0.57890625 0.01640625 0.034375
0 0.6125 0.55859375 0.0140625 0.021875
0 0.53359375 0.609375 0.01015625 0.02109375
0 0.5265625 0.62265625 0.0140625 0.01796875
0 0.51796875 0.63046875 0.01171875 0.02109375
0 0.50625 0.640625 0.0171875 0.03046875
3 0.459375 0.6671875 0.0078125 0.01953125
3 0.04375 0.9171875 0.0140625 0.03359375
2 0.0625 0.903125 0.0140625 0.01640625
2 0.08125 0.89453125 0.0125 0.025
3 0.2453125 0.7421875 0.01875 0.04609375
3 0.2984375 0.68203125 0.01171875 0.01640625
3 0.3046875 0.734375 0.01015625 0.0125