0 0.3265625 0.55 0.03125 0.0359375
0 0.29921875 0.553125 0.0203125 0.03046875
0 0.27734375 0.55234375 0.03203125 0.0390625
0 0.253125 0.56015625 0.02578125 0.046875
0 0.221875 0.55703125 0.04765625 0.0625
0 0.184375 0.5625 0.0546875 0.06953125
0 0.14375 0.57578125 0.0515625 0.07109375
0 0.075 0.5796875 0.11171875 0.09453125
0 0.428125 0.5484375 0.01171875 0.01953125
0 0.44453125 0.5453125 0.02109375 0.0265625
0 0.45859375 0.5640625 0.02265625 0.0609375
0 0.48359375 0.56640625 0.04296875 0.08046875
0 0.51484375 0.58671875 0.07890625 0.084375