2 0.5921875 0.40859375 0.0109375 0.028125
2 0.65390625 0.3859375 0.0078125 0.0265625
2 0.74765625 0.41328125 0.0078125 0.028125
2 0.81953125 0.4234375 0.009375 0.0265625
2 0.2609375 0.45859375 0.009375 0.0265625
3 0.715625 0.35234375 0.0234375 0.04140625
2 0.534375 0.0765625 0.02265625 0.0859375
2 0.52421875 0.09453125 0.01953125 0.084375
2 0.8421875 0.021875 0.02265625 0.04296875
3 0.8515625 0.42734375 0.01171875 0.028125
3 0.8515625 0.371875 0.01875 0.034375
3 0.80625 0.421875 0.01484375 0.03359375
1 0.34375 0.5171875 0.01875 0.0859375
1 0.3703125 0.5171875 0.0171875 0.08203125
1 0.1625 0.51484375 0.01953125 0.05390625
0 0.9171875 0.4765625 0.02109375 0.0234375
0 0.9421875 0.471875 0.01953125 0.0234375
0 0.5546875 0.68125 0.31484375 0.446875
0 0.421875 0.5109375 0.0515625 0.0375