2 0.45078125 0.321875 0.0046875 0.01640625
2 0.4453125 0.32421875 0.009375 0.0125
0 0.40390625 0.33828125 0.02109375 0.0265625
0 0.3734375 0.3484375 0.0328125 0.040625
0 0.3171875 0.35859375 0.03515625 0.06796875
0 0.278125 0.3625 0.0640625 0.078125
0 0.20859375 0.378125 0.0703125 0.11953125
0 0.11015625 0.3796875 0.1625 0.16640625
0 0.0203125 0.4046875 0.03984375 0.19609375
0 0.490625 0.34765625 0.03046875 0.03203125
0 0.86171875 0.44765625 0.275 0.35859375
0 0.34296875 0.3546875 0.02890625 0.059375