3 0.7578125 0.37109375 0.02265625 0.05703125
0 0.3609375 0.534375 0.02265625 0.103125
0 0.59140625 0.5359375 0.02734375 0.0859375
3 0.584375 0.4515625 0.015625 0.01640625
3 0.590625 0.434375 0.015625 0.0140625
3 0.371875 0.39296875 0.01953125 0.01640625
0 0.2796875 0.52265625 0.1578125 0.203125
0 0.159375 0.56328125 0.2515625 0.2484375
0 0.6953125 0.553125 0.128125 0.16796875
0 0.815625 0.5921875 0.2203125 0.26953125
0 0.053125 0.60234375 0.10625 0.2859375
0 0.915625 0.596875 0.16875 0.41953125
0 0.475 0.54765625 0.21328125 0.3484375