3 0.05859375 0.078125 0.0703125 0.04609375
3 0.0703125 0.128125 0.040625 0.0625
3 0.05703125 0.190625 0.0546875 0.0875
1 0.871875 0.253125 0.04375 0.0875
2 0.90234375 0.35546875 0.06015625 0.0609375
2 0.034375 0.30234375 0.0640625 0.08046875
2 0.0765625 0.31953125 0.02265625 0.0609375
2 0.6 0.4390625 0.01171875 0.01640625
2 0.56015625 0.421875 0.009375 0.021875
2 0.52578125 0.421875 0.01015625 0.02109375
1 0.8140625 0.5296875 0.034375 0.125
0 0.59296875 0.509375 0.02890625 0.04609375
0 0.60078125 0.5171875 0.02578125 0.0515625
0 0.61015625 0.52109375 0.021875 0.0625
0 0.63671875 0.5203125 0.053125 0.096875
0 0.6484375 0.5390625 0.05546875 0.0890625
0 0.7140625 0.56875 0.1 0.125
0 0.66328125 0.55703125 0.04765625 0.10390625
0 0.08203125 0.5265625 0.1625 0.18359375
0 0.5328125 0.5671875 0.13125 0.209375
1 0.4328125 0.496875 0.028125 0.11953125