3 0.64765625 0.70234375 0.0203125 0.04140625
3 0.54140625 0.7171875 0.0109375 0.00859375
3 0.3625 0.71328125 0.00859375 0.009375
3 0.365625 0.72578125 0.0109375 0.00859375
0 0.4953125 0.7625 0.01328125 0.01796875
0 0.4828125 0.76171875 0.0140625 0.021875
0 0.4734375 0.76015625 0.02265625 0.028125
0 0.45625 0.7578125 0.01015625 0.01953125
0 0.446875 0.75390625 0.01328125 0.02109375
0 0.4234375 0.765625 0.0171875 0.0265625
0 0.4171875 0.7671875 0.01796875 0.028125
0 0.4046875 0.76796875 0.01640625 0.02890625
0 0.396875 0.77109375 0.0125 0.0265625
0 0.38125 0.771875 0.02890625 0.03046875
0 0.5125 0.76328125 0.01875 0.0265625
3 0.5328125 0.7328125 0.00625 0.015625
0 0.58125 0.77734375 0.07265625 0.05546875
0 0.58125 0.7859375 0.03515625 0.0484375
0 0.6015625 0.79140625 0.05859375 0.065625
0 0.66015625 0.80234375 0.1328125 0.09140625
0 0.7203125 0.7765625 0.03359375 0.0390625
0 0.74453125 0.82734375 0.13984375 0.14296875
0 0.86953125 0.834375 0.26015625 0.21796875
0 0.3515625 0.7796875 0.01875 0.0390625
0 0.3421875 0.78046875 0.021875 0.04609375
0 0.3296875 0.784375 0.02109375 0.046875
0 0.3109375 0.78203125 0.0375 0.05390625
0 0.290625 0.78984375 0.0265625 0.0484375
0 0.26796875 0.796875 0.0390625 0.05859375
0 0.23671875 0.796875 0.0421875 0.06796875
0 0.18125 0.80859375 0.08828125 0.09453125
0 0.1375 0.77109375 0.0375 0.03203125
0 0.1125 0.81640625 0.071875 0.09140625
0 0.0515625 0.8203125 0.10078125 0.140625
2 0.3890625 0.690625 0.0125 0.0375
2 0.4859375 0.69453125 0.0140625 0.03203125