0 0.9078125 0.446875 0.18203125 0.146875
1 0.7921875 0.45390625 0.0265625 0.11953125
0 0.5546875 0.6078125 0.234375 0.35390625
0 0.46015625 0.49609375 0.025 0.05390625
0 0.3765625 0.52109375 0.03515625 0.06640625
0 0.4203125 0.4921875 0.015625 0.028125
0 0.44375 0.4921875 0.02109375 0.01796875
0 0.3375 0.534375 0.06953125 0.09140625
0 0.278125 0.53828125 0.05234375 0.078125
2 0.484375 0.18984375 0.01484375 0.0609375
3 0.1203125 0.3484375 0.03828125 0.02109375
3 0.1078125 0.39140625 0.02890625 0.01953125
3 0.1328125 0.3765625 0.02109375 0.01640625
2 0.64296875 0.3796875 0.028125 0.0375
3 0.7828125 0.2921875 0.03359375 0.059375
3 0.64140625 0.4453125 0.0171875 0.05703125
2 0.10625 0.4515625 0.02109375 0.034375
2 0.4625 0.18203125 0.01953125 0.071875
0 0.9546875 0.715625 0.084375 0.315625
0 0.3984375 0.51640625 0.02421875 0.053125