0 0.87890625 0.65078125 0.2390625 0.69453125
0 0.1109375 0.74140625 0.21953125 0.4765625
0 0.26484375 0.6140625 0.07109375 0.16640625
0 0.3703125 0.56171875 0.09609375 0.13203125
0 0.41875 0.55625 0.03359375 0.09296875
0 0.43203125 0.5453125 0.0234375 0.0625
0 0.44296875 0.5484375 0.0125 0.04140625
0 0.50390625 0.5296875 0.00703125 0.0140625
0 0.50859375 0.53203125 0.00859375 0.015625
0 0.5140625 0.534375 0.009375 0.01953125
0 0.52421875 0.53984375 0.01484375 0.028125
0 0.534375 0.54296875 0.01484375 0.040625
0 0.55 0.54609375 0.0328125 0.0484375
0 0.5734375 0.56640625 0.04453125 0.05703125
0 0.628125 0.590625 0.08125 0.10703125
0 0.71875 0.61875 0.15625 0.178125
0 0.48359375 0.53203125 0.00703125 0.0125
0 0.4796875 0.5328125 0.0078125 0.0140625
0 0.47265625 0.53359375 0.01328125 0.0234375
0 0.4546875 0.5359375 0.025 0.04453125
0 0.45390625 0.540625 0.02265625 0.04453125
0 0.49375 0.53125 0.01171875 0.01640625
3 0.5359375 0.51015625 0.009375 0.01640625
3 0.46640625 0.51171875 0.00625 0.0140625
3 0.525 0.51640625 0.00546875 0.0125