0 0.378125 0.51796875 0.0109375 0.01640625
0 0.375 0.521875 0.009375 0.01953125
0 0.36796875 0.521875 0.009375 0.01953125
0 0.36328125 0.52265625 0.0078125 0.021875
0 0.35234375 0.528125 0.02421875 0.0375
0 0.3078125 0.53046875 0.028125 0.04140625
0 0.4578125 0.5234375 0.025 0.028125
0 0.48125 0.52890625 0.02890625 0.0234375
0 0.51875 0.52890625 0.02109375 0.0234375
0 0.5484375 0.534375 0.01796875 0.02890625
0 0.5328125 0.53984375 0.0265625 0.0359375
0 0.5734375 0.5375 0.0171875 0.0265625
3 0.6859375 0.43046875 0.0203125 0.0125
3 0.64140625 0.45390625 0.01640625 0.0125
3 0.72109375 0.40234375 0.0203125 0.05390625
3 0.25625 0.46875 0.0125 0.0265625
3 0.4796875 0.503125 0.00703125 0.0234375