0 0.5015625 0.42734375 0.01875 0.01640625
0 0.5125 0.428125 0.01171875 0.01796875
0 0.5234375 0.428125 0.01171875 0.01796875
0 0.5390625 0.42890625 0.015625 0.01640625
0 0.5796875 0.428125 0.01953125 0.0140625
0 0.6203125 0.42578125 0.0625 0.034375
0 0.7546875 0.47734375 0.0875 0.1015625
0 0.43125 0.4375 0.01875 0.03046875
0 0.40078125 0.44140625 0.0265625 0.0359375
0 0.384375 0.4375 0.01640625 0.028125
0 0.334375 0.43671875 0.040625 0.04140625
0 0.2640625 0.44453125 0.02734375 0.040625
0 0.23984375 0.44765625 0.03046875 0.046875
0 0.2890625 0.45625 0.0296875 0.0484375
0 0.1609375 0.4546875 0.1484375 0.13046875
0 0.0296875 0.44765625 0.059375 0.08203125
0 0.4859375 0.46015625 0.04921875 0.06796875
0 0.50625 0.4875 0.040625 0.1015625
0 0.6421875 0.64296875 0.35546875 0.4125
0 0.88515625 0.590625 0.2265625 0.6109375
3 0.8046875 0.353125 0.0203125 0.015625
3 0.703125 0.375 0.00859375 0.00703125
3 0.696875 0.3921875 0.01484375 0.00859375
3 0.615625 0.3546875 0.01484375 0.01953125
3 0.4203125 0.334375 0.02421875 0.015625
2 0.603125 0.33515625 0.00546875 0.021875
2 0.5390625 0.30546875 0.00703125 0.03046875
2 0.546875 0.3078125 0.00703125 0.0265625
2 0.45625 0.396875 0.00625 0.01953125
2 0.44609375 0.396875 0.009375 0.015625
2 0.4125 0.36640625 0.0109375 0.021875
2 0.42734375 0.36640625 0.0109375 0.02109375
2 0.52734375 0.3875 0.00625 0.015625
1 0.684375 0.43515625 0.01171875 0.01796875