0 0.0734375 0.4671875 0.05859375 0.04453125
0 0.02265625 0.46796875 0.0453125 0.05859375
0 0.19296875 0.46640625 0.02421875 0.03203125
0 0.3296875 0.440625 0.0265625 0.021875
0 0.39765625 0.44375 0.0125 0.01640625
0 0.384375 0.4421875 0.015625 0.01640625
0 0.365625 0.4453125 0.0171875 0.015625
0 0.609375 0.42734375 0.021875 0.01640625
0 0.63515625 0.43515625 0.0171875 0.03359375
0 0.578125 0.4515625 0.0296875 0.0359375
0 0.6140625 0.45078125 0.04609375 0.03359375
0 0.67109375 0.4859375 0.084375 0.11953125
0 0.7828125 0.4984375 0.1953125 0.19609375
0 0.91875 0.53125 0.16171875 0.2390625
0 0.93125 0.64765625 0.1359375 0.371875
0 0.459375 0.42265625 0.009375 0.015625
0 0.4484375 0.434375 0.0125 0.01640625
0 0.46875 0.4734375 0.03046875 0.0609375
0 0.4375 0.440625 0.009375 0.015625
0 0.515625 0.49375 0.0828125 0.1375
2 0.4546875 0.3796875 0.00546875 0.02109375
2 0.440625 0.38515625 0.0078125 0.0234375