0 0.359375 0.546875 0.0875 0.19140625
0 0.7265625 0.51171875 0.02578125 0.0234375
0 0.85625 0.53984375 0.03515625 0.03203125
0 0.88046875 0.546875 0.0453125 0.04609375
0 0.96796875 0.55390625 0.06171875 0.0609375
0 0.9921875 0.5671875 0.0125 0.0390625
0 0.1390625 0.66484375 0.278125 0.553125
0 0.5265625 0.67421875 0.41171875 0.5390625
2 0.559375 0.38984375 0.0109375 0.02890625
2 0.4859375 0.42421875 0.00703125 0.02890625
2 0.6625 0.465625 0.0109375 0.01953125
2 0.6671875 0.49453125 0.0109375 0.01640625
2 0.40390625 0.36015625 0.0109375 0.02890625
2 0.390625 0.359375 0.0125 0.0265625
3 0.4875 0.4 0.01328125 0.0265625
3 0.60625 0.3890625 0.03671875 0.01640625
3 0.67890625 0.334375 0.021875 0.03359375
3 0.6796875 0.434375 0.0203125 0.0140625
3 0.92890625 0.26875 0.0453125 0.09140625
2 0.6890625 0.4703125 0.01640625 0.0234375