1 0.34765625 0.421875 0.009375 0.028125
0 0.45703125 0.39140625 0.01171875 0.0234375
0 0.453125 0.4046875 0.0171875 0.03046875
0 0.4296875 0.475 0.03203125 0.08203125
0 0.3875 0.48828125 0.0765625 0.128125
0 0.47890625 0.43984375 0.0265625 0.0109375
0 0.475 0.4703125 0.03046875 0.05390625
0 0.4890625 0.48203125 0.04765625 0.071875
0 0.5984375 0.4328125 0.03984375 0.04453125
0 0.7203125 0.43984375 0.07265625 0.034375
0 0.3140625 0.54453125 0.14765625 0.16953125
0 0.4453125 0.41875 0.01484375 0.0265625
0 0.4953125 0.41875 0.015625 0.0265625
0 0.4765625 0.4 0.0171875 0.03046875
0 0.55078125 0.60390625 0.19921875 0.28359375
0 0.103125 0.49609375 0.17109375 0.1390625
0 0.1359375 0.67109375 0.271875 0.43203125
0 0.796875 0.44375 0.0578125 0.03359375
0 0.43984375 0.37578125 0.0171875 0.01953125
0 0.4234375 0.378125 0.01328125 0.0234375
0 0.4609375 0.35625 0.00859375 0.0125