3 0.98125 0.48515625 0.028125 0.01796875
3 0.98125 0.465625 0.0125 0.01796875
3 0.27890625 0.44609375 0.0375 0.059375
3 0.18828125 0.35625 0.1140625 0.1125
0 0.49765625 0.5203125 0.00859375 0.0109375
0 0.5046875 0.52265625 0.00859375 0.009375
0 0.515625 0.525 0.009375 0.015625
0 0.5234375 0.52421875 0.00859375 0.0140625
0 0.5296875 0.52734375 0.0078125 0.0109375
0 0.53828125 0.528125 0.01484375 0.01796875
0 0.55390625 0.53203125 0.01796875 0.021875
0 0.56875 0.5375 0.015625 0.01640625
0 0.6015625 0.53828125 0.02265625 0.025
0 0.63984375 0.55625 0.04609375 0.05703125
0 0.75859375 0.58984375 0.09375 0.09296875
0 0.82265625 0.57734375 0.01796875 0.05859375
0 0.4734375 0.5171875 0.00859375 0.009375
0 0.4296875 0.51640625 0.0109375 0.0109375
0 0.3953125 0.515625 0.01171875 0.015625
0 0.3734375 0.515625 0.02421875 0.0265625
0 0.3578125 0.51171875 0.0078125 0.021875
0 0.3453125 0.51875 0.0265625 0.034375
0 0.2859375 0.51640625 0.05078125 0.05546875
0 0.25 0.51171875 0.01484375 0.03203125
0 0.1796875 0.50859375 0.021875 0.028125
0 0.21484375 0.50859375 0.06640625 0.071875
0 0.15625 0.509375 0.04375 0.040625
0 0.0921875 0.5234375 0.08828125 0.08203125
0 0.025 0.5296875 0.05 0.146875
0 0.7296875 0.559375 0.0453125 0.0390625