3 0.7625 0.41953125 0.0140625 0.03046875
3 0.909375 0.31796875 0.046875 0.07109375
3 0.95078125 0.390625 0.02578125 0.04296875
3 0.946875 0.3203125 0.0234375 0.06640625
0 0.51796875 0.48125 0.00703125 0.021875
0 0.8859375 0.5125 0.0328125 0.0359375
0 0.9375 0.49375 0.0078125 0.021875
0 0.825 0.5703125 0.15703125 0.2
0 0.5296875 0.5078125 0.05390625 0.125
0 0.9265625 0.709375 0.1453125 0.478125
0 0.65 0.6546875 0.32890625 0.52109375
0 0.0625 0.6015625 0.125 0.19609375
2 0.615625 0.3703125 0.00546875 0.02890625
2 0.6078125 0.3828125 0.00703125 0.03359375
3 0.8671875 0.44453125 0.00703125 0.021875
3 0.77109375 0.465625 0.0078125 0.01640625