0 0.4375 0.47890625 0.0234375 0.02109375
0 0.2765625 0.53671875 0.09375 0.171875
0 0.18125 0.56953125 0.1734375 0.26796875
0 0.5984375 0.5296875 0.0515625 0.1109375
0 0.67578125 0.53984375 0.10859375 0.17109375
0 0.85 0.5140625 0.29921875 0.453125
0 0.4921875 0.4921875 0.01796875 0.05546875
0 0.5234375 0.50703125 0.0734375 0.096875
0 0.0765625 0.58046875 0.153125 0.43359375
0 0.396875 0.5171875 0.08359375 0.1265625
2 0.29375 0.440625 0.01328125 0.02890625
2 0.38359375 0.34140625 0.01015625 0.0375
2 0.5625 0.321875 0.009375 0.0390625
2 0.60859375 0.4328125 0.009375 0.0234375
3 0.296875 0.3890625 0.02109375 0.021875
3 0.6296875 0.34453125 0.01328125 0.05
3 0.678125 0.353125 0.0203125 0.02109375