0 0.0890625 0.55859375 0.17578125 0.1890625
0 0.1859375 0.52734375 0.059375 0.04296875
0 0.2265625 0.525 0.046875 0.04296875
0 0.2625 0.52265625 0.02578125 0.021875
0 0.28984375 0.52265625 0.028125 0.0265625
0 0.421875 0.53515625 0.03984375 0.059375
0 0.4734375 0.52265625 0.0234375 0.0265625
0 0.50390625 0.521875 0.02109375 0.0375
0 0.5203125 0.515625 0.0140625 0.01640625
0 0.8953125 0.54140625 0.1109375 0.096875
0 0.4015625 0.521875 0.0125 0.021875
0 0.38515625 0.51953125 0.0171875 0.021875
0 0.44765625 0.51328125 0.0140625 0.0140625
0 0.6609375 0.5234375 0.02578125 0.021875
0 0.68671875 0.525 0.021875 0.02890625
0 0.71015625 0.525 0.02890625 0.02890625
3 0.153125 0.4484375 0.02109375 0.0390625
3 0.584375 0.190625 0.03359375 0.021875
3 0.559375 0.23671875 0.084375 0.06640625
3 0.559375 0.28359375 0.08046875 0.0265625
3 0.7578125 0.3703125 0.0203125 0.090625
3 0.5109375 0.40546875 0.01640625 0.025
3 0.50078125 0.44375 0.0140625 0.0265625
2 0.33515625 0.2828125 0.0171875 0.03359375
2 0.61328125 0.20703125 0.0234375 0.04296875
2 0.7671875 0.303125 0.01640625 0.03046875
2 0.4609375 0.4578125 0.01015625 0.025
3 0.1546875 0.39296875 0.03046875 0.07109375
0 0.3640625 0.52421875 0.0140625 0.0140625
2 0.559375 0.4890625 0.009375 0.01640625