0 0.08671875 0.65546875 0.171875 0.225
0 0.8609375 0.5640625 0.275 0.46953125
0 0.72265625 0.55546875 0.1734375 0.22890625
0 0.5625 0.515625 0.05234375 0.06640625
0 0.22265625 0.57109375 0.11796875 0.1515625
0 0.29921875 0.5515625 0.06328125 0.09140625
0 0.3734375 0.53046875 0.03984375 0.05390625
0 0.39921875 0.52734375 0.021875 0.0390625
0 0.4171875 0.5140625 0.02421875 0.02890625
0 0.4375 0.50859375 0.01875 0.03046875
0 0.5296875 0.50390625 0.03359375 0.05546875
0 0.509375 0.509375 0.0234375 0.0375
0 0.490625 0.51015625 0.01875 0.021875
0 0.4796875 0.5078125 0.0140625 0.025
0 0.45 0.50390625 0.01484375 0.0265625
3 0.640625 0.3578125 0.03125 0.05
3 0.29453125 0.45390625 0.009375 0.03046875
2 0.46640625 0.48984375 0.009375 0.01796875
2 0.30390625 0.48515625 0.0125 0.02109375