1 0.0140625 0.421875 0.02734375 0.10390625
1 0.009375 0.33203125 0.01796875 0.15546875
1 0.40078125 0.35546875 0.11015625 0.32890625
1 0.696875 0.33671875 0.01796875 0.05859375
2 0.20625 0.059375 0.0125 0.06640625
2 0.571875 0.2453125 0.0171875 0.03359375
2 0.421875 0.2578125 0.00703125 0.025
2 0.375 0.24453125 0.009375 0.021875
2 0.16796875 0.234375 0.0140625 0.0265625
2 0.1328125 0.23203125 0.028125 0.02890625
3 0.21953125 0.06015625 0.0140625 0.05390625
3 0.19375 0.059375 0.0125 0.071875
3 0.4875 0.25703125 0.0109375 0.028125
0 0.4328125 0.340625 0.24375 0.12890625
0 0.2640625 0.3234375 0.0609375 0.071875
0 0.2984375 0.315625 0.03046875 0.059375
0 0.3171875 0.3140625 0.021875 0.05390625
0 0.34375 0.309375 0.0515625 0.05390625
3 0.134375 0.153125 0.01640625 0.015625
3 0.15625 0.14375 0.01328125 0.0234375
3 0.290625 0.26328125 0.01328125 0.028125