1 0.24375 0.55625 0.015625 0.08203125
1 0.2703125 0.559375 0.01796875 0.08046875
1 0.37890625 0.53515625 0.0125 0.0515625
0 0.8703125 0.68125 0.25703125 0.334375
0 0.57421875 0.565625 0.0828125 0.1109375
0 0.484375 0.55 0.0640625 0.09453125
0 0.6453125 0.5265625 0.0328125 0.04453125
0 0.6140625 0.5078125 0.0171875 0.03203125
0 0.5265625 0.52578125 0.03125 0.0484375
0 0.49453125 0.503125 0.02890625 0.03203125
0 0.584375 0.503125 0.01953125 0.01953125
0 0.5671875 0.503125 0.01328125 0.0125
0 0.565625 0.49140625 0.009375 0.009375
3 0.459375 0.48203125 0.0078125 0.01796875
3 0.4046875 0.4140625 0.03359375 0.0125
3 0.6953125 0.41328125 0.01640625 0.01953125
3 0.65078125 0.434375 0.03359375 0.0234375
3 0.8421875 0.3546875 0.0203125 0.01640625
3 0.83046875 0.38125 0.028125 0.01640625
3 0.828125 0.2875 0.02890625 0.034375
3 0.42578125 0.39375 0.00625 0.01953125
2 0.2875 0.42890625 0.009375 0.040625
2 0.26953125 0.46875 0.01328125 0.021875
2 0.8453125 0.45390625 0.015625 0.0265625
2 0.45859375 0.3796875 0.0078125 0.03359375
2 0.6421875 0.40078125 0.00703125 0.028125
2 0.7453125 0.47265625 0.009375 0.01640625
3 0.734375 0.43046875 0.01953125 0.0125
2 0.3859375 0.4546875 0.00625 0.028125
2 0.375 0.4828125 0.00859375 0.021875
3 0.3890625 0.43203125 0.01640625 0.0125
0 0.16796875 0.54921875 0.04296875 0.0625
0 0.91875 0.49921875 0.08203125 0.04453125
0 0.60625 0.50859375 0.00703125 0.015625
0 0.5453125 0.50546875 0.0203125 0.01640625