3 0.596875 0.0546875 0.05078125 0.084375
3 0.52734375 0.07578125 0.0171875 0.0125
2 0.4484375 0.00859375 0.00859375 0.01640625
2 0.528125 0.021875 0.00859375 0.0265625
2 0.596875 0.0171875 0.01171875 0.028125
2 0.4390625 0.0140625 0.0078125 0.028125
2 0.1703125 0.04609375 0.009375 0.03359375
2 0.18046875 0.04609375 0.0078125 0.03359375
2 0.16875 0.0796875 0.01328125 0.01640625
0 0.3359375 0.1390625 0.04453125 0.0484375
0 0.446875 0.17421875 0.05625 0.09140625
0 0.459375 0.1078125 0.01328125 0.01953125
0 0.384375 0.07578125 0.00859375 0.015625
0 0.40078125 0.084375 0.01171875 0.01953125
0 0.97421875 0.121875 0.05 0.0890625
0 0.95625 0.10859375 0.0828125 0.109375
0 0.4265625 0.1234375 0.0203125 0.03359375
0 0.425 0.078125 0.0109375 0.01640625
0 0.446875 0.0765625 0.009375 0.0140625
0 0.42265625 0.109375 0.01640625 0.01953125