2 0.553125 0.2046875 0.01875 0.078125
2 0.5328125 0.1859375 0.01875 0.04296875
2 0.38125 0.43203125 0.0109375 0.0265625
2 0.45546875 0.4546875 0.01484375 0.0234375
2 0.6765625 0.40625 0.0140625 0.03359375
2 0.65859375 0.409375 0.01328125 0.04140625
3 0.6046875 0.24921875 0.0703125 0.03359375
3 0.653125 0.27265625 0.0171875 0.01953125
3 0.64140625 0.378125 0.0140625 0.02109375
3 0.490625 0.43203125 0.01015625 0.01953125
3 0.490625 0.45703125 0.00703125 0.01640625
0 0.453125 0.51875 0.01015625 0.01640625
0 0.465625 0.51796875 0.015625 0.025
0 0.48046875 0.515625 0.015625 0.0375
0 0.4984375 0.515625 0.01875 0.04296875
0 0.5125 0.51484375 0.0203125 0.059375
0 0.55546875 0.50234375 0.07421875 0.115625
0 0.41875 0.51484375 0.0265625 0.0359375
0 0.4390625 0.5234375 0.009375 0.0109375
0 0.38671875 0.51484375 0.02265625 0.01796875
0 0.346875 0.50390625 0.03984375 0.040625
0 0.2953125 0.496875 0.03984375 0.0515625
0 0.2484375 0.4875 0.06015625 0.0765625
0 0.93203125 0.67578125 0.13359375 0.384375