0 0.4578125 0.64765625 0.0140625 0.01796875
0 0.46875 0.65 0.01015625 0.021875
0 0.47578125 0.65078125 0.0140625 0.01796875
0 0.40703125 0.64765625 0.01484375 0.01796875
0 0.378125 0.653125 0.0171875 0.021875
0 0.34375 0.653125 0.01640625 0.03203125
0 0.32890625 0.6546875 0.01875 0.0359375
0 0.159375 0.6640625 0.103125 0.096875
0 0.27421875 0.68203125 0.11015625 0.11796875
2 0.4328125 0.6328125 0.00859375 0.01796875
2 0.453125 0.6328125 0.00859375 0.01796875
3 0.396875 0.61640625 0.0078125 0.021875
3 0.3859375 0.61484375 0.00859375 0.01796875
3 0.38046875 0.61484375 0.0078125 0.01796875
3 0.2828125 0.59609375 0.04921875 0.0234375
0 0.44375 0.6609375 0.03125 0.05
0 0.53125 0.68828125 0.0640625 0.090625
0 0.0859375 0.65546875 0.0609375 0.04609375
0 0.0296875 0.653125 0.05703125 0.06640625
0 0.0109375 0.69296875 0.021875 0.0984375
3 0.03828125 0.58359375 0.01640625 0.034375
0 0.353125 0.6515625 0.01484375 0.02890625