0 0.475 0.57578125 0.196875 0.340625
0 0.340625 0.49375 0.09140625 0.1109375
0 0.2921875 0.48671875 0.04921875 0.10390625
2 0.315625 0.19375 0.0109375 0.059375
2 0.59765625 0.184375 0.0140625 0.03203125
2 0.64140625 0.290625 0.01171875 0.03203125
2 0.453125 0.3953125 0.00703125 0.015625
2 0.3984375 0.3875 0.009375 0.02109375
2 0.16328125 0.3921875 0.01484375 0.03046875
2 0.33046875 0.1953125 0.01640625 0.05703125
2 0.6875 0.40390625 0.01015625 0.01796875
3 0.1765625 0.2921875 0.03046875 0.015625
3 0.640625 0.35703125 0.0265625 0.015625
2 0.93671875 0.37109375 0.02265625 0.0484375
3 0.9328125 0.2765625 0.03125 0.05390625
1 0.8109375 0.5046875 0.025 0.13046875
1 0.5578125 0.48203125 0.01328125 0.059375
2 0.53046875 0.39140625 0.0140625 0.01640625