0 0.11875 0.5078125 0.23515625 0.31640625
0 0.47109375 0.51171875 0.2390625 0.375
0 0.26328125 0.4765625 0.096875 0.125
0 0.3078125 0.45390625 0.04765625 0.10546875
0 0.3546875 0.48359375 0.0515625 0.1515625
3 0.596875 0.23046875 0.0375 0.04609375
3 0.6109375 0.284375 0.01875 0.02109375
3 0.58515625 0.278125 0.0171875 0.01796875
3 0.5953125 0.303125 0.02578125 0.01796875
3 0.4859375 0.315625 0.0171875 0.021875
2 0.26171875 0.35078125 0.00703125 0.0265625
2 0.6109375 0.340625 0.01484375 0.0265625