0 0.05703125 0.58828125 0.11328125 0.2875
0 0.053125 0.4890625 0.0515625 0.05
0 0.1703125 0.525 0.209375 0.2125
0 0.33671875 0.48828125 0.03359375 0.04140625
0 0.4125 0.49453125 0.03671875 0.07890625
0 0.534375 0.303125 0.06640625 0.028125
0 0.446875 0.31015625 0.034375 0.01796875
0 0.40625 0.31484375 0.03125 0.01640625
0 0.3421875 0.31640625 0.0453125 0.0234375
0 0.2890625 0.3171875 0.04140625 0.0265625
0 0.4828125 0.315625 0.01953125 0.015625
0 0.4890625 0.5140625 0.1359375 0.23046875
3 0.5171875 0.07734375 0.06640625 0.0359375
3 0.4890625 0.1703125 0.12265625 0.140625
3 0.5875 0.17109375 0.02421875 0.05859375
3 0.5734375 0.37578125 0.01328125 0.0125
3 0.634375 0.30390625 0.03828125 0.0875
3 0.478125 0.3921875 0.0375 0.0140625
3 0.525 0.390625 0.0265625 0.0140625
3 0.1046875 0.24375 0.0046875 0.02109375
2 0.1109375 0.2578125 0.0046875 0.01796875