3 0.4875 0.24609375 0.0328125 0.065625
3 0.440625 0.359375 0.00859375 0.015625
3 0.38671875 0.3359375 0.0078125 0.01796875
3 0.584375 0.29453125 0.0171875 0.05859375
0 0.471875 0.384375 0.0171875 0.021875
0 0.4953125 0.390625 0.01171875 0.02109375
0 0.5078125 0.39296875 0.0125 0.0265625
0 0.5265625 0.3984375 0.0234375 0.025
0 0.434375 0.40703125 0.04921875 0.07109375
0 0.31171875 0.39921875 0.02578125 0.021875
0 0.28984375 0.4046875 0.0171875 0.02890625
0 0.2609375 0.403125 0.03359375 0.04296875
0 0.18125 0.415625 0.046875 0.04296875
0 0.0515625 0.45 0.06328125 0.06640625
0 0.4078125 0.39453125 0.01015625 0.03359375