2 0.384375 0.2953125 0.00703125 0.025
2 0.47109375 0.2984375 0.00703125 0.01640625
3 0.6359375 0.25703125 0.01796875 0.025
3 0.63671875 0.29453125 0.01953125 0.02890625
0 0.453125 0.3765625 0.009375 0.01640625
0 0.46875 0.375 0.0109375 0.01953125
0 0.43984375 0.3734375 0.00703125 0.02109375
0 0.43125 0.375 0.01875 0.03203125
0 0.4140625 0.36875 0.01328125 0.015625
0 0.4046875 0.375 0.0140625 0.0234375
0 0.3921875 0.37578125 0.01640625 0.025
0 0.37734375 0.37734375 0.01640625 0.028125
0 0.3484375 0.39296875 0.05546875 0.06796875
3 0.3578125 0.31875 0.0109375 0.0125
3 0.51953125 0.321875 0.015625 0.00703125
0 0.5015625 0.38671875 0.04296875 0.06796875
0 0.51875 0.4015625 0.04921875 0.071875
0 0.5625 0.37265625 0.04140625 0.04453125
0 0.57265625 0.39765625 0.0546875 0.0734375
1 0.753125 0.3890625 0.01640625 0.096875
1 0.73984375 0.38984375 0.01640625 0.075
3 0.2984375 0.33828125 0.0125 0.0140625
0 0.2578125 0.396875 0.04765625 0.06953125
0 0.065625 0.41015625 0.0875 0.128125
0 0.0140625 0.41953125 0.02734375 0.134375
0 0.1640625 0.41953125 0.1640625 0.1640625
1 0.640625 0.3671875 0.0109375 0.028125