3 0.5765625 0.246875 0.01953125 0.04140625
3 0.465625 0.28046875 0.01328125 0.02109375
3 0.48671875 0.2484375 0.0078125 0.01796875
3 0.3953125 0.246875 0.03828125 0.04140625
3 0.35546875 0.24296875 0.040625 0.04453125
3 0.33984375 0.27734375 0.0171875 0.01953125
0 0.340625 0.31484375 0.01875 0.03359375
0 0.3171875 0.31328125 0.0328125 0.04453125
0 0.384375 0.30859375 0.0171875 0.0265625
0 0.465625 0.309375 0.01875 0.028125
0 0.1328125 0.32734375 0.06171875 0.0859375
0 0.2046875 0.31953125 0.05546875 0.065625
0 0.365625 0.3203125 0.03046875 0.040625
0 0.425 0.3296875 0.06484375 0.109375
0 0.26875 0.353125 0.1 0.1140625
0 0.4953125 0.31328125 0.015625 0.0265625
0 0.48203125 0.278125 0.01484375 0.01640625
0 0.07734375 0.42109375 0.1546875 0.38203125
3 0.4046875 0.221875 0.0140625 0.0125