3 0.3078125 0.21796875 0.0328125 0.0140625
3 0.275 0.23125 0.02890625 0.0265625
3 0.6078125 0.35546875 0.0171875 0.05859375
3 0.60625 0.25390625 0.01484375 0.0265625
2 0.6109375 0.31171875 0.0125 0.02109375
2 0.33671875 0.22265625 0.00859375 0.04296875
2 0.45 0.15078125 0.01171875 0.04140625
2 0.46875 0.15625 0.0125 0.04140625
2 0.62421875 0.296875 0.0109375 0.040625
2 0.59375 0.3421875 0.00859375 0.0359375
0 0.653125 0.5171875 0.1953125 0.21953125
0 0.4796875 0.40546875 0.0359375 0.04453125
0 0.43125 0.39453125 0.03046875 0.0359375
0 0.3640625 0.378125 0.01640625 0.0234375
0 0.3875 0.3875 0.01484375 0.01953125
0 0.45859375 0.390625 0.01484375 0.015625
3 0.4140625 0.328125 0.01328125 0.0265625
3 0.43125 0.3328125 0.01640625 0.01640625
0 0.3921875 0.37734375 0.0203125 0.02890625
3 0.54921875 0.35625 0.0125 0.015625