0 0.5078125 0.49375 0.00390625 0.0140625
0 0.51328125 0.49453125 0.00546875 0.0125
0 0.51875 0.4953125 0.00546875 0.01640625
0 0.521875 0.496875 0.00546875 0.015625
0 0.5265625 0.49609375 0.00390625 0.015625
0 0.53125 0.49609375 0.00546875 0.01796875
0 0.5375 0.496875 0.00625 0.01953125
0 0.54609375 0.496875 0.009375 0.01796875
0 0.55546875 0.5 0.0078125 0.02109375
0 0.5640625 0.5 0.0078125 0.0234375
0 0.446875 0.50546875 0.00703125 0.01640625
0 0.440625 0.50625 0.00703125 0.01796875
0 0.41640625 0.5109375 0.00859375 0.0234375
0 0.403125 0.51015625 0.0203125 0.03203125
0 0.3828125 0.51484375 0.02265625 0.034375
0 0.3625 0.521875 0.01796875 0.034375
0 0.3453125 0.5234375 0.02421875 0.05
0 0.4578125 0.503125 0.01171875 0.01640625
0 0.47109375 0.50078125 0.01171875 0.015625
0 0.590625 0.49375 0.0359375 0.046875
2 0.2015625 0.36171875 0.0140625 0.028125
2 0.34296875 0.33984375 0.0109375 0.03203125
2 0.35625 0.33984375 0.00859375 0.034375
2 0.2015625 0.396875 0.01484375 0.03046875
2 0.725 0.3265625 0.0125 0.04296875
2 0.78671875 0.11328125 0.0171875 0.08203125
2 0.1921875 0.465625 0.01171875 0.028125
2 0.453125 0.4328125 0.00859375 0.01953125
2 0.47421875 0.4640625 0.0078125 0.015625
2 0.484375 0.471875 0.00625 0.015625
2 0.5171875 0.43203125 0.0078125 0.01796875
2 0.5171875 0.465625 0.00703125 0.01953125
2 0.509375 0.47265625 0.00625 0.0125
2 0.50546875 0.478125 0.00703125 0.0109375
2 0.7265625 0.42578125 0.00703125 0.021875
2 0.7625 0.11875 0.02421875 0.075
0 0.315625 0.53046875 0.046875 0.0625
3 0.5640625 0.4375 0.0078125 0.009375
2 0.80390625 0.115625 0.01796875 0.078125
2 0.74140625 0.42421875 0.0140625 0.03359375
0 0.43125 0.509375 0.0125 0.01796875
0 0.571875 0.50078125 0.009375 0.03046875