0 0.153125 0.58515625 0.07578125 0.084375
0 0.178125 0.55859375 0.078125 0.1
0 0.321875 0.540625 0.03203125 0.05546875
0 0.2671875 0.5453125 0.0734375 0.07890625
0 0.36953125 0.5265625 0.03125 0.04140625
0 0.390625 0.525 0.0203125 0.034375
0 0.43046875 0.51640625 0.02109375 0.01953125
0 0.45625 0.5140625 0.02734375 0.025
0 0.9515625 0.5515625 0.0953125 0.20859375
0 0.8375 0.53515625 0.1359375 0.14609375
0 0.74609375 0.5328125 0.08671875 0.0984375
0 0.6875 0.52734375 0.04453125 0.08359375
0 0.64375 0.521875 0.04453125 0.0765625
0 0.61796875 0.521875 0.025 0.05546875
0 0.6 0.5203125 0.0140625 0.0484375
0 0.58203125 0.5171875 0.025 0.0484375
0 0.55859375 0.5125 0.01875 0.04140625
0 0.53984375 0.5078125 0.0171875 0.034375
0 0.52421875 0.509375 0.0140625 0.01953125
0 0.509375 0.50859375 0.0140625 0.0140625
0 0.496875 0.509375 0.00859375 0.01796875
0 0.48203125 0.5078125 0.00859375 0.0125
0 0.2109375 0.553125 0.01171875 0.0265625
2 0.39921875 0.409375 0.01015625 0.0234375
2 0.509375 0.40859375 0.009375 0.021875
2 0.48828125 0.4828125 0.00546875 0.0125
2 0.5125 0.46953125 0.00703125 0.01640625
2 0.5265625 0.47578125 0.0046875 0.015625
2 0.453125 0.47734375 0.00703125 0.0125
2 0.41875 0.48046875 0.00703125 0.0125
2 0.459375 0.48203125 0.00625 0.0125
2 0.6390625 0.4609375 0.00703125 0.01796875
3 0.59765625 0.4734375 0.00625 0.015625
3 0.615625 0.3890625 0.01484375 0.01796875
0 0.40625 0.52265625 0.0140625 0.0234375