2 0.18515625 0.48125 0.009375 0.0359375
2 0.3875 0.446875 0.009375 0.0265625
2 0.4453125 0.496875 0.00546875 0.021875
2 0.07109375 0.50390625 0.01171875 0.0375
2 0.1953125 0.48203125 0.00859375 0.028125
0 0.465625 0.53515625 0.10703125 0.04453125
0 0.3921875 0.56328125 0.0234375 0.0234375
0 0.31875 0.5796875 0.0296875 0.03359375
1 0.221875 0.615625 0.05078125 0.03359375
1 0.553125 0.54453125 0.01953125 0.05546875
1 0.57421875 0.54140625 0.01953125 0.078125
0 0.44375 0.7765625 0.38671875 0.44296875
3 0.440625 0.44921875 0.01875 0.02109375
3 0.059375 0.4625 0.0234375 0.0234375
3 0.0625 0.55625 0.01171875 0.046875