2 0.3859375 0.43515625 0.00625 0.0265625
2 0.18359375 0.46953125 0.0046875 0.0234375
2 0.14375 0.5734375 0.01015625 0.015625
2 0.371875 0.51171875 0.0046875 0.021875
2 0.4453125 0.49453125 0.00234375 0.021875
2 0.471875 0.496875 0.0046875 0.01796875
2 0.50234375 0.50859375 0.00703125 0.01953125
2 0.44375 0.5234375 0.0046875 0.01953125
2 0.403125 0.5328125 0.0046875 0.01953125
2 0.453125 0.534375 0.00703125 0.01953125
2 0.1546875 0.5734375 0.00625 0.01953125
2 0.19375 0.47734375 0.0109375 0.03046875
0 0.3171875 0.575 0.021875 0.0265625
0 0.30625 0.58359375 0.0171875 0.0265625
0 0.2859375 0.58828125 0.0296875 0.034375
0 0.22734375 0.61328125 0.040625 0.0375
0 0.19609375 0.6234375 0.046875 0.05
1 0.1515625 0.63125 0.0171875 0.0609375
1 0.5453125 0.53359375 0.01484375 0.053125
1 0.53046875 0.53359375 0.01015625 0.034375
1 0.6046875 0.55078125 0.0265625 0.121875
1 0.584375 0.55859375 0.021875 0.1109375
0 0.56328125 0.5375 0.0171875 0.046875
0 0.459375 0.546875 0.046875 0.021875
0 0.38515625 0.55546875 0.0109375 0.0125
0 0.40234375 0.55625 0.0109375 0.01953125
0 0.4453125 0.775 0.38984375 0.44453125
3 0.44296875 0.44765625 0.01640625 0.015625
2 0.071875 0.50625 0.01171875 0.034375
3 0.0625 0.4609375 0.02421875 0.0140625
3 0.065625 0.47421875 0.0125 0.0125
3 0.05859375 0.528125 0.015625 0.015625
2 0.0578125 0.58515625 0.02109375 0.02109375