0 0.2984375 0.6140625 0.07265625 0.0875
0 0.5078125 0.56484375 0.0375 0.046875
0 0.45703125 0.5640625 0.0328125 0.05
0 0.3953125 0.57421875 0.02890625 0.05
0 0.2578125 0.6078125 0.03984375 0.078125
0 0.421875 0.57109375 0.02109375 0.03046875
0 0.3703125 0.575 0.02109375 0.034375
0 0.53125 0.55859375 0.01015625 0.034375
0 0.48515625 0.5578125 0.01640625 0.0375
1 0.584375 0.5515625 0.009375 0.0375
1 0.6703125 0.55234375 0.01953125 0.071875
1 0.80390625 0.53984375 0.02421875 0.11796875
1 0.56484375 0.55546875 0.00703125 0.02890625
1 0.603125 0.5640625 0.0140625 0.0625
1 0.578125 0.553125 0.009375 0.04140625
3 0.640625 0.34609375 0.021875 0.05703125
3 0.17109375 0.471875 0.01953125 0.0375
3 0.86875 0.4078125 0.03828125 0.06640625
2 0.415625 0.5015625 0.003125 0.02109375
2 0.4921875 0.49296875 0.0046875 0.02109375
2 0.54140625 0.47734375 0.0046875 0.021875