2 0.3265625 0.43515625 0.01171875 0.03203125
2 0.45625 0.446875 0.0078125 0.040625
2 0.16328125 0.41484375 0.0109375 0.0125
2 0.3390625 0.428125 0.0078125 0.03203125
2 0.725 0.4421875 0.0203125 0.025
2 0.1546875 0.55 0.01328125 0.01640625
2 0.76015625 0.3921875 0.0078125 0.025
3 0.7421875 0.34453125 0.0328125 0.028125
3 0.74375 0.3828125 0.02734375 0.0484375
3 0.38359375 0.48984375 0.01171875 0.0265625
1 0.228125 0.59453125 0.0109375 0.05546875
1 0.2171875 0.59609375 0.01171875 0.0515625
1 0.20625 0.59609375 0.01015625 0.0484375
1 0.203125 0.596875 0.01015625 0.0390625
1 0.14609375 0.60859375 0.0109375 0.07109375
1 0.13125 0.609375 0.01875 0.08046875
0 0.275 0.596875 0.04921875 0.0640625
0 0.8140625 0.6609375 0.3703125 0.38359375
0 0.96953125 0.75859375 0.05859375 0.22109375