2 0.2609375 0.278125 0.00859375 0.04140625
2 0.271875 0.278125 0.0109375 0.046875
2 0.5828125 0.378125 0.01953125 0.03046875
3 0.5171875 0.38046875 0.01328125 0.0125
3 0.5703125 0.340625 0.0265625 0.015625
3 0.5234375 0.36796875 0.01484375 0.00859375
2 0.4234375 0.3140625 0.00859375 0.03046875
3 0.2 0.37421875 0.0203125 0.0140625
3 0.04375 0.28203125 0.0171875 0.0265625
2 0.03203125 0.384375 0.0171875 0.03046875
1 0.2078125 0.4671875 0.0078125 0.040625
1 0.1578125 0.47578125 0.015625 0.06796875
1 0.1015625 0.49296875 0.01171875 0.09140625
1 0.10625 0.4890625 0.00546875 0.05546875
1 0.0375 0.48203125 0.0171875 0.06953125
1 0.015625 0.44765625 0.01171875 0.01953125
0 0.3875 0.4453125 0.009375 0.0234375
0 0.37421875 0.45078125 0.01171875 0.02109375
0 0.36171875 0.45 0.0078125 0.01953125
0 0.34765625 0.45859375 0.0265625 0.0359375
0 0.31875 0.46015625 0.01484375 0.040625
0 0.4578125 0.453125 0.02890625 0.046875
0 0.4234375 0.46953125 0.0546875 0.08359375
0 0.27890625 0.4671875 0.0703125 0.084375
0 0.5640625 0.48359375 0.0703125 0.1390625
0 0.63515625 0.49765625 0.146875 0.23046875
0 0.8171875 0.553125 0.365625 0.51796875
0 0.0078125 0.528125 0.0125 0.0765625