3 0.32890625 0.3640625 0.028125 0.05546875
3 0.290625 0.3984375 0.0078125 0.0140625
3 0.353125 0.40546875 0.00859375 0.0140625
3 0.28203125 0.39609375 0.00859375 0.01953125
3 0.53125 0.38515625 0.01328125 0.02890625
3 0.4671875 0.4 0.02109375 0.02109375
3 0.328125 0.3953125 0.0125 0.02109375
0 0.27734375 0.4140625 0.0109375 0.01640625
0 0.2984375 0.41328125 0.00859375 0.0125
0 0.3078125 0.4140625 0.0109375 0.0140625
0 0.31796875 0.415625 0.009375 0.01640625
0 0.3265625 0.41953125 0.0109375 0.009375
0 0.3328125 0.42109375 0.0078125 0.0140625
0 0.3375 0.42265625 0.0078125 0.0140625
0 0.34453125 0.42421875 0.0125 0.01640625
0 0.3546875 0.4265625 0.0125 0.03046875
0 0.44921875 0.42421875 0.01328125 0.03046875
0 0.4703125 0.45 0.03984375 0.0640625
0 0.48359375 0.465625 0.05234375 0.071875
0 0.57578125 0.45 0.04765625 0.05
0 0.53359375 0.4828125 0.09296875 0.11953125
0 0.2890625 0.42109375 0.0171875 0.0234375
0 0.4 0.471875 0.11328125 0.171875
0 0.7125 0.53125 0.2875 0.35859375
0 0.965625 0.50859375 0.040625 0.02890625