0 0.875 0.72421875 0.24921875 0.515625
0 0.33125 0.6828125 0.13203125 0.14453125
0 0.515625 0.67421875 0.1453125 0.23203125
0 0.71171875 0.6671875 0.128125 0.15390625
0 0.6484375 0.61953125 0.08984375 0.1484375
0 0.3796875 0.6515625 0.0671875 0.096875
0 0.415625 0.634375 0.0359375 0.0640625
0 0.440625 0.62421875 0.03671875 0.0484375
0 0.5984375 0.62734375 0.02421875 0.0734375
0 0.59609375 0.61640625 0.03828125 0.0890625
0 0.5765625 0.6 0.02421875 0.03046875
3 0.909375 0.171875 0.06796875 0.159375