2 0.4375 0.02265625 0.01640625 0.04296875
2 0.4546875 0.021875 0.01796875 0.04296875
2 0.42265625 0.01640625 0.0109375 0.0328125
3 0.0578125 0.02265625 0.0625 0.0453125
3 0.65859375 0.06640625 0.0796875 0.1328125
2 0.825 0.115625 0.01875 0.0375
2 0.8953125 0.096875 0.059375 0.0984375
2 0.4984375 0.2640625 0.00703125 0.0234375
2 0.5359375 0.31640625 0.009375 0.01640625
2 0.5015625 0.31875 0.0078125 0.01796875
2 0.378125 0.2328125 0.0078125 0.03203125
2 0.0796875 0.1703125 0.01953125 0.05
2 0.096875 0.15390625 0.0140625 0.03359375
2 0.0453125 0.25078125 0.0578125 0.05703125
3 0.0390625 0.340625 0.03046875 0.03046875
3 0.06015625 0.1625 0.03125 0.0859375
3 0.0234375 0.30390625 0.01484375 0.0390625
2 0.6234375 0.2921875 0.01328125 0.01796875
2 0.8140625 0.28359375 0.0109375 0.0234375
3 0.6046875 0.296875 0.015625 0.00859375
3 0.7015625 0.2203125 0.03046875 0.0109375
0 0.52578125 0.3578125 0.01796875 0.034375
2 0.5109375 0.3234375 0.01171875 0.01953125
0 0.5390625 0.35625 0.009375 0.01796875
0 0.55 0.35390625 0.009375 0.0234375
2 0.54765625 0.325 0.00703125 0.0140625
0 0.55859375 0.35078125 0.00703125 0.015625
0 0.5640625 0.365625 0.0125 0.0234375
0 0.7625 0.353125 0.0828125 0.059375
0 0.45 0.3703125 0.02421875 0.0265625
0 0.42109375 0.37734375 0.021875 0.0234375
0 0.3953125 0.38359375 0.028125 0.02890625
0 0.35703125 0.396875 0.028125 0.0265625
0 0.30625 0.42421875 0.09609375 0.12109375
0 0.184375 0.47578125 0.21953125 0.22890625
0 0.040625 0.4421875 0.08046875 0.12890625
0 0.0453125 0.64296875 0.090625 0.2734375
3 0.32109375 0.31875 0.0140625 0.015625
3 0.328125 0.26015625 0.01640625 0.0390625
0 0.5015625 0.371875 0.04296875 0.071875
0 0.47734375 0.35390625 0.0125 0.0234375
0 0.58046875 0.36484375 0.01796875 0.01796875
2 0.3296875 0.3421875 0.01171875 0.01953125
3 0.665625 0.04921875 0.0671875 0.0984375