0 0.475 0.540625 0.015625 0.015625
0 0.4109375 0.55625 0.02890625 0.034375
0 0.353125 0.5625 0.025 0.0484375
0 0.2546875 0.58046875 0.0625 0.071875
0 0.209375 0.58515625 0.03125 0.09140625
0 0.1078125 0.6234375 0.2125 0.2015625
0 0.309375 0.5828125 0.07734375 0.096875
0 0.378125 0.56484375 0.05 0.065625
0 0.4609375 0.546875 0.0109375 0.01640625
0 0.50703125 0.540625 0.01328125 0.01640625
0 0.490625 0.54140625 0.01875 0.01640625
0 0.5734375 0.55078125 0.0328125 0.04296875
3 0.7640625 0.34375 0.02890625 0.1109375
3 0.7734375 0.43203125 0.0203125 0.0640625
3 0.97890625 0.1859375 0.03828125 0.071875
3 0.99375 0.2484375 0.0109375 0.046875
3 0.965625 0.2421875 0.02734375 0.02109375
3 0.98984375 0.50625 0.01640625 0.0765625
0 0.5390625 0.540625 0.01796875 0.01640625