2 0.5796875 0.38125 0.01015625 0.0390625
2 0.384375 0.42890625 0.00703125 0.0265625
2 0.63203125 0.421875 0.00703125 0.0265625
2 0.6734375 0.465625 0.01015625 0.01796875
3 0.35625 0.45078125 0.02578125 0.0125
3 0.6328125 0.39453125 0.0328125 0.0125
2 0.5078125 0.48984375 0.0046875 0.021875
2 0.54375 0.490625 0.0046875 0.0234375
0 0.54765625 0.509375 0.01953125 0.034375
0 0.52421875 0.509375 0.0265625 0.04296875
0 0.4953125 0.515625 0.01953125 0.0265625
0 0.471875 0.5171875 0.01953125 0.01953125
0 0.44921875 0.5203125 0.0265625 0.021875
0 0.403125 0.528125 0.065625 0.05390625
0 0.27890625 0.55078125 0.071875 0.0515625
0 0.1734375 0.55546875 0.0515625 0.0390625
0 0.646875 0.5125 0.021875 0.03359375
0 0.6578125 0.52578125 0.01484375 0.05859375
0 0.68203125 0.51796875 0.04375 0.09609375
0 0.72890625 0.52265625 0.090625 0.10390625
0 0.8 0.5296875 0.07734375 0.14609375
0 0.5953125 0.55546875 0.109375 0.153125