0 0.59375 0.515625 0.02734375 0.046875
0 0.6484375 0.54609375 0.0890625 0.14609375
0 0.4109375 0.515625 0.02265625 0.03046875
0 0.23671875 0.53359375 0.05703125 0.07890625
0 0.04921875 0.57265625 0.0984375 0.11953125
0 0.1515625 0.56875 0.1234375 0.1015625
0 0.3015625 0.540625 0.08125 0.096875
0 0.50703125 0.55625 0.1796875 0.3375
0 0.9796875 0.5515625 0.03984375 0.178125
0 0.8296875 0.58828125 0.33828125 0.38359375
2 0.353125 0.14765625 0.02265625 0.0484375
2 0.3515625 0.18828125 0.02578125 0.05
3 0.3578125 0.240625 0.05703125 0.0359375
3 0.3546875 0.421875 0.034375 0.065625
3 0.27265625 0.44296875 0.01328125 0.02109375
2 0.4859375 0.4125 0.0078125 0.0234375
2 0.59453125 0.43125 0.0109375 0.01640625
3 0.65625 0.45078125 0.01171875 0.0234375
3 0.3515625 0.353125 0.03671875 0.0609375
3 0.4421875 0.39453125 0.0203125 0.0390625