1 0.1078125 0.55546875 0.040625 0.14296875
1 0.0609375 0.521875 0.015625 0.090625
1 0.8828125 0.596875 0.0515625 0.21640625
1 0.32109375 0.51328125 0.01796875 0.09140625
0 0.4828125 0.71953125 0.32265625 0.4609375
0 0.6640625 0.5421875 0.08046875 0.078125
0 0.178125 0.528125 0.11171875 0.09140625
0 0.6125 0.5421875 0.02421875 0.0390625
0 0.9578125 0.54609375 0.08046875 0.090625
1 0.3765625 0.52109375 0.0234375 0.053125
1 0.2953125 0.515625 0.01875 0.0875
2 0.29296875 0.396875 0.01328125 0.0390625
2 0.778125 0.403125 0.01640625 0.04609375
2 0.28984375 0.44453125 0.0125 0.021875
3 0.365625 0.434375 0.0234375 0.0359375
3 0.7734375 0.31640625 0.03515625 0.01953125
3 0.7734375 0.34453125 0.0203125 0.021875
3 0.4984375 0.4609375 0.0109375 0.0265625
3 0.1390625 0.4296875 0.009375 0.0265625
3 0.1390625 0.4015625 0.0125 0.02890625
3 0.8453125 0.5265625 0.0296875 0.0265625