0 0.3234375 0.4359375 0.02109375 0.05703125
0 0.30390625 0.43984375 0.03828125 0.06796875
0 0.51640625 0.45234375 0.04375 0.07109375
0 0.55 0.46875 0.07109375 0.0984375
0 0.571875 0.48671875 0.04375 0.09140625
0 0.6125 0.51484375 0.0859375 0.11953125
0 0.6359375 0.45 0.04453125 0.03359375
0 0.7265625 0.52265625 0.21484375 0.25859375
0 0.88125 0.59921875 0.23203125 0.3890625
0 0.2671875 0.45390625 0.059375 0.0640625
0 0.35078125 0.440625 0.02890625 0.0390625
0 0.14765625 0.42109375 0.1 0.09140625
3 0.4828125 0.403125 0.0078125 0.0234375
3 0.4890625 0.4078125 0.0109375 0.0234375