0 0.0375 0.46171875 0.07265625 0.1734375
0 0.8578125 0.61015625 0.28125 0.34296875
3 0.453125 0.46015625 0.009375 0.01640625
0 0.4640625 0.4859375 0.0140625 0.028125
0 0.45078125 0.490625 0.0203125 0.040625
0 0.446875 0.49453125 0.01640625 0.040625
0 0.4265625 0.4953125 0.0359375 0.05546875
0 0.3890625 0.5015625 0.05703125 0.1015625
0 0.5125 0.49296875 0.01015625 0.02890625
0 0.51953125 0.4953125 0.015625 0.03359375
0 0.528125 0.49609375 0.02109375 0.0375
0 0.53125 0.5015625 0.01484375 0.0359375
0 0.54765625 0.503125 0.03359375 0.05859375
0 0.55390625 0.5109375 0.0296875 0.0625
0 0.5734375 0.509375 0.03671875 0.08359375
0 0.6140625 0.51875 0.0796875 0.11796875
0 0.6640625 0.546875 0.11328125 0.1265625
0 0.21171875 0.46171875 0.04921875 0.06640625
0 0.35859375 0.51328125 0.0859375 0.10390625
0 0.4859375 0.48671875 0.0109375 0.0125