3 0.0265625 0.21328125 0.01875 0.01640625
3 0.0375 0.265625 0.01171875 0.0234375
3 0.0390625 0.29375 0.01171875 0.02890625
3 0.3578125 0.38046875 0.0171875 0.01953125
3 0.4 0.37421875 0.009375 0.01640625
3 0.79921875 0.30234375 0.01171875 0.0359375
3 0.8046875 0.36328125 0.01171875 0.0125
2 0.49453125 0.296875 0.0046875 0.021875
2 0.6921875 0.2875 0.00859375 0.03046875
2 0.2984375 0.203125 0.01328125 0.021875
2 0.3609375 0.29453125 0.00703125 0.028125
2 0.6828125 0.28671875 0.0078125 0.02890625
2 0.7890625 0.390625 0.0125 0.015625
0 0.725 0.5109375 0.3078125 0.40546875
3 0.60234375 0.3671875 0.0078125 0.0234375
0 0.4515625 0.4453125 0.0671875 0.10390625
0 0.540625 0.421875 0.0484375 0.078125
0 0.4015625 0.421875 0.03515625 0.046875
1 0.38125 0.4234375 0.0109375 0.05390625
1 0.9234375 0.48203125 0.01328125 0.096875
1 0.93828125 0.47890625 0.02265625 0.10546875
1 0.82578125 0.4375 0.01171875 0.02890625
1 0.8375 0.440625 0.009375 0.04140625
0 0.596875 0.42421875 0.02734375 0.028125
0 0.89765625 0.4578125 0.11484375 0.071875