0 0.89296875 0.634375 0.06015625 0.275
0 0.82109375 0.5375 0.22109375 0.2890625
0 0.70546875 0.4953125 0.1109375 0.1640625
0 0.6296875 0.47109375 0.078125 0.12109375
0 0.628125 0.4375 0.0890625 0.12109375
0 0.5796875 0.44140625 0.0234375 0.065625
0 0.565625 0.4359375 0.021875 0.0515625
0 0.553125 0.4296875 0.0140625 0.0359375
0 0.546875 0.425 0.01171875 0.034375
0 0.5359375 0.4171875 0.009375 0.025
0 0.43203125 0.4328125 0.053125 0.08046875
0 0.4671875 0.42265625 0.03203125 0.05546875
0 0.47890625 0.41875 0.01640625 0.0359375
0 0.4875 0.4140625 0.0140625 0.034375
0 0.4953125 0.415625 0.009375 0.02109375
0 0.3140625 0.4203125 0.0421875 0.0609375
0 0.21875 0.4421875 0.109375 0.09453125
0 0.365625 0.45859375 0.1078125 0.1265625
0 0.5140625 0.421875 0.02265625 0.03046875
0 0.0875 0.4203125 0.01484375 0.03046875
0 0.0859375 0.43828125 0.0171875 0.025
0 0.5421875 0.41953125 0.01015625 0.03046875
0 0.53046875 0.415625 0.00703125 0.025